2.67832e-15
1.66668e-08
7.14638e-06
7.1179e-06
7.19133e-06
7.1528e-06
7.22656e-06
1.10315e-05
1.47963e-05
1.47349e-05
1.46596e-05
1.45919e-05
1.45129e-05
1.44351e-05
1.43593e-05
1.42773e-05
1.42028e-05
1.70841e-05
1.69903e-05
1.68976e-05
1.92341e-05
1.91392e-05
1.90481e-05
1.89597e-05
1.88728e-05
1.8775e-05
1.86786e-05
1.85835e-05
1.8498e-05
2.26734e-05
2.28523e-05
2.29063e-05
2.66965e-05
2.98605e-05
2.97228e-05
2.95901e-05
2.94425e-05
2.93016e-05
3.29841e-05
3.28416e-05
3.26919e-05
3.25333e-05
3.50461e-05
3.71946e-05
4.04728e-05
4.42413e-05
4.74774e-05
5.05515e-05
5.33441e-05
5.3122e-05
5.33099e-05
5.33356e-05
5.37089e-05
5.40067e-05
5.37585e-05
5.35134e-05
5.37682e-05
5.36841e-05
5.35375e-05
5.33553e-05
5.31172e-05
5.28818e-05
5.26507e-05
5.24479e-05
5.52697e-05
5.80111e-05
5.77642e-05
5.75259e-05
6.00292e-05
6.08248e-05
6.14336e-05
6.1889e-05
6.23282e-05
6.2079e-05
6.30837e-05
6.39316e-05
6.47482e-05
6.52755e-05
6.56469e-05
6.5662e-05
6.57483e-05
6.54812e-05
6.52196e-05
6.53507e-05
6.57361e-05
6.59511e-05
6.58079e-05
6.6121e-05
6.65867e-05
6.7172e-05
6.77477e-05
6.7507e-05
6.73142e-05
6.70819e-05
6.8386e-05
6.81483e-05
6.78965e-05
6.7654e-05
6.74535e-05
6.72372e-05
6.70236e-05
6.68088e-05
6.65903e-05
6.63651e-05
6.61227e-05
6.71466e-05
6.69917e-05
6.67464e-05
6.86394e-05
7.02922e-05
7.17425e-05
7.30574e-05
7.29329e-05
7.26868e-05
7.24265e-05
7.2172e-05
7.30082e-05
7.28503e-05
7.26716e-05
7.24759e-05
7.35193e-05
7.4386e-05
7.52176e-05
7.59855e-05
7.65434e-05
7.78101e-05
7.78175e-05
7.75507e-05
7.72878e-05
7.71564e-05
