2.67832e-15
1.66668e-08
7.14638e-06
7.1179e-06
7.19133e-06
7.1528e-06
7.22656e-06
1.10315e-05
1.47963e-05
1.47349e-05
1.46596e-05
1.45919e-05
1.45129e-05
1.44351e-05
1.43593e-05
1.42773e-05
1.42028e-05
1.70841e-05
1.69903e-05
1.68976e-05
1.92341e-05
1.91392e-05
1.90481e-05
1.89597e-05
1.88728e-05
1.8775e-05
1.86786e-05
1.85835e-05
1.8498e-05
2.26734e-05
2.28523e-05
2.29063e-05
2.66965e-05
2.98605e-05
2.97228e-05
2.95901e-05
2.94425e-05
2.93016e-05
3.29841e-05
3.28416e-05
3.26919e-05
3.25333e-05
3.50461e-05
3.71946e-05
4.04728e-05
4.42413e-05
4.74774e-05
5.05515e-05
5.33441e-05
5.3122e-05
5.33099e-05
5.33356e-05
5.37089e-05
5.40067e-05
5.37585e-05
5.35134e-05
5.37682e-05
5.36841e-05
5.35375e-05
5.33553e-05
5.31172e-05
5.28818e-05
5.26507e-05
5.24479e-05
5.52697e-05
5.80111e-05
5.77642e-05
5.75259e-05
6.00292e-05
6.08248e-05
6.14336e-05
6.1889e-05
6.23282e-05
6.2079e-05
6.30837e-05
6.39316e-05
6.51338e-05
6.60504e-05
6.61417e-05
6.58696e-05
6.56033e-05
6.57356e-05
6.61451e-05
6.65145e-05
6.70031e-05
6.76298e-05
6.82177e-05
6.79697e-05
6.77776e-05
6.75612e-05
6.88734e-05
6.86345e-05
6.83798e-05
6.81343e-05
6.79482e-05
6.77444e-05
6.75307e-05
6.7314e-05
6.70881e-05
6.68469e-05
6.66047e-05
6.76466e-05
6.74861e-05
6.72293e-05
6.91675e-05
7.08187e-05
7.22847e-05
7.36293e-05
7.35048e-05
7.32535e-05
7.29969e-05
7.27398e-05
7.35861e-05
7.34304e-05
7.3253e-05
7.30566e-05
7.40803e-05
7.4983e-05
7.58378e-05
7.65524e-05
7.71473e-05
7.8406e-05
7.84203e-05
7.81472e-05
7.7883e-05
7.7765e-05
