2.67832e-15
2.18522e-15
2.20916e-15
3.56551e-15
1.98512e-15
2.27143e-15
2.07524e-15
2.61746e-15
2.38724e-15
3.03571e-15
2.38293e-15
3.09432e-15
2.52813e-15
2.22294e-15
2.87657e-15
2.5232e-15
2.86434e-15
2.52891e-15
2.52169e-15
3.71347e-15
3.71335e-15
2.61006e-15
2.94836e-15
2.31805e-15
3.44653e-15
2.72211e-15
2.72863e-15
3.0656e-15
3.09359e-15
3.09998e-15
3.11558e-15
2.75373e-15
2.77126e-15
3.11725e-15
3.15935e-15
2.43991e-15
2.43241e-15
2.75407e-15
3.18833e-15
2.45341e-15
3.1969e-15
3.6571e-15
2.85878e-15
2.4854e-15
3.33253e-15
2.57109e-15
3.32026e-15
3.32714e-15
3.37631e-15
3.85207e-15
3.00819e-15
3.43235e-15
3.96207e-15
3.99652e-15
4.51666e-15
3.51968e-15
2.7512e-15
3.56906e-15
4.03445e-15
3.59948e-15
4.06035e-15
4.0707e-15
4.0821e-15
3.18519e-15
3.63959e-15
2.78427e-15
3.63056e-15
3.63012e-15
4.15622e-15
4.13725e-15
2.81512e-15
4.14122e-15
3.2084e-15
4.24076e-15
3.30055e-15
3.30771e-15
3.3874e-15
3.74468e-15
3.75233e-15
3.31622e-15
4.23551e-15
3.29718e-15
4.29679e-15
3.36904e-15
4.85321e-15
4.30885e-15
4.31531e-15
3.79262e-15
3.80154e-15
4.31465e-15
3.31427e-15
3.30505e-15
3.78145e-15
3.38454e-15
3.3862e-15
3.33983e-15
2.89348e-15
2.89109e-15
3.32269e-15
4.35311e-15
3.33935e-15
3.85842e-15
2.96986e-15
3.89195e-15
4.41742e-15
3.43622e-15
4.39632e-15
3.02962e-15
3.47084e-15
3.89636e-15
3.90614e-15
3.39352e-15
4.44085e-15
3.8999e-15
3.92484e-15
3.91374e-15
3.92997e-15
4.47218e-15
3.49056e-15
4.45415e-15
3.90675e-15
3.40911e-15
3.87929e-15
3.8558e-15
3.3887e-15
3.44657e-15
3.8742e-15
3.86519e-15
3.91162e-15
4.39069e-15
4.42372e-15
3.84766e-15
3.84235e-15
4.36478e-15
3.37273e-15
3.86669e-15
4.38265e-15
2.955e-15
4.88575e-15
3.81823e-15
4.32691e-15
3.89146e-15
3.34934e-15
3.86643e-15
3.83799e-15
3.37672e-15
3.88407e-15
3.85245e-15
3.37242e-15
3.86318e-15
3.34156e-15
2.96976e-15
3.83113e-15
2.92947e-15
3.36633e-15
3.86328e-15
3.85978e-15
3.35614e-15
3.85032e-15
4.39705e-15
3.34324e-15
3.41025e-15
2.96929e-15
3.86324e-15
3.40915e-15
5.00727e-15
4.45864e-15
3.02889e-15
3.4294e-15
4.9924e-15
4.47137e-15
4.9881e-15
5.02117e-15
5.02982e-15
4.46963e-15
3.93202e-15
3.93038e-15
4.45511e-15
3.98174e-15
3.07034e-15
3.01746e-15
4.51983e-15
3.9554e-15
4.00132e-15
3.99244e-15
3.04735e-15
3.99394e-15
