2.67832e-15
2.18522e-15
2.20916e-15
3.56551e-15
1.98512e-15
2.27143e-15
2.07524e-15
2.61746e-15
2.38724e-15
3.03571e-15
2.38293e-15
3.09432e-15
2.52813e-15
2.22294e-15
2.87657e-15
2.5232e-15
2.86434e-15
2.52891e-15
2.52169e-15
3.71347e-15
3.71335e-15
2.61006e-15
2.94836e-15
2.31805e-15
3.44653e-15
2.72211e-15
2.72863e-15
3.0656e-15
3.09359e-15
3.09998e-15
3.11558e-15
2.75373e-15
2.77126e-15
3.11725e-15
3.15935e-15
2.43991e-15
2.43241e-15
2.75407e-15
3.18833e-15
2.45341e-15
3.1969e-15
3.6571e-15
2.85878e-15
2.4854e-15
3.33253e-15
2.57109e-15
3.32026e-15
3.32714e-15
3.37631e-15
3.85207e-15
3.00819e-15
3.43235e-15
3.96207e-15
3.99652e-15
4.51666e-15
3.51968e-15
2.7512e-15
3.56906e-15
4.03445e-15
3.59948e-15
4.06035e-15
4.0707e-15
4.0821e-15
3.18519e-15
3.63959e-15
2.78427e-15
3.63056e-15
3.63012e-15
4.15622e-15
4.13725e-15
2.81512e-15
4.14122e-15
3.65647e-15
3.70271e-15
3.30335e-15
3.3103e-15
3.77209e-15
3.28487e-15
3.76518e-15
3.32174e-15
4.25718e-15
3.31583e-15
4.32924e-15
3.81234e-15
4.34352e-15
3.78982e-15
2.88661e-15
3.80952e-15
3.81998e-15
4.32525e-15
3.80656e-15
3.38138e-15
3.28106e-15
3.39777e-15
2.95018e-15
3.39255e-15
2.51501e-15
2.89061e-15
4.32679e-15
4.33493e-15
4.34303e-15
3.43315e-15
3.00381e-15
3.88603e-15
4.39667e-15
3.92825e-15
4.45125e-15
3.93526e-15
3.92621e-15
3.93172e-15
3.39811e-15
2.97267e-15
3.87903e-15
3.93966e-15
3.03165e-15
3.02387e-15
3.91384e-15
4.46249e-15
4.44444e-15
3.41853e-15
3.41763e-15
3.89451e-15
3.01294e-15
4.43634e-15
3.87251e-15
3.89689e-15
3.38237e-15
4.39013e-15
4.38876e-15
4.96314e-15
6.22903e-15
4.36527e-15
3.87211e-15
3.02612e-15
2.98839e-15
3.90319e-15
3.38872e-15
3.84951e-15
3.82633e-15
3.40497e-15
2.56486e-15
3.88312e-15
3.86274e-15
3.38035e-15
3.00104e-15
3.85523e-15
3.86184e-15
3.43394e-15
3.42157e-15
4.42988e-15
4.41171e-15
4.38244e-15
4.403e-15
3.85559e-15
4.4178e-15
4.94519e-15
4.39922e-15
3.41966e-15
3.86584e-15
3.37898e-15
4.38817e-15
3.86002e-15
3.89323e-15
3.04701e-15
3.41792e-15
3.03604e-15
4.47468e-15
5.02559e-15
3.94298e-15
4.4574e-15
3.52523e-15
4.46105e-15
3.00521e-15
3.96836e-15
3.97658e-15
3.97975e-15
3.97897e-15
3.47625e-15
5.07324e-15
3.99316e-15
3.50638e-15
3.49986e-15
3.50246e-15
3.98547e-15
