0
1.60283e-07
8.72457e-08
9.52072e-08
1.96841e-08
6.54249e-08
6.30797e-08
1.06951e-07
5.83094e-08
7.61388e-08
2.97105e-08
8.50226e-08
5.65347e-08
1.76186e-07
7.26796e-08
5.18624e-08
7.38117e-08
1.30353e-08
3.27018e-08
1.53853e-08
3.65286e-08
1.99222e-08
1.02271e-07
8.1995e-08
2.2258e-07
1.16713e-07
1.8862e-07
3.074e-08
4.39428e-08
1.83146e-08
7.25161e-08
5.97399e-08
1.50504e-07
7.17343e-08
6.81983e-08
4.95088e-08
1.16312e-07
8.49428e-08
2.78959e-07
1.635e-07
3.80493e-07
1.6866e-07
1.54182e-07
6.66896e-08
2.97486e-07
2.8554e-07
5.189e-07
2.51031e-06
1.83201e-06
6.32955e-06
4.32263e-06
1.17808e-05
9.7262e-06
2.07199e-05
1.45492e-05
1.25286e-05
3.48216e-06
1.70241e-06
7.07376e-07
0
