1.60283e-07
8.72457e-08
9.52072e-08
1.96841e-08
5.2184e-08
6.30797e-08
1.06951e-07
5.83094e-08
7.61388e-08
2.97105e-08
6.82854e-08
3.52678e-08
1.76186e-07
7.26796e-08
5.18624e-08
7.38117e-08
1.30353e-08
2.66894e-08
1.44621e-08
3.23017e-08
1.83757e-08
6.26383e-08
6.73139e-08
1.80103e-07
1.16713e-07
1.8862e-07
3.074e-08
3.81021e-08
1.57813e-08
5.88263e-08
3.50277e-08
1.49441e-07
7.17343e-08
6.81983e-08
2.15705e-08
1.13165e-07
6.62853e-08
1.82718e-07
1.45429e-07
3.80493e-07
1.6866e-07
1.54182e-07
5.12664e-08
1.46288e-07
1.61305e-07
2.67867e-07
1.51057e-06
1.61694e-06
4.85743e-06
3.97573e-06
8.90893e-06
8.54049e-06
1.59814e-05
1.45492e-05
1.25286e-05
3.48216e-06
1.70241e-06
7.01461e-08
