1.56496e-07
8.11835e-08
5.63901e-08
1.48118e-08
6.54249e-08
5.68821e-08
1.04835e-07
4.45957e-08
7.15123e-08
2.96725e-08
8.50226e-08
5.65347e-08
1.65266e-07
6.38272e-08
3.33789e-08
3.98516e-08
1.12635e-08
3.27018e-08
1.53853e-08
3.65286e-08
1.99222e-08
1.02271e-07
8.1995e-08
2.2258e-07
8.58464e-08
1.07488e-07
1.51394e-08
4.39428e-08
1.83146e-08
7.25161e-08
5.97399e-08
1.50504e-07
4.26582e-08
3.56521e-08
4.95088e-08
1.16312e-07
8.49428e-08
2.78959e-07
1.635e-07
3.03798e-07
1.38757e-07
1.05522e-07
6.66896e-08
2.97486e-07
2.8554e-07
5.189e-07
2.51031e-06
1.83201e-06
6.32955e-06
4.32263e-06
1.17808e-05
9.7262e-06
2.07199e-05
1.26021e-05
1.14886e-05
1.58055e-06
1.83286e-07
7.07376e-07
