1 0.787356 1 1 1 0.516588 0.745856 0.937434 1 0.550505 0.670498 0.877173 1 0.722401 0.76107 0.976162 
0.766129 1 1 1 0.735023 0.970046 1 1 0.806452 1 1 0.996544 0.763825 1 1 1 
0.446521 0.998962 1 1 0.769671 0.693128 1 1 0.440291 1 1 1 0.649014 1 1 1 
1 0.563218 0.957843 0.991041 0.847656 0.722656 0.956722 0.977731 0.889323 0.948485 0.937739 0.989571 0.876302 0.841146 0.920664 1 
1 0.437931 0.766667 0.365062 0.998569 0.934834 0.398711 0.336161 1 0.724242 0.598173 0.872538 0.973082 0.314041 0.392989 0.357569 
0.606212 1 1 0.958918 0.228457 0.996994 1 0.844115 0.863727 1 1 0.506012 0.867735 1 1 0.988978 
0.431818 0.992727 1 0.997273 0.286364 0.972727 1 1 0.407273 1 1 0.988182 0.903636 1 1 0.987273 
0.835189 0.80735 0.964706 0.995521 0.85078 0.876777 0.964088 0.978791 0.471047 0.955556 0.963602 0.989571 0.667038 0.904609 0.964022 1 
1 0.375862 0.72451 0.370661 1 0.951422 0.674033 0.365854 1 0.937374 0.41092 0.683662 0.989233 0.403001 0.460332 0.423123 
0.4102 1 1 0.93841 0.545455 1 1 0.918346 0.840355 1 1 0.929047 0.972284 1 1 0.718713 
0.380267 1 1 1 0.415211 0.996917 1 1 0.390545 1 1 0.998972 0.619733 1 1 0.989722 
0.847826 0.83908 0.997059 1 0.853865 0.985507 0.993554 0.991516 0.729469 0.989899 0.991379 1 0.810386 0.992497 0.990775 0.996377 
1 0.943678 0.992157 0.552072 1 0.981043 0.627993 0.433722 1 0.991919 0.41954 0.989571 1 0.979636 0.493542 0.702026 
0.648421 1 1 0.996842 0.723158 0.986316 1 0.776246 0.898947 1 1 0.802105 0.931579 1 1 0.961053 
0.640335 1 1 0.961896 0.542751 0.992565 1 1 0.398699 1 1 0.997212 0.767658 1 1 0.973048 
0.938426 1 1 1 0.939567 0.748815 1 1 0.324971 0.99798 1 1 0.475485 0.756699 1 1 
