7.77554e-06 0.00038208 6.20068e-05 4.02474e-05 1.55176e-05 0.00097627 0.000405129 9.17185e-05 1.55302e-05 0.000815814 0.000643467 0.0001565 1.50714e-05 0.000420253 0.000387003 4.42351e-05 
0.000358369 1.76725e-05 1.7845e-05 2.01253e-05 0.000411795 5.93384e-05 1.81378e-05 2.78752e-05 0.000298494 2.1553e-05 1.58199e-05 3.38303e-05 0.000345888 2.2082e-05 2.33488e-05 5.35469e-05 
0.00349555 2.76428e-05 7.98693e-06 1.04057e-05 0.000346882 0.000658299 1.42783e-05 1.03445e-05 0.00344314 2.47937e-05 1.56472e-05 1.75284e-05 0.000580996 2.17365e-05 2.13974e-05 2.04801e-05 
5.12968e-05 0.0022833 7.17363e-05 2.98665e-05 0.000215994 0.000400582 7.98233e-05 3.91943e-05 0.000128526 8.6417e-05 0.000120648 3.08165e-05 0.00017245 0.000203926 0.000138429 2.60677e-05 
1.29223e-05 0.0037436 0.000333396 0.00529051 1.06878e-05 0.000111983 0.00467943 0.00594205 8.60727e-06 0.00053874 0.00221122 0.000171483 7.09711e-05 0.0064948 0.00459536 0.00483085 
0.000952282 2.06305e-05 1.18856e-05 6.96831e-05 0.00550924 3.12142e-05 9.04151e-06 0.00022413 0.000202387 9.15266e-06 9.01228e-06 0.00315107 0.000175323 1.46169e-05 9.86087e-06 5.88027e-05 
0.00339179 3.32082e-05 1.00339e-05 2.23193e-05 0.00703423 5.46243e-05 5.69285e-06 1.65529e-05 0.00372038 1.53557e-05 9.2719e-06 4.35331e-05 0.000140444 1.95382e-05 6.533e-06 4.74899e-05 
0.000235546 0.000304914 5.26675e-05 2.19841e-05 0.000225896 0.000186606 5.93692e-05 3.2886e-05 0.00166752 7.34335e-05 6.0913e-05 3.02196e-05 0.000688414 0.000143044 5.87302e-05 2.07596e-05 
1.09227e-05 0.00517483 0.000458561 0.00497212 1.56734e-05 8.35566e-05 0.000626398 0.00508736 5.76969e-06 0.000102168 0.00439438 0.000519772 4.86174e-05 0.00414079 0.00341333 0.00392704 
0.00396405 1.58594e-05 2.97368e-05 9.53134e-05 0.000706134 1.43697e-05 2.48533e-05 0.000136388 0.000209206 9.38667e-06 1.98744e-05 0.000103289 8.53159e-05 1.30173e-05 2.90743e-05 0.000538429 
0.00512527 2.45559e-05 2.18347e-05 2.58753e-05 0.00380704 2.50829e-05 1.41708e-05 2.27697e-05 0.0048799 9.11624e-06 8.89245e-06 2.33504e-05 0.000876242 2.33372e-05 1.55882e-05 4.90727e-05 
0.000215225 0.000246925 3.45784e-05 2.76037e-05 0.000211499 5.80138e-05 3.2801e-05 2.93887e-05 0.000481819 3.63818e-05 3.41448e-05 1.57876e-05 0.000296465 3.69382e-05 3.60105e-05 2.65627e-05 
1.55436e-05 9.15814e-05 8.27488e-05 0.00197233 1.70325e-05 4.47593e-05 0.000807331 0.00372785 1.26396e-05 7.29973e-05 0.00413497 7.25465e-05 8.10737e-06 7.42496e-05 0.00297285 0.000601526 
0.00085449 1.5459e-05 1.64453e-05 4.71158e-05 0.000409503 3.33312e-05 1.89558e-05 0.000379856 0.000157008 1.68024e-05 2.21139e-05 0.000292093 8.53124e-05 7.09309e-06 1.30754e-05 7.19696e-05 
0.000876841 2.64406e-05 1.11269e-05 7.71604e-05 0.000900097 4.31517e-05 9.19714e-06 2.61858e-05 0.00464276 1.43806e-05 1.211e-05 3.66024e-05 0.000355649 1.65549e-05 5.13363e-06 5.42536e-05 
9.88146e-05 2.91941e-05 1.79997e-05 1.16663e-05 8.82402e-05 0.000475968 2.20082e-05 1.40919e-05 0.00513593 3.41483e-05 2.27315e-05 1.53006e-05 0.00307876 0.000439855 2.34452e-05 1.08892e-05 
