1 1 1 1 1 0.905579 1 1 1 1 1 1 1 0.761087 1 1 
1 1 1 1 0.97568 1 1 1 1 1 1 1 1 1 1 1 
0.54416 1 1 1 0.819315 0.970924 1 1 0.582734 1 1 0.998962 1 1 1 1 
1 0.735677 1 1 0.947067 0.88981 1 1 1 1 1 1 1 0.92926 1 1 
1 0.555556 1 1 1 1 1 1 1 1 0.504789 1 1 1 1 1 
1 1 1 1 0.862661 1 1 1 0.97554 1 1 1 1 1 1 1 
0.558405 1 1 1 0.540773 1 1 1 1 1 1 1 1 1 1 1 
1 0.917241 1 1 1 0.896437 1 1 1 1 1 1 1 1 1 1 
1 0.552036 1 1 1 1 0.996983 1 1 1 1 1 1 1 1 1 
0.85755 1 1 0.947894 0.811159 1 1 0.947894 0.890647 1 1 0.958285 1 1 1 0.81153 
1 1 1 1 0.783977 1 1 1 0.546763 1 1 1 1 1 1 1 
1 0.928744 1 0.99776 1 0.995261 1 1 1 1 1 1 1 1 1 1 
1 1 1 1 1 1 1 1 1 1 1 1 1 1 1 1 
1 1 1 1 0.874106 1 1 1 1 1 1 1 1 1 1 1 
1 1 1 1 0.998569 1 1 1 1 1 1 1 1 1 1 1 
1 1 1 1 1 1 1 1 1 1 1 1 0.851952 1 1 1 
