6.80133e-06 2.65906e-05 1.86993e-05 1.67533e-05 1.42906e-05 0.000163594 1.38653e-05 1.51966e-05 1.33954e-05 2.38221e-05 1.46491e-05 1.24503e-05 1.09396e-05 0.000277994 1.55929e-05 1.18244e-05 
2.12525e-05 1.14972e-05 1.20825e-05 1.9627e-05 7.23158e-05 3.04968e-05 1.16025e-05 2.41475e-05 5.81715e-05 1.32889e-05 1.31818e-05 2.26225e-05 1.74322e-05 2.1586e-05 1.54843e-05 2.38754e-05 
0.00206365 1.67826e-05 4.98636e-06 7.9166e-06 0.000233106 6.3079e-05 5.95991e-06 9.23806e-06 0.00247268 1.56448e-05 9.67065e-06 1.46568e-05 2.46524e-05 1.78988e-05 6.88639e-06 1.31542e-05 
2.98803e-05 0.000502452 9.08567e-06 7.41137e-06 0.00010567 0.000181556 8.15085e-06 8.04867e-06 3.75727e-05 2.49342e-05 1.37125e-05 1.04584e-05 3.5652e-05 0.000135442 1.31136e-05 1.54776e-05 
1.11423e-05 0.00275832 3.24499e-05 1.64288e-05 7.48458e-06 1.47299e-05 3.36774e-05 1.62127e-05 5.23994e-06 1.3141e-05 0.00182294 1.96097e-05 1.67873e-05 2.12779e-05 3.10284e-05 2.775e-05 
3.74516e-05 9.84049e-06 9.25761e-06 2.75569e-05 0.000241179 6.92946e-06 7.48452e-06 2.64173e-05 8.13118e-05 6.47789e-06 7.8614e-06 1.69663e-05 1.69945e-05 8.50631e-06 9.31449e-06 2.98581e-05 
0.00269456 1.95551e-05 6.26701e-06 1.06761e-05 0.00308895 9.28029e-06 5.61356e-06 1.06629e-05 2.01547e-05 8.85208e-06 6.95661e-06 1.05114e-05 1.74677e-05 1.03163e-05 6.03619e-06 1.44852e-05 
1.72168e-05 0.000150587 1.07882e-05 1.23305e-05 2.08856e-05 0.000152323 1.04133e-05 8.22899e-06 3.83141e-05 2.34003e-05 1.43001e-05 1.37363e-05 2.34077e-05 3.11043e-05 9.5695e-06 1.50047e-05 
7.82031e-06 0.00281957 3.95898e-05 1.58462e-05 1.02886e-05 1.2957e-05 4.06179e-05 1.45055e-05 5.57871e-06 5.09881e-05 3.48652e-05 2.82643e-05 1.13273e-05 1.35808e-05 2.20821e-05 1.61092e-05 
0.000204541 1.48592e-05 1.44267e-05 8.14116e-05 0.000337266 9.66191e-06 9.59649e-06 8.06337e-05 0.000176982 6.25335e-06 1.04555e-05 8.02592e-05 2.34143e-05 1.05576e-05 1.14063e-05 0.000284476 
4.72311e-05 1.9017e-05 1.07961e-05 2.57344e-05 0.000282055 1.04765e-05 5.87417e-06 2.21972e-05 0.00287689 8.40195e-06 6.01632e-06 1.7385e-05 2.03017e-05 1.65715e-05 7.38586e-06 2.16173e-05 
1.72952e-05 0.000108865 1.49004e-05 2.24703e-05 3.63746e-05 4.08621e-05 1.51657e-05 1.33065e-05 5.30432e-05 2.19693e-05 1.55102e-05 1.32117e-05 2.92108e-05 2.76198e-05 1.18403e-05 1.62246e-05 
1.24299e-05 1.68691e-05 1.73599e-05 4.56534e-05 1.64979e-05 2.58421e-05 1.5679e-05 3.92131e-05 1.10423e-05 2.72658e-05 2.73078e-05 2.12752e-05 5.54568e-06 1.17578e-05 2.19724e-05 1.69817e-05 
2.23233e-05 9.63699e-06 1.20539e-05 3.16805e-05 0.000230279 1.18233e-05 1.06635e-05 3.10854e-05 1.48608e-05 1.17133e-05 1.0573e-05 3.2781e-05 1.39042e-05 6.22219e-06 1.04172e-05 2.17405e-05 
3.02089e-05 1.06112e-05 9.25218e-06 1.26988e-05 3.46807e-05 1.7393e-05 8.70255e-06 1.51976e-05 3.73983e-05 1.06855e-05 9.70465e-06 2.3837e-05 1.63073e-05 8.82576e-06 4.88391e-06 1.46373e-05 
1.61644e-05 2.74457e-05 1.21689e-05 1.09527e-05 5.45309e-05 4.11764e-05 1.14959e-05 9.95127e-06 2.48402e-05 2.64119e-05 1.34994e-05 1.16999e-05 0.000279927 2.31988e-05 9.81598e-06 6.78492e-06 
