1 1 1 1 1 0.905579 1 1 1 1 1 1 1 0.761087 1 1 
0.766129 1 1 1 0.735023 0.970046 1 1 0.806452 1 1 0.996544 0.763825 1 1 1 
0.446521 0.998962 1 1 0.819315 0.970924 1 1 0.440291 1 1 0.998962 0.649014 1 1 1 
1 0.735677 1 1 0.847656 0.722656 1 1 0.889323 1 1 1 0.876302 0.841146 1 1 
1 0.555556 1 1 1 1 1 1 1 1 0.598173 1 1 1 1 1 
0.606212 1 1 0.958918 0.228457 0.996994 1 1 0.863727 1 1 0.506012 0.867735 1 1 0.988978 
0.431818 0.992727 1 0.997273 0.286364 0.972727 1 1 0.407273 1 1 0.988182 0.903636 1 1 0.987273 
0.835189 0.80735 1 1 0.85078 0.896437 1 1 0.471047 1 1 1 0.667038 1 1 1 
1 0.552036 1 1 1 1 0.996983 1 1 1 1 1 1 1 1 1 
0.4102 1 1 0.947894 0.545455 1 1 0.947894 0.840355 1 1 0.929047 0.972284 1 1 0.81153 
0.380267 1 1 1 0.415211 0.996917 1 1 0.390545 1 1 0.998972 0.619733 1 1 0.989722 
0.847826 0.928744 1 1 0.853865 0.985507 1 1 0.729469 1 1 1 0.810386 1 1 0.996377 
1 1 1 1 1 1 1 1 1 1 1 1 1 1 1 1 
0.648421 1 1 0.996842 0.723158 0.986316 1 1 0.898947 1 1 0.802105 0.931579 1 1 0.961053 
0.640335 1 1 0.961896 0.542751 0.992565 1 1 0.398699 1 1 0.997212 0.767658 1 1 0.973048 
0.938426 1 1 1 0.939567 1 1 1 0.324971 1 1 1 0.475485 1 1 1 
