1 0.787356 1 1 1 0.516588 0.745856 0.937434 1 0.550505 0.670498 0.877173 1 0.722401 0.76107 0.976162 
1 1 1 1 0.97568 1 1 1 1 1 1 1 1 1 1 1 
0.54416 1 1 1 0.769671 0.693128 1 1 0.582734 1 1 1 1 1 1 1 
1 0.563218 0.957843 0.991041 0.947067 0.88981 0.956722 0.977731 1 0.948485 0.937739 0.989571 1 0.92926 0.920664 1 
1 0.437931 0.766667 0.365062 0.998569 0.934834 0.398711 0.336161 1 0.724242 0.504789 0.872538 0.973082 0.314041 0.392989 0.357569 
1 1 1 1 0.862661 1 1 0.844115 0.97554 1 1 1 1 1 1 1 
0.558405 1 1 1 0.540773 1 1 1 1 1 1 1 1 1 1 1 
1 0.917241 0.964706 0.995521 1 0.876777 0.964088 0.978791 1 0.955556 0.963602 0.989571 1 0.904609 0.964022 1 
1 0.375862 0.72451 0.370661 1 0.951422 0.674033 0.365854 1 0.937374 0.41092 0.683662 0.989233 0.403001 0.460332 0.423123 
0.85755 1 1 0.93841 0.811159 1 1 0.918346 0.890647 1 1 0.958285 1 1 1 0.718713 
1 1 1 1 0.783977 1 1 1 0.546763 1 1 1 1 1 1 1 
1 0.83908 0.997059 0.99776 1 0.995261 0.993554 0.991516 1 0.989899 0.991379 1 1 0.992497 0.990775 1 
1 0.943678 0.992157 0.552072 1 0.981043 0.627993 0.433722 1 0.991919 0.41954 0.989571 1 0.979636 0.493542 0.702026 
1 1 1 1 0.874106 1 1 0.776246 1 1 1 1 1 1 1 1 
1 1 1 1 0.998569 1 1 1 1 1 1 1 1 1 1 1 
1 1 1 1 1 0.748815 1 1 1 0.99798 1 1 0.851952 0.756699 1 1 
