7.77554e-06 2.65906e-05 1.86993e-05 1.67533e-05 1.42906e-05 0.000163594 1.38653e-05 1.51966e-05 1.55302e-05 2.38221e-05 1.46491e-05 1.24503e-05 1.09396e-05 0.000277994 1.55929e-05 1.18244e-05 
0.000358369 1.76725e-05 1.20825e-05 2.01253e-05 0.000411795 5.93384e-05 1.16025e-05 2.41475e-05 0.000298494 1.32889e-05 1.31818e-05 3.38303e-05 0.000345888 2.1586e-05 1.54843e-05 5.35469e-05 
0.00349555 2.76428e-05 4.98636e-06 1.04057e-05 0.000233106 6.3079e-05 5.95991e-06 9.23806e-06 0.00344314 1.56448e-05 9.67065e-06 1.46568e-05 0.000580996 1.78988e-05 6.88639e-06 2.04801e-05 
5.12968e-05 0.000502452 9.08567e-06 7.41137e-06 0.000215994 0.000400582 8.15085e-06 8.04867e-06 0.000128526 2.49342e-05 1.37125e-05 1.04584e-05 0.00017245 0.000203926 1.31136e-05 1.54776e-05 
1.11423e-05 0.00275832 3.24499e-05 1.64288e-05 7.48458e-06 1.47299e-05 3.36774e-05 1.62127e-05 5.23994e-06 1.3141e-05 0.00221122 1.96097e-05 1.67873e-05 2.12779e-05 3.10284e-05 2.775e-05 
0.000952282 2.06305e-05 1.18856e-05 6.96831e-05 0.00550924 3.12142e-05 7.48452e-06 2.64173e-05 0.000202387 9.15266e-06 9.01228e-06 0.00315107 0.000175323 1.46169e-05 9.31449e-06 5.88027e-05 
0.00339179 3.32082e-05 1.00339e-05 2.23193e-05 0.00703423 5.46243e-05 5.69285e-06 1.65529e-05 0.00372038 1.53557e-05 9.2719e-06 4.35331e-05 0.000140444 1.95382e-05 6.533e-06 4.74899e-05 
0.000235546 0.000304914 1.07882e-05 1.23305e-05 0.000225896 0.000152323 1.04133e-05 8.22899e-06 0.00166752 2.34003e-05 1.43001e-05 1.37363e-05 0.000688414 3.11043e-05 9.5695e-06 2.07596e-05 
7.82031e-06 0.00281957 3.95898e-05 1.58462e-05 1.02886e-05 1.2957e-05 4.06179e-05 1.45055e-05 5.76969e-06 5.09881e-05 3.48652e-05 2.82643e-05 1.13273e-05 1.35808e-05 2.20821e-05 1.61092e-05 
0.00396405 1.48592e-05 1.44267e-05 8.14116e-05 0.000706134 1.43697e-05 9.59649e-06 8.06337e-05 0.000209206 6.25335e-06 1.04555e-05 0.000103289 8.53159e-05 1.05576e-05 1.14063e-05 0.000284476 
0.00512527 1.9017e-05 1.07961e-05 2.58753e-05 0.00380704 2.50829e-05 5.87417e-06 2.21972e-05 0.0048799 8.40195e-06 6.01632e-06 2.33504e-05 0.000876242 2.33372e-05 7.38586e-06 4.90727e-05 
0.000215225 0.000108865 1.49004e-05 2.76037e-05 0.000211499 5.80138e-05 1.51657e-05 1.33065e-05 0.000481819 2.19693e-05 1.55102e-05 1.32117e-05 0.000296465 2.76198e-05 1.18403e-05 2.65627e-05 
1.24299e-05 1.68691e-05 1.73599e-05 4.56534e-05 1.64979e-05 2.58421e-05 1.5679e-05 3.92131e-05 1.26396e-05 2.72658e-05 2.73078e-05 2.12752e-05 5.54568e-06 1.17578e-05 2.19724e-05 1.69817e-05 
0.00085449 1.5459e-05 1.20539e-05 4.71158e-05 0.000409503 3.33312e-05 1.06635e-05 3.10854e-05 0.000157008 1.17133e-05 1.0573e-05 0.000292093 8.53124e-05 7.09309e-06 1.04172e-05 7.19696e-05 
0.000876841 2.64406e-05 1.11269e-05 7.71604e-05 0.000900097 4.31517e-05 8.70255e-06 2.61858e-05 0.00464276 1.43806e-05 1.211e-05 3.66024e-05 0.000355649 1.65549e-05 5.13363e-06 5.42536e-05 
9.88146e-05 2.74457e-05 1.21689e-05 1.09527e-05 8.82402e-05 4.11764e-05 1.14959e-05 9.95127e-06 0.00513593 2.64119e-05 1.34994e-05 1.16999e-05 0.00307876 2.31988e-05 9.81598e-06 1.08892e-05 
