6.80133e-06 0.00038208 6.20068e-05 4.02474e-05 1.55176e-05 0.00097627 0.000405129 9.17185e-05 1.33954e-05 0.000815814 0.000643467 0.0001565 1.50714e-05 0.000420253 0.000387003 4.42351e-05 
2.12525e-05 1.14972e-05 1.7845e-05 1.9627e-05 7.23158e-05 3.04968e-05 1.81378e-05 2.78752e-05 5.81715e-05 2.1553e-05 1.58199e-05 2.26225e-05 1.74322e-05 2.2082e-05 2.33488e-05 2.38754e-05 
0.00206365 1.67826e-05 7.98693e-06 7.9166e-06 0.000346882 0.000658299 1.42783e-05 1.03445e-05 0.00247268 2.47937e-05 1.56472e-05 1.75284e-05 2.46524e-05 2.17365e-05 2.13974e-05 1.31542e-05 
2.98803e-05 0.0022833 7.17363e-05 2.98665e-05 0.00010567 0.000181556 7.98233e-05 3.91943e-05 3.75727e-05 8.6417e-05 0.000120648 3.08165e-05 3.5652e-05 0.000135442 0.000138429 2.60677e-05 
1.29223e-05 0.0037436 0.000333396 0.00529051 1.06878e-05 0.000111983 0.00467943 0.00594205 8.60727e-06 0.00053874 0.00182294 0.000171483 7.09711e-05 0.0064948 0.00459536 0.00483085 
3.74516e-05 9.84049e-06 9.25761e-06 2.75569e-05 0.000241179 6.92946e-06 9.04151e-06 0.00022413 8.13118e-05 6.47789e-06 7.8614e-06 1.69663e-05 1.69945e-05 8.50631e-06 9.86087e-06 2.98581e-05 
0.00269456 1.95551e-05 6.26701e-06 1.06761e-05 0.00308895 9.28029e-06 5.61356e-06 1.06629e-05 2.01547e-05 8.85208e-06 6.95661e-06 1.05114e-05 1.74677e-05 1.03163e-05 6.03619e-06 1.44852e-05 
1.72168e-05 0.000150587 5.26675e-05 2.19841e-05 2.08856e-05 0.000186606 5.93692e-05 3.2886e-05 3.83141e-05 7.34335e-05 6.0913e-05 3.02196e-05 2.34077e-05 0.000143044 5.87302e-05 1.50047e-05 
1.09227e-05 0.00517483 0.000458561 0.00497212 1.56734e-05 8.35566e-05 0.000626398 0.00508736 5.57871e-06 0.000102168 0.00439438 0.000519772 4.86174e-05 0.00414079 0.00341333 0.00392704 
0.000204541 1.58594e-05 2.97368e-05 9.53134e-05 0.000337266 9.66191e-06 2.48533e-05 0.000136388 0.000176982 9.38667e-06 1.98744e-05 8.02592e-05 2.34143e-05 1.30173e-05 2.90743e-05 0.000538429 
4.72311e-05 2.45559e-05 2.18347e-05 2.57344e-05 0.000282055 1.04765e-05 1.41708e-05 2.27697e-05 0.00287689 9.11624e-06 8.89245e-06 1.7385e-05 2.03017e-05 1.65715e-05 1.55882e-05 2.16173e-05 
1.72952e-05 0.000246925 3.45784e-05 2.24703e-05 3.63746e-05 4.08621e-05 3.2801e-05 2.93887e-05 5.30432e-05 3.63818e-05 3.41448e-05 1.57876e-05 2.92108e-05 3.69382e-05 3.60105e-05 1.62246e-05 
1.55436e-05 9.15814e-05 8.27488e-05 0.00197233 1.70325e-05 4.47593e-05 0.000807331 0.00372785 1.10423e-05 7.29973e-05 0.00413497 7.25465e-05 8.10737e-06 7.42496e-05 0.00297285 0.000601526 
2.23233e-05 9.63699e-06 1.64453e-05 3.16805e-05 0.000230279 1.18233e-05 1.89558e-05 0.000379856 1.48608e-05 1.68024e-05 2.21139e-05 3.2781e-05 1.39042e-05 6.22219e-06 1.30754e-05 2.17405e-05 
3.02089e-05 1.06112e-05 9.25218e-06 1.26988e-05 3.46807e-05 1.7393e-05 9.19714e-06 1.51976e-05 3.73983e-05 1.06855e-05 9.70465e-06 2.3837e-05 1.63073e-05 8.82576e-06 4.88391e-06 1.46373e-05 
1.61644e-05 2.91941e-05 1.79997e-05 1.16663e-05 5.45309e-05 0.000475968 2.20082e-05 1.40919e-05 2.48402e-05 3.41483e-05 2.27315e-05 1.53006e-05 0.000279927 0.000439855 2.34452e-05 6.78492e-06 
