1 0.944828 0.865686 0.968645 1 0.924171 0.367403 0.735949 1 0.411111 0.780651 0.863268 1 0.926045 0.550738 0.970203 
0.782003 1 0.981373 0.988802 0.441065 0.878327 0.546041 0.480382 0.497842 0.520202 0.42839 0.991889 0.830165 0.780735 0.693727 0.498099 
0.448119 1 1 1 0.40935 0.464082 1 1 0.592806 1 1 1 0.421893 1 1 1 
0.379581 0.987356 0.961765 0.99776 0.998691 0.495261 0.857274 0.988335 0.90445 0.986869 0.955939 0.998841 0.548429 0.565445 0.524869 1 
1 0.470115 0.481373 0.472222 1 0.354265 0.462247 0.488865 1 0.504386 0.341954 0.480994 0.990579 0.461988 0.357934 0.445769 
0.792833 1 1 0.93617 0.354983 1 1 0.524076 0.492721 1 1 0.519597 0.93729 1 1 0.847704 
0.5666 0.545726 1 1 0.659514 0.557654 1 1 0.566906 1 1 0.991054 0.487078 0.537773 1 0.997018 
0.228643 0.854271 0.973529 0.983203 0.831658 0.690955 0.970534 0.978791 0.74964 0.969697 0.976054 0.984936 0.508794 0.483668 0.968635 0.996424 
1 0.811494 0.410784 0.683091 1 0.727488 0.531308 0.699894 1 0.734343 0.653257 0.688297 0.998654 0.56806 0.681734 0.946365 
0.680359 1 1 0.759239 0.489089 1 1 0.484624 0.358151 1 1 1 1 1 1 0.526316 
0.330275 1 1 0.99656 0.409404 0.997706 1 1 0.405963 1 1 0.986239 1 1 1 0.991973 
0.88805 0.791195 0.985294 0.974244 0.972327 0.902844 0.479742 0.963945 0.725786 0.950505 0.901341 0.979143 0.862893 0.942122 0.430812 0.990465 
1 0.973563 0.840196 0.842105 1 0.984597 0.672192 0.590668 1 1 1 0.886443 1 1 0.886531 0.70441 
0.466457 1 1 0.958567 0.362683 1 1 0.846235 0.422432 1 1 1 0.987421 1 1 0.967505 
0.404255 1 1 0.770437 0.470111 0.995947 1 0.840933 0.405268 1 1 0.997974 0.616008 1 1 1 
0.579376 0.995402 0.996078 1 0.645207 0.489824 0.587477 0.996819 0.644505 0.99596 1 0.998841 0.922659 0.963558 0.995387 1 
