1.87029e-05 9.56944e-05 0.000225819 8.69096e-05 3.21973e-05 0.000121366 0.00487829 0.000400331 2.81084e-05 0.00375885 0.000320923 0.000206005 2.02353e-05 0.000115471 0.00137473 7.40257e-05 
0.000357144 4.46477e-05 6.90082e-05 6.67994e-05 0.00446469 0.000149483 0.00154001 0.00359527 0.00378671 0.00102845 0.00447462 6.68263e-05 0.000248431 0.000218445 0.00051672 0.00341507 
0.00385429 4.24686e-05 3.53999e-05 2.8284e-05 0.00469811 0.00348762 4.94956e-05 4.27521e-05 0.00227415 5.82785e-05 4.84101e-05 4.27218e-05 0.00444891 5.04937e-05 5.03966e-05 4.44394e-05 
0.00482494 8.42091e-05 9.12282e-05 4.47762e-05 6.99894e-05 0.00323037 0.000196592 5.89629e-05 0.000175696 8.03406e-05 0.0001035 4.82843e-05 0.00189696 0.0023936 0.00289521 4.32318e-05 
4.78787e-05 0.00115152 0.0031048 0.0034191 4.95077e-05 0.00343846 0.00338752 0.00300675 4.36034e-05 0.00310032 0.0055101 0.00326265 7.86494e-05 0.00357867 0.00523363 0.00149821 
0.000355281 3.61361e-05 4.16093e-05 0.000114783 0.00566929 4.2225e-05 4.33843e-05 0.0026899 0.00267385 3.68894e-05 4.85e-05 0.00272562 0.00010756 3.48674e-05 3.91621e-05 0.000251268 
0.0010059 0.000997101 2.63645e-05 3.61889e-05 0.0010342 0.000978402 2.46114e-05 3.49622e-05 0.00276352 3.23642e-05 2.95303e-05 4.28924e-05 0.00239235 0.00290042 2.63349e-05 5.09654e-05 
0.00671183 0.000182802 6.11949e-05 5.3555e-05 0.000264821 0.000514603 6.60145e-05 5.82037e-05 0.000359193 8.3169e-05 6.77506e-05 5.73865e-05 0.00344882 0.00322426 7.08792e-05 4.59284e-05 
2.27941e-05 0.000290238 0.00426913 0.000533137 2.24982e-05 0.000544597 0.0010548 0.000478335 2.01152e-05 0.000399237 0.000680955 0.0004752 3.13864e-05 0.000604813 0.000635377 0.000117612 
0.000537887 1.71554e-05 2.7697e-05 0.000488939 0.00116973 1.51718e-05 3.63747e-05 0.00363967 0.00547023 2.07208e-05 2.26535e-05 2.85948e-05 3.60272e-05 2.22277e-05 3.67677e-05 0.00330166 
0.00653405 2.03922e-05 1.82272e-05 2.14755e-05 0.00437249 2.88151e-05 1.92075e-05 2.47267e-05 0.00451429 1.73603e-05 1.41801e-05 3.28024e-05 5.39487e-05 2.34151e-05 2.50189e-05 4.14603e-05 
0.00015015 0.000324519 7.01863e-05 4.92588e-05 6.952e-05 0.000167763 0.00336993 9.0252e-05 0.000383336 9.36521e-05 0.000207791 3.77957e-05 0.000166765 9.43999e-05 0.00424904 3.05682e-05 
1.75528e-05 5.83799e-05 0.000221174 0.000201371 2.14904e-05 4.04034e-05 0.000694843 0.000923441 3.01937e-05 6.41079e-05 7.01758e-05 0.000154218 7.19904e-06 4.56543e-05 0.000160864 0.000545611 
0.00373249 1.75791e-05 2.04016e-05 9.17575e-05 0.00488913 2.09559e-05 2.03921e-05 0.000226701 0.00396894 1.26744e-05 1.49335e-05 2.58424e-05 4.80322e-05 8.44375e-06 1.68952e-05 6.62359e-05 
0.00455428 1.97993e-05 1.61978e-05 0.000418338 0.00321858 3.39156e-05 1.37757e-05 0.00022586 0.00447571 1.20324e-05 9.41972e-06 2.65017e-05 0.000775052 1.20464e-05 1.09911e-05 3.74432e-05 
0.00134915 4.03501e-05 4.25602e-05 2.76897e-05 0.000645096 0.00350878 0.00089918 3.16283e-05 0.000507442 4.22036e-05 3.83437e-05 3.06941e-05 0.000119234 7.13825e-05 4.22543e-05 1.6527e-05 
