1 1 1 1 1 1 1 1 1 1 1 1 1 1 1 1 
0.998576 1 1 1 0.668097 0.986967 1 1 0.506971 1 0.472222 1 0.971736 0.905681 1 0.985697 
0.992877 0.99886 1 1 0.563662 1 1 1 0.600912 1 1 0.99886 1 0.99772 1 1 
1 1 1 1 1 0.530105 0.922775 1 1 1 1 1 1 0.754555 0.975092 1 
1 0.818713 0.554094 0.472564 0.998569 0.5 0.998538 0.497076 1 0.672727 0.486842 0.311703 1 0.678457 0.99269 0.646199 
1 1 1 1 1 1 1 0.99894 1 1 1 1 1 1 1 0.994041 
0.910256 1 1 1 0.693837 1 1 1 0.492048 1 1 1 1 1 1 1 
0.787749 0.942529 1 1 0.879828 0.755924 1 1 0.807789 1 1 1 0.729475 0.569132 1 1 
1 0.922535 1 1 1 0.917253 1 1 1 1 0.880282 1 1 0.820423 1 1 
1 1 1 1 1 1 1 1 1 1 1 1 1 1 1 0.753278 
1 1 1 1 0.869814 1 1 1 0.863309 1 1 1 1 1 1 1 
1 0.987356 1 1 1 0.988679 1 1 0.936691 1 1 1 1 1 1 1 
1 1 1 0.997183 1 1 1 1 1 1 1 1 1 1 1 1 
1 1 1 0.998952 0.987124 1 1 1 1 1 1 0.998952 1 1 1 1 
1 1 1 1 0.596566 1 1 1 0.602878 1 1 1 1 1 1 1 
1 0.997286 1 1 0.951153 0.74763 1 1 1 1 1 1 1 0.998643 1 1 
