8.27867e-06 1.2267e-05 1.97627e-05 2.08263e-05 1.56825e-05 3.80255e-05 1.81894e-05 2.36089e-05 2.26916e-05 2.313e-05 2.82498e-05 1.93962e-05 1.12762e-05 1.74421e-05 2.06322e-05 1.40868e-05 
5.44488e-05 3.17715e-05 2.92274e-05 4.14855e-05 0.000387073 7.44124e-05 3.53019e-05 3.96687e-05 0.00340105 3.30645e-05 0.00340008 4.97988e-05 6.79972e-05 0.000165362 3.84588e-05 7.37628e-05 
6.55938e-05 4.00096e-05 2.72815e-05 2.64545e-05 0.00274921 5.04169e-05 2.76773e-05 3.93123e-05 0.000625987 3.65872e-05 3.82794e-05 4.20052e-05 5.06966e-05 4.42853e-05 2.94058e-05 4.19057e-05 
4.19134e-05 5.25152e-05 2.9755e-05 2.80973e-05 5.28266e-05 0.00281789 9.51624e-05 3.22494e-05 5.6705e-05 3.6449e-05 3.72655e-05 3.08961e-05 5.19513e-05 0.000379334 8.99424e-05 3.31371e-05 
4.42615e-05 0.000278016 0.00244257 0.00306643 4.22705e-05 0.00310908 6.84996e-05 0.00265818 4.12267e-05 0.00045344 0.00322472 0.00211021 4.83188e-05 0.000528959 6.22625e-05 0.00112151 
4.76029e-05 3.20176e-05 3.87691e-05 5.28227e-05 6.04323e-05 2.81858e-05 3.18317e-05 5.14256e-05 6.60112e-05 3.34941e-05 4.30447e-05 5.23873e-05 4.36305e-05 3.15226e-05 3.63181e-05 6.12727e-05 
0.00016332 3.53685e-05 2.42228e-05 2.75525e-05 0.00076032 3.662e-05 2.13542e-05 3.43923e-05 0.00114463 2.68544e-05 2.557e-05 3.90288e-05 4.16146e-05 4.47418e-05 2.48046e-05 2.88328e-05 
0.000437614 0.000105412 2.78785e-05 3.14053e-05 0.000183687 0.000375545 2.45737e-05 2.662e-05 0.000341139 3.33511e-05 2.56423e-05 2.94062e-05 0.000390554 0.000813852 2.70769e-05 4.34113e-05 
8.25293e-06 0.000123863 4.13553e-05 1.2871e-05 5.36744e-06 0.000119891 1.29841e-05 1.19797e-05 5.09369e-06 1.70143e-05 0.000247205 1.15401e-05 1.93497e-05 0.000314808 1.30028e-05 1.13947e-05 
2.80208e-05 1.05841e-05 1.40358e-05 2.10314e-05 4.56486e-05 1.47772e-05 9.86385e-06 2.94553e-05 2.39216e-05 4.98085e-06 1.0282e-05 2.73444e-05 1.86609e-05 1.097e-05 1.21531e-05 0.000469656 
2.68061e-05 2.02025e-05 8.10426e-06 1.95015e-05 0.000214046 1.71531e-05 5.63487e-06 1.94453e-05 0.000245065 8.22747e-06 5.04711e-06 1.91031e-05 3.47519e-05 1.2511e-05 6.67247e-06 2.54321e-05 
2.22842e-05 6.23892e-05 1.56954e-05 1.3475e-05 4.75573e-05 7.82118e-05 3.15573e-05 2.18858e-05 0.000125111 2.43698e-05 1.85744e-05 1.40002e-05 1.83667e-05 2.56608e-05 1.55051e-05 2.80507e-05 
1.09415e-05 1.72446e-05 1.8101e-05 5.44702e-05 1.92099e-05 2.0494e-05 1.58003e-05 2.2632e-05 1.40266e-05 1.86168e-05 2.52562e-05 2.11267e-05 5.67634e-06 1.39517e-05 1.5115e-05 1.96301e-05 
4.98587e-05 1.34815e-05 1.23051e-05 2.82236e-05 8.27859e-05 1.48814e-05 1.02993e-05 3.03491e-05 2.09867e-05 1.19849e-05 1.12206e-05 2.28736e-05 1.20146e-05 7.56793e-06 8.91008e-06 2.38288e-05 
4.71309e-05 1.27392e-05 1.2151e-05 2.48304e-05 0.0023004 1.18811e-05 9.11663e-06 2.02052e-05 0.00223567 1.11101e-05 8.42694e-06 1.64047e-05 1.6513e-05 8.6469e-06 5.94444e-06 1.67495e-05 
5.42808e-05 2.86415e-05 1.59783e-05 1.42792e-05 7.32507e-05 0.000469164 1.56305e-05 1.13532e-05 4.9195e-05 1.89275e-05 1.33318e-05 1.31787e-05 4.40579e-05 2.56015e-05 1.26079e-05 1.10533e-05 
