1 1 1 1 1 1 1 1 1 1 1 1 1 1 1 1 
0.782003 1 1 1 0.441065 0.878327 1 1 0.506971 1 0.42839 1 0.830165 0.780735 1 0.498099 
0.448119 0.99886 1 1 0.40935 0.464082 1 1 0.600912 1 1 0.99886 0.421893 0.99772 1 1 
0.379581 1 1 1 0.998691 0.530105 0.922775 1 0.90445 1 1 1 0.548429 0.565445 0.524869 1 
1 0.818713 0.554094 0.472222 1 0.5 0.998538 0.497076 1 0.504386 0.486842 0.480994 1 0.461988 0.99269 0.646199 
0.792833 1 1 0.93617 0.354983 1 1 0.524076 0.492721 1 1 0.519597 0.93729 1 1 0.847704 
0.5666 0.545726 1 1 0.693837 0.557654 1 1 0.492048 1 1 0.991054 0.487078 0.537773 1 0.997018 
0.228643 0.854271 1 1 0.831658 0.690955 1 1 0.807789 1 1 1 0.508794 0.483668 1 1 
1 0.922535 1 1 1 0.917253 1 1 1 1 0.880282 1 1 0.820423 1 1 
0.680359 1 1 1 0.489089 1 1 1 0.358151 1 1 1 1 1 1 0.526316 
0.330275 1 1 0.99656 0.409404 0.997706 1 1 0.405963 1 1 0.986239 1 1 1 0.991973 
0.88805 0.791195 1 1 0.972327 0.988679 1 1 0.725786 1 1 1 0.862893 1 1 1 
1 1 1 0.997183 1 1 1 1 1 1 1 1 1 1 1 1 
0.466457 1 1 0.998952 0.362683 1 1 1 0.422432 1 1 0.998952 0.987421 1 1 0.967505 
0.404255 1 1 1 0.470111 0.995947 1 1 0.405268 1 1 0.997974 0.616008 1 1 1 
0.579376 0.997286 1 1 0.951153 0.489824 1 1 0.644505 1 1 1 0.922659 0.998643 1 1 
