1 0.944828 0.865686 0.968645 1 0.924171 0.367403 0.735949 1 0.411111 0.780651 0.863268 1 0.926045 0.550738 0.970203 
0.998576 1 0.981373 0.988802 0.668097 0.986967 0.546041 0.480382 0.497842 0.520202 0.472222 0.991889 0.971736 0.905681 0.693727 0.985697 
0.992877 1 1 1 0.563662 1 1 1 0.592806 1 1 1 1 1 1 1 
1 0.987356 0.961765 0.99776 1 0.495261 0.857274 0.988335 1 0.986869 0.955939 0.998841 1 0.754555 0.975092 1 
1 0.470115 0.481373 0.472564 0.998569 0.354265 0.462247 0.488865 1 0.672727 0.341954 0.311703 0.990579 0.678457 0.357934 0.445769 
1 1 1 1 1 1 1 0.99894 1 1 1 1 1 1 1 0.994041 
0.910256 1 1 1 0.659514 1 1 1 0.566906 1 1 1 1 1 1 1 
0.787749 0.942529 0.973529 0.983203 0.879828 0.755924 0.970534 0.978791 0.74964 0.969697 0.976054 0.984936 0.729475 0.569132 0.968635 0.996424 
1 0.811494 0.410784 0.683091 1 0.727488 0.531308 0.699894 1 0.734343 0.653257 0.688297 0.998654 0.56806 0.681734 0.946365 
1 1 1 0.759239 1 1 1 0.484624 1 1 1 1 1 1 1 0.753278 
1 1 1 1 0.869814 1 1 1 0.863309 1 1 1 1 1 1 1 
1 0.987356 0.985294 0.974244 1 0.902844 0.479742 0.963945 0.936691 0.950505 0.901341 0.979143 1 0.942122 0.430812 0.990465 
1 0.973563 0.840196 0.842105 1 0.984597 0.672192 0.590668 1 1 1 0.886443 1 1 0.886531 0.70441 
1 1 1 0.958567 0.987124 1 1 0.846235 1 1 1 1 1 1 1 1 
1 1 1 0.770437 0.596566 1 1 0.840933 0.602878 1 1 1 1 1 1 1 
1 0.995402 0.996078 1 0.645207 0.74763 0.587477 0.996819 1 0.99596 1 0.998841 1 0.963558 0.995387 1 
