1.87029e-05 9.56944e-05 0.000225819 8.69096e-05 3.21973e-05 0.000121366 0.00487829 0.000400331 2.81084e-05 0.00375885 0.000320923 0.000206005 2.02353e-05 0.000115471 0.00137473 7.40257e-05 
5.44488e-05 4.46477e-05 6.90082e-05 6.67994e-05 0.000387073 7.44124e-05 0.00154001 0.00359527 0.00378671 0.00102845 0.00340008 6.68263e-05 6.79972e-05 0.000165362 0.00051672 7.37628e-05 
6.55938e-05 4.24686e-05 3.53999e-05 2.64545e-05 0.00274921 5.04169e-05 4.94956e-05 3.93123e-05 0.00227415 5.82785e-05 4.84101e-05 4.27218e-05 5.06966e-05 5.04937e-05 5.03966e-05 4.44394e-05 
4.19134e-05 8.42091e-05 9.12282e-05 4.47762e-05 5.28266e-05 0.00323037 0.000196592 5.89629e-05 5.6705e-05 8.03406e-05 0.0001035 4.82843e-05 5.19513e-05 0.000379334 8.99424e-05 4.32318e-05 
4.42615e-05 0.00115152 0.0031048 0.00306643 4.22705e-05 0.00343846 0.00338752 0.00300675 4.12267e-05 0.00045344 0.0055101 0.00211021 7.86494e-05 0.000528959 0.00523363 0.00149821 
4.76029e-05 3.20176e-05 4.16093e-05 5.28227e-05 6.04323e-05 2.81858e-05 4.33843e-05 5.14256e-05 6.60112e-05 3.34941e-05 4.85e-05 5.23873e-05 4.36305e-05 3.15226e-05 3.91621e-05 6.12727e-05 
0.00016332 3.53685e-05 2.63645e-05 2.75525e-05 0.0010342 3.662e-05 2.46114e-05 3.49622e-05 0.00276352 3.23642e-05 2.95303e-05 3.90288e-05 4.16146e-05 4.47418e-05 2.63349e-05 2.88328e-05 
0.000437614 0.000105412 6.11949e-05 5.3555e-05 0.000183687 0.000375545 6.60145e-05 5.82037e-05 0.000359193 8.3169e-05 6.77506e-05 5.73865e-05 0.000390554 0.000813852 7.08792e-05 4.59284e-05 
2.27941e-05 0.000290238 0.00426913 0.000533137 2.24982e-05 0.000544597 0.0010548 0.000478335 2.01152e-05 0.000399237 0.000680955 0.0004752 3.13864e-05 0.000604813 0.000635377 0.000117612 
2.80208e-05 1.71554e-05 2.7697e-05 0.000488939 4.56486e-05 1.47772e-05 3.63747e-05 0.00363967 2.39216e-05 2.07208e-05 2.26535e-05 2.85948e-05 1.86609e-05 2.22277e-05 3.67677e-05 0.000469656 
2.68061e-05 2.03922e-05 1.82272e-05 1.95015e-05 0.000214046 1.71531e-05 1.92075e-05 2.47267e-05 0.000245065 1.73603e-05 1.41801e-05 1.91031e-05 3.47519e-05 2.34151e-05 2.50189e-05 2.54321e-05 
2.22842e-05 6.23892e-05 7.01863e-05 4.92588e-05 4.75573e-05 0.000167763 0.00336993 9.0252e-05 0.000125111 9.36521e-05 0.000207791 3.77957e-05 1.83667e-05 9.43999e-05 0.00424904 3.05682e-05 
1.09415e-05 5.83799e-05 0.000221174 0.000201371 2.14904e-05 4.04034e-05 0.000694843 0.000923441 3.01937e-05 6.41079e-05 7.01758e-05 0.000154218 7.19904e-06 4.56543e-05 0.000160864 0.000545611 
4.98587e-05 1.34815e-05 2.04016e-05 9.17575e-05 8.27859e-05 1.48814e-05 2.03921e-05 0.000226701 2.09867e-05 1.26744e-05 1.49335e-05 2.58424e-05 1.20146e-05 7.56793e-06 1.68952e-05 2.38288e-05 
4.71309e-05 1.27392e-05 1.61978e-05 0.000418338 0.0023004 1.18811e-05 1.37757e-05 0.00022586 0.00223567 1.11101e-05 9.41972e-06 1.64047e-05 1.6513e-05 8.6469e-06 1.09911e-05 1.67495e-05 
5.42808e-05 4.03501e-05 4.25602e-05 2.76897e-05 0.000645096 0.000469164 0.00089918 3.16283e-05 4.9195e-05 4.22036e-05 3.83437e-05 3.06941e-05 4.40579e-05 7.13825e-05 4.22543e-05 1.6527e-05 
