8.27867e-06 1.2267e-05 1.97627e-05 2.08263e-05 1.56825e-05 3.80255e-05 1.81894e-05 2.36089e-05 2.26916e-05 2.313e-05 2.82498e-05 1.93962e-05 1.12762e-05 1.74421e-05 2.06322e-05 1.40868e-05 
0.000357144 3.17715e-05 2.92274e-05 4.14855e-05 0.00446469 0.000149483 3.53019e-05 3.96687e-05 0.00340105 3.30645e-05 0.00447462 4.97988e-05 0.000248431 0.000218445 3.84588e-05 0.00341507 
0.00385429 4.00096e-05 2.72815e-05 2.8284e-05 0.00469811 0.00348762 2.76773e-05 4.27521e-05 0.000625987 3.65872e-05 3.82794e-05 4.20052e-05 0.00444891 4.42853e-05 2.94058e-05 4.19057e-05 
0.00482494 5.25152e-05 2.9755e-05 2.80973e-05 6.99894e-05 0.00281789 9.51624e-05 3.22494e-05 0.000175696 3.6449e-05 3.72655e-05 3.08961e-05 0.00189696 0.0023936 0.00289521 3.31371e-05 
4.78787e-05 0.000278016 0.00244257 0.0034191 4.95077e-05 0.00310908 6.84996e-05 0.00265818 4.36034e-05 0.00310032 0.00322472 0.00326265 4.83188e-05 0.00357867 6.22625e-05 0.00112151 
0.000355281 3.61361e-05 3.87691e-05 0.000114783 0.00566929 4.2225e-05 3.18317e-05 0.0026899 0.00267385 3.68894e-05 4.30447e-05 0.00272562 0.00010756 3.48674e-05 3.63181e-05 0.000251268 
0.0010059 0.000997101 2.42228e-05 3.61889e-05 0.00076032 0.000978402 2.13542e-05 3.43923e-05 0.00114463 2.68544e-05 2.557e-05 4.28924e-05 0.00239235 0.00290042 2.48046e-05 5.09654e-05 
0.00671183 0.000182802 2.78785e-05 3.14053e-05 0.000264821 0.000514603 2.45737e-05 2.662e-05 0.000341139 3.33511e-05 2.56423e-05 2.94062e-05 0.00344882 0.00322426 2.70769e-05 4.34113e-05 
8.25293e-06 0.000123863 4.13553e-05 1.2871e-05 5.36744e-06 0.000119891 1.29841e-05 1.19797e-05 5.09369e-06 1.70143e-05 0.000247205 1.15401e-05 1.93497e-05 0.000314808 1.30028e-05 1.13947e-05 
0.000537887 1.05841e-05 1.40358e-05 2.10314e-05 0.00116973 1.51718e-05 9.86385e-06 2.94553e-05 0.00547023 4.98085e-06 1.0282e-05 2.73444e-05 3.60272e-05 1.097e-05 1.21531e-05 0.00330166 
0.00653405 2.02025e-05 8.10426e-06 2.14755e-05 0.00437249 2.88151e-05 5.63487e-06 1.94453e-05 0.00451429 8.22747e-06 5.04711e-06 3.28024e-05 5.39487e-05 1.2511e-05 6.67247e-06 4.14603e-05 
0.00015015 0.000324519 1.56954e-05 1.3475e-05 6.952e-05 7.82118e-05 3.15573e-05 2.18858e-05 0.000383336 2.43698e-05 1.85744e-05 1.40002e-05 0.000166765 2.56608e-05 1.55051e-05 2.80507e-05 
1.75528e-05 1.72446e-05 1.8101e-05 5.44702e-05 1.92099e-05 2.0494e-05 1.58003e-05 2.2632e-05 1.40266e-05 1.86168e-05 2.52562e-05 2.11267e-05 5.67634e-06 1.39517e-05 1.5115e-05 1.96301e-05 
0.00373249 1.75791e-05 1.23051e-05 2.82236e-05 0.00488913 2.09559e-05 1.02993e-05 3.03491e-05 0.00396894 1.19849e-05 1.12206e-05 2.28736e-05 4.80322e-05 8.44375e-06 8.91008e-06 6.62359e-05 
0.00455428 1.97993e-05 1.2151e-05 2.48304e-05 0.00321858 3.39156e-05 9.11663e-06 2.02052e-05 0.00447571 1.20324e-05 8.42694e-06 2.65017e-05 0.000775052 1.20464e-05 5.94444e-06 3.74432e-05 
0.00134915 2.86415e-05 1.59783e-05 1.42792e-05 7.32507e-05 0.00350878 1.56305e-05 1.13532e-05 0.000507442 1.89275e-05 1.33318e-05 1.31787e-05 0.000119234 2.56015e-05 1.26079e-05 1.10533e-05 
