0
7.57098e-07
-6.79728e-07
1.70898e-08
-6.99152e-08
1.28833e-08
1.70834e-08
3.00087e-08
-5.0172e-08
7.02564e-08
-3.20545e-08
2.52566e-08
-5.65946e-08
7.69588e-08
-9.04763e-08
4.29613e-08
-3.42556e-08
-2.65789e-09
-1.98844e-08
2.97572e-08
-1.72475e-08
1.72258e-08
-1.71696e-08
2.38068e-08
-9.26916e-09
5.23725e-08
-3.02504e-08
2.53485e-08
-4.41244e-08
2.94735e-08
-5.68374e-08
1.24061e-08
1.32787e-08
2.81045e-09
-2.57737e-08
2.97992e-09
6.93818e-08
-4.11207e-08
5.15729e-08
-6.44856e-08
2.39719e-08
-3.62517e-08
4.01889e-08
-2.83308e-08
3.52076e-08
-5.34982e-08
4.652e-08
4.47197e-08
5.41661e-07
-6.37075e-08
1.66478e-06
-4.78293e-07
3.83342e-06
-1.13685e-06
8.11208e-06
-1.43298e-06
1.1481e-05
