0.258093
0.251229
0.251321
0.250238
0.262381
0.257895
0.256826
0.250066
0.249723
0.249676
0.249289
0.242821
0.251107
0.2509
0.249809
0.255552
0.250339
0.250962
0.2499
0.249716
0.250628
0.257212
0.25186
0.250468
0.248764
0.250247
0.250839
0.256937
0.256655
0.249979
0.249774
0.250794
0.24981
0.25594
0.249846
0.248956
0.251489
0.250915
0.250423
0.251203
0.251265
0.250049
0.257543
0.257237
0.257535
0.257854
0.257648
0.24948
0.250603
0.250977
0.25138
0.250195
0.249859
0.256431
0.257865
0.249984
0.256143
0.24952
0.250017
0.258326
0.250596
0.257107
0.249818
0.25781
0.256235
0.258882
0.236803
0.256224
0.258007
0.257437
0.257828
0.256813
0.258397
0.256878
0.257422
0.258366
0.25579
0.25624
0.256759
0.257984
0.257056
0.259936
0.244548
0.256622
0.256954
0.259161
0.258319
0.258096
0.258818
0.251477
0.256939
0.258813
0.245253
0.258112
0.258303
0.258905
0.258133
0.258736
0.258579
0.258861
0.257169
0.257698
0.258169
0.258499
0.25653
0.244243
0.257901
0.259173
0.258271
0.257769
0.256209
0.258646
0.257483
0.257554
0.258352
0.258169
0.257198
0.257267
0.257963
0.257483
0.256839
0.256411
0.258841
0.256616
0.258944
0.257732
0.243687
0.258482
0.256843
0.258273
0.257973
0.243244
0.250259
0.257151
0.258052
0.256021
0.258055
0.257944
0.244217
0.256338
0.258119
0.257449
0.257798
0.256688
0.256034
0.24916
0.249905
0.257053
0.258775
0.258115
0.258702
0.259342
0.257921
0.257982
0.245219
0.257836
0.257888
0.256856
0.248759
0.256905
0.256472
0.257814
0.250814
0.256153
0.256577
0.257085
0.258107
0.24918
0.25031
0.250859
0.249516
0.249544
0.249493
0.249619
0.249372
0.248763
0.250317
0.250888
0.249732
0.250193
0.249177
0.251665
0.250797
0.249264
0.250865
0.248682
0.249763
0.249729
0.25025
0.24927
0.249433
0.250539
0.250879
0.250708
0.249279
0.250502
0.249177
0.250073
0.250902
0.23742
0.249774
0.248694
0.250977
0.236349
0.250739
0.249481
0.25163
0.236558
0.251222
0.236471
0.250811
0.250508
0.249091
0.249324
0.250957
0.250823
0.250841
0.250108
0.251552
0.249527
0.251068
0.251428
0.251172
0.251459
0.251213
0.252371
0.249607
0.250768
0.250613
0.235858
0.250567
0.250857
0.24978
0.250394
0.249785
0.24934
0.250793
0.251055
0.250227
0.249638
0.25168
0.249966
0.251155
0.250896
0.250089
0.251078
0.251532
0.250811
0.250114
0.250865
0.249663
0.25182
0.250318
0.250429
0.249889
0.248886
0.250902
0.250417
0.250086
0.250887
0.250079
0.251822
0.251116
0.2514
0.248422
0.251433
0.250111
0.249163
0.250271
0.250652
0.250606
0.249886
0.25113
0.249649
0.250771
0.248716
0.251146
0.250718
0.249069
0.250636
0.249119
0.2353
0.250069
0.250424
0.250301
0.25085
0.235359
0.236336
0.235405
0.249948
0.251474
0.251102
0.25089
0.249909
0.235844
0.25005
0.248743
0.250817
0.250921
0.25029
0.249765
0.249317
0.249305
0.249494
0.249265
0.249055
0.236455
0.236
0.249738
0.249196
0.250719
0.250973
0.251471
0.249955
0.24981
0.248981
0.250776
0.250373
0.251231
0.250914
0.251478
0.251678
0.251234
0.25065
0.250629
0.263314
0.249196
0.24922
0.248506
0.249014
0.250289
0.249167
0.251144
0.249642
0.248419
0.251595
0.249026
0.262601
0.249631
0.25061
0.250434
0.250051
0.250094
0.248268
0.251198
0.250276
0.250749
0.250755
0.2508
0.250672
0.249949
0.249968
0.251122
0.25029
0.248665
0.248592
0.24976
0.249441
0.249181
0.251501
0.249819
0.251695
0.252584
0.249098
0.250875
0.249761
0.250364
0.249136
0.250785
0.250048
0.251886
0.250301
0.250965
0.25081
0.249946
0.25104
0.250021
0.250021
0.248894
0.251694
0.248993
0.251031
0.248904
0.250069
0.236026
0.236054
0.248923
0.24939
0.235611
0.23632
0.249663
0.249294
0.236436
0.249594
0.235941
0.249447
0.248908
0.249069
0.249761
0.248891
0.248918
0.25035
0.249492
0.236409
0.250336
0.235343
0.24949
0.237084
0.24932
0.235752
0.25097
0.248806
0.25122
0.250035
0.249239
0.236675
0.249614
0.251497
0.249433
0.236093
0.249662
0.238312
0.250606
0.25003
0.250776
0.249169
0.250419
0.249125
0.236219
0.249024
0.248835
0.248168
0.250206
0.23677
0.235627
0.249135
0.235704
0.248653
0.249065
0.236366
0.250475
0.248301
0.248395
0.235946
0.250406
0.250163
0.249469
0.235277
0.248004
0.236011
0.235756
0.249614
0.250163
0.249505
0.248247
0.234607
0.2495
0.248157
0.248554
0.235977
0.248876
0.235971
0.23577
0.248009
0.236948
0.248553
0.249209
0.235151
0.249581
0.251255
0.249052
0.249303
0.250219
0.250135
0.248675
0.250549
0.249394
0.249632
0.249906
0.235844
0.249715
0.250774
0.249678
0.25017
0.247636
0.249162
0.248693
0.249798
0.249757
0.250257
0.249351
0.249811
0.250067
0.249969
0.236384
0.249593
0.248241
0.248274
0.235975
0.249998
0.249374
0.235798
0.249766
0.250805
0.250761
0.234112
0.249186
0.248792
0.249552
0.249688
0.247992
0.250109
0.248393
0.237141
0.248623
0.248959
0.249286
0.250092
0.249559
0.235438
0.248295
0.250242
0.248713
0.249173
0.249231
0.249158
0.25049
0.248743
0.248258
0.249156
0.249844
0.248565
0.248153
0.249629
0.249526
0.249379
0.250239
0.249688
0.249195
0.250654
0.250195
0.250579
0.249972
0.249052
0.249736
0.248427
0.250564
0.249306
0.248111
0.249805
0.255863
0.249298
0.251165
0.248313
0.248442
0.248453
0.248711
0.248108
0.2492
0.249838
0.247649
0.249416
0.248701
0.248533
0.247362
0.248932
0.247676
0.248815
0.249101
0.249325
0.250233
0.248741
0.250576
0.249025
0.249571
0.249936
0.248881
0.249295
0.256731
0.250804
0.249484
0.249144
0.248773
0.248806
0.248032
0.250174
0.249848
0.248977
0.249915
0.249339
0.248684
0.250549
0.249965
0.248748
0.249543
0.24795
0.247695
0.248648
0.250724
0.250085
0.24918
0.250051
0.250311
0.24992
0.257075
0.256525
0.250137
0.249829
0.249951
0.249307
0.250156
0.248053
0.249311
0.249374
0.248743
0.249155
0.250127
0.249264
0.249546
0.24856
0.248082
0.24991
0.250252
0.24901
0.248546
0.249799
0.236578
0.249432
0.247741
0.249004
0.248163
0.248168
0.248559
0.25047
0.248456
0.236678
0.249138
0.249906
0.24988
0.250629
0.249783
0.250673
0.249624
0.251352
0.249821
0.249978
0.250136
0.249552
0.249427
0.249085
0.250069
0.24914
0.250668
0.249047
0.249392
0.249471
0.249432
0.249347
0.24944
0.248636
0.248198
0.24787
0.249992
0.250243
0.248709
0.250031
0.249101
0.235764
0.250088
0.249649
0.250779
0.249161
0.250263
0.250327
0.25066
0.249175
0.249745
0.249378
0.24912
0.250004
0.235987
0.250071
0.248921
0.248565
0.250225
0.250764
0.249172
0.249355
0.249567
0.24814
0.249318
0.249217
0.249317
0.249667
0.249767
0.249485
0.249963
0.250659
0.249953
0.249485
0.248349
0.250475
0.237339
0.249889
0.250192
0.250016
0.250624
0.250257
0.250803
0.249939
0.249603
0.25019
0.249054
0.248418
0.249395
0.249867
0.251215
0.24986
0.249412
0.248823
0.249704
0.250074
0.250153
0.249864
0.250501
0.25054
0.250354
0.249566
0.248817
0.248243
0.248607
0.249694
0.249479
0.249471
0.250592
0.24856
0.24876
0.24833
0.250056
0.249967
0.249445
0.249885
0.248799
0.248034
0.25025
0.24871
0.248975
0.249391
0.25025
0.249023
0.249315
0.249071
0.249524
0.250739
0.250501
0.249626
0.249785
0.250738
0.250363
0.249378
0.249985
0.24943
0.250208
0.248981
0.24851
0.249388
0.248232
0.24913
0.249322
0.249792
0.249202
0.249366
0.248687
0.249287
0.249174
0.249546
0.248671
0.249038
0.249266
0.248972
0.248471
0.249156
0.249221
0.249318
0.250067
0.249976
0.250007
0.250061
0.250403
0.248986
0.249553
0.248439
0.248299
0.248255
0.248572
0.248483
0.249272
0.248826
0.248814
0.249397
0.249843
0.249454
0.248874
0.250891
0.251764
0.251553
0.247567
0.248998
0.250163
0.249746
0.248801
0.248873
0.248319
0.24864
0.248263
0.249233
0.248186
0.250207
0.249733
0.250158
0.249869
0.249658
0.249911
0.249867
0.25109
0.250174
0.248639
0.248031
0.250336
0.249893
0.248965
0.248646
0.247796
0.24912
0.248991
0.248363
0.248127
0.249823
0.247498
0.249315
0.248867
0.24796
0.247929
0.247961
0.247974
0.249076
0.247792
0.248131
0.248723
0.249522
0.249515
0.248771
0.248553
0.249284
0.248466
0.248835
0.248788
0.249045
0.248338
0.254438
0.248279
0.249911
0.248595
0.248772
0.247835
0.248063
0.247485
0.254949
0.248368
0.248454
0.248569
0.249633
0.248902
0.24926
0.249288
0.250455
0.248155
0.248996
0.248907
0.248594
0.262721
0.250663
0.24901
0.24884
0.256819
0.24917
0.251069
0.248978
0.249251
0.248948
0.247836
0.250372
0.249077
0.249003
0.249753
0.249337
0.248846
0.249432
0.24934
0.24988
0.249373
0.250289
0.250394
0.250549
0.248027
0.249834
0.249609
0.248994
0.248208
0.249837
0.249056
0.248219
0.250661
0.250853
0.249754
0.250038
0.249523
0.248566
0.249395
0.249698
0.249002
0.248188
0.249587
0.248691
0.249677
0.248898
0.249332
0.247137
0.248912
0.2489
0.247589
0.249663
0.247698
0.249302
0.26192
0.255348
0.249407
0.248208
0.248632
0.249639
0.248599
0.248455
0.249925
0.248161
0.248639
0.248963
0.249083
0.248222
0.248866
0.247989
0.249383
0.248321
0.249843
0.248319
0.248288
0.247632
0.247663
0.248694
0.248516
0.24827
0.248949
0.247664
0.249822
0.249559
0.249006
0.249405
0.248311
0.247873
0.247946
0.249053
0.249656
0.24776
0.248958
0.247745
0.249062
0.249069
0.249466
0.247113
0.24879
0.248681
0.249167
0.248916
0.248305
0.249035
0.248891
0.248828
0.249758
0.263026
0.248581
0.247923
0.247014
0.249422
0.248396
0.247534
0.247336
0.248104
0.248606
0.248337
0.249359
0.246944
0.249116
