-2.3258
-2.32342
-2.32464
-2.32451
-2.32737
-2.32682
-2.32776
-2.32422
-2.3252
-2.32458
-2.32481
-2.31912
-2.32513
-2.3243
-2.32533
-2.32513
-2.32289
-2.32589
-2.32126
-2.32418
-2.32405
-2.32485
-2.32423
-2.32489
-2.32463
-2.32263
-2.32595
-2.32707
-2.32902
-2.32494
-2.32558
-2.32472
-2.3282
-2.32495
-2.32291
-2.3253
-2.32545
-2.32452
-2.32397
-2.32294
-2.32318
-2.32536
-2.32522
-2.32543
-2.32605
-2.3282
-2.32623
-2.32454
-2.32254
-2.32505
-2.32427
-2.32571
-2.32444
-2.32572
-2.32399
-2.32481
-2.3257
-2.32139
-2.32338
-2.32271
-2.32309
-2.32618
-2.32406
-2.3246
-2.3232
-2.32333
-2.3196
-2.32484
-2.325
-2.32513
-2.32408
-2.32565
-2.32385
-2.32828
-2.32457
-2.32589
-2.32424
-2.3243
-2.3264
-2.32622
-2.32631
-2.32336
-2.3183
-2.32581
-2.32425
-2.32298
-2.32752
-2.32271
-2.32452
-2.32529
-2.32559
-2.32313
-2.32207
-2.32193
-2.32328
-2.3246
-2.32403
-2.3214
-2.32493
-2.32233
-2.3236
-2.32497
-2.32405
-2.32416
-2.32278
-2.32254
-2.32505
-2.32279
-2.32456
-2.32489
-2.32633
-2.32672
-2.32781
-2.32491
-2.32519
-2.32493
-2.3269
-2.32669
-2.32452
-2.32301
-2.32396
-2.32654
-2.32342
-2.32659
-2.32326
-2.32368
-2.3221
-2.32484
-2.32198
-2.32465
-2.32389
-2.32048
-2.32297
-2.32227
-2.325
-2.32329
-2.32397
-2.32418
-2.32313
-2.32482
-2.32407
-2.32712
-2.32292
-2.32584
-2.32501
-2.3242
-2.32395
-2.32759
-2.32481
-2.32483
-2.32497
-2.32207
-2.32365
-2.32599
-2.32236
-2.32429
-2.32529
-2.32316
-2.32482
-2.32639
-2.32457
-2.32398
-2.32208
-2.32205
-2.32704
-2.32675
-2.32528
-2.32282
-2.32376
-2.32522
-2.32561
-2.32413
-2.32314
-2.32408
-2.32473
-2.32483
-2.32382
-2.3248
-2.32598
-2.32374
-2.32514
-2.32116
-2.32192
-2.3243
-2.32468
-2.32643
-2.32251
-2.3246
-2.32281
-2.32166
-2.32555
-2.32393
-2.32576
-2.323
-2.32352
-2.32353
-2.32652
-2.32608
-2.32308
-2.32246
-2.32514
-2.3239
-2.32659
-2.31938
-2.32097
-2.32605
-2.32358
-2.32082
-2.32218
-2.32122
-2.32012
-2.32391
-2.3248
-2.32373
-2.32342
-2.32559
-2.32369
-2.32448
-2.32513
-2.32645
-2.3251
-2.32226
-2.32474
-2.32144
-2.32435
-2.32358
-2.32326
-2.32554
-2.32273
-2.32397
-2.32479
-2.32263
-2.3253
-2.32569
-2.32054
-2.32467
-2.32558
-2.32231
-2.32399
-2.32367
-2.32426
-2.32656
-2.32667
-2.32374
-2.32599
-2.32609
-2.32486
-2.32093
-2.32428
-2.32369
-2.32447
-2.3228
-2.32281
-2.32401
-2.32525
-2.32568
-2.32406
-2.32326
-2.32418
-2.32313
-2.32503
-2.32305
-2.32513
-2.32508
-2.32431
-2.32285
-2.32277
-2.32456
-2.32282
-2.32499
-2.32448
-2.32432
-2.32335
-2.32267
-2.3238
-2.32486
-2.32268
-2.32417
-2.32444
-2.32314
-2.32294
-2.32047
-2.32464
-2.32362
-2.3211
-2.32293
-2.31914
-2.31874
-2.32143
-2.32457
-2.32259
-2.32334
-2.32268
-2.32539
-2.31864
-2.32493
-2.32561
-2.32271
-2.325
-2.32387
-2.32209
-2.32422
-2.32687
-2.32445
-2.32489
-2.32489
-2.3185
-2.32017
-2.32547
-2.32352
-2.32457
-2.3255
-2.32264
-2.32581
-2.32398
-2.32676
-2.32558
-2.3222
-2.32227
-2.32392
-2.32383
-2.3232
-2.32266
-2.3282
-2.32381
-2.32882
-2.32443
-2.32579
-2.32473
-2.32495
-2.32122
-2.32111
-2.32188
-2.32095
-2.3233
-2.3243
-2.32286
-2.32637
-2.32297
-2.32113
-2.32634
-2.32247
-2.32244
-2.3226
-2.32161
-2.32415
-2.32337
-2.32388
-2.32098
-2.32442
-2.32033
-2.32234
-2.32222
-2.32369
-2.32178
-2.32456
-2.3214
-2.3238
-2.32376
-2.32341
-2.32401
-2.3242
-2.3199
-2.32405
-2.32501
-2.32601
-2.32547
-2.32394
-2.32303
-2.32343
-2.32214
-2.32368
-2.32222
-2.32347
-2.32408
-2.32646
-2.32325
-2.32446
-2.32258
-2.32309
-2.32267
-2.32414
-2.32099
-2.3239
-2.32106
-2.31809
-2.32341
-2.3226
-2.31829
-2.31876
-2.32504
-2.32309
-2.31962
-2.32241
-2.32157
-2.32436
-2.3239
-2.32329
-2.3229
-2.32225
-2.32622
-2.32286
-2.32111
-2.31997
-2.32396
-2.32479
-2.32064
-2.32235
-2.32341
-2.31924
-2.32263
-2.32118
-2.32333
-2.32251
-2.32346
-2.3204
-2.32277
-2.32263
-2.32267
-2.3204
-2.3237
-2.31927
-2.32404
-2.3234
-2.32357
-2.32332
-2.32032
-2.3234
-2.31899
-2.32312
-2.32165
-2.32494
-2.32497
-2.32042
-2.32325
-2.32612
-2.32127
-2.32585
-2.32414
-2.32008
-2.32629
-2.32385
-2.32495
-2.31871
-2.32353
-2.32277
-2.32623
-2.32202
-2.32247
-2.32175
-2.32459
-2.32558
-2.32387
-2.32261
-2.32361
-2.32111
-2.32585
-2.32285
-2.32397
-2.32116
-2.32555
-2.32213
-2.31995
-2.32512
-2.3223
-2.32489
-2.32586
-2.32082
-2.32274
-2.32387
-2.32336
-2.32449
-2.32329
-2.32212
-2.32329
-2.32103
-2.32487
-2.32257
-2.32073
-2.32251
-2.32326
-2.32678
-2.32417
-2.32289
-2.32545
-2.32347
-2.3243
-2.32256
-2.32308
-2.32397
-2.32491
-2.3231
-2.32206
-2.32479
-2.3202
-2.32472
-2.32345
-2.32458
-2.31993
-2.32362
-2.32306
-2.31903
-2.32492
-2.32363
-2.32494
-2.31985
-2.32313
-2.32486
-2.32199
-2.32317
-2.32607
-2.32163
-2.32584
-2.32112
-2.32181
-2.32054
-2.32507
-2.32464
-2.32303
-2.3208
-2.32406
-2.32444
-2.3251
-2.32414
-2.32688
-2.32504
-2.32371
-2.32449
-2.32406
-2.32268
-2.32514
-2.3225
-2.32434
-2.32266
-2.32271
-2.32373
-2.32072
-2.3224
-2.32538
-2.32563
-2.3246
-2.32072
-2.32568
-2.32243
-2.32151
-2.32254
-2.32421
-2.3218
-2.32372
-2.3257
-2.32748
-2.32432
-2.32609
-2.3238
-2.32574
-2.3265
-2.32352
-2.32689
-2.32585
-2.32551
-2.32344
-2.32598
-2.32511
-2.32485
-2.32444
-2.32412
-2.32267
-2.3243
-2.32426
-2.3282
-2.32236
-2.32329
-2.32443
-2.32532
-2.32429
-2.32402
-2.32455
-2.326
-2.32755
-2.32508
-2.32573
-2.32246
-2.32362
-2.3258
-2.32317
-2.3249
-2.32348
-2.32327
-2.32068
-2.32533
-2.32657
-2.32108
-2.32406
-2.32359
-2.32617
-2.32204
-2.32434
-2.32294
-2.32208
-2.32505
-2.32332
-2.32222
-2.32181
-2.3219
-2.32739
-2.32626
-2.32195
-2.32116
-2.32533
-2.32323
-2.32007
-2.32431
-2.32328
-2.32335
-2.32413
-2.32268
-2.32242
-2.32244
-2.3252
-2.3223
-2.32205
-2.32326
-2.3227
-2.32508
-2.32564
-2.32211
-2.3182
-2.32337
-2.32458
-2.32153
-2.32215
-2.32475
-2.32089
-2.3235
-2.3245
-2.31928
-2.32375
-2.32259
-2.31944
-2.32158
-2.32423
-2.32528
-2.32403
-2.32531
-2.32367
-2.32532
-2.32451
-2.32266
-2.3222
-2.32325
-2.32202
-2.32512
-2.32547
-2.32234
-2.32337
-2.32296
-2.32548
-2.32565
-2.32474
-2.32396
-2.32486
-2.32272
-2.32347
-2.32277
-2.32263
-2.32526
-2.32549
-2.32181
-2.32407
-2.3246
-2.32225
-2.32362
-2.32005
-2.32145
-2.32267
-2.32334
-2.32242
-2.32438
-2.32271
-2.32182
-2.31962
-2.32198
-2.32499
-2.32376
-2.32322
-2.32527
-2.32299
-2.32462
-2.32481
-2.32469
-2.32356
-2.32049
-2.32404
-2.32347
-2.32464
-2.32397
-2.32433
-2.32262
-2.32363
-2.3243
-2.32391
-2.32049
-2.32041
-2.32469
-2.32415
-2.32553
-2.32398
-2.32329
-2.32382
-2.32321
-2.32403
-2.32182
-2.3239
-2.32509
-2.32331
-2.32311
-2.32278
-2.32275
-2.32116
-2.32259
-2.32235
-2.32396
-2.32242
-2.32538
-2.32161
-2.32312
-2.32422
-2.32394
-2.32389
-2.32441
-2.32577
-2.32468
-2.3249
-2.32198
-2.32367
-2.32513
-2.32293
-2.3237
-2.3249
-2.32779
-2.32429
-2.32259
-2.32538
-2.32338
-2.32421
-2.32481
-2.32246
-2.32393
-2.32412
-2.32566
-2.32433
-2.32185
-2.3241
-2.32054
-2.32363
-2.32253
-2.32412
-2.32299
-2.32203
-2.32119
-2.32521
-2.32385
-2.32193
-2.32476
-2.32249
-2.32536
-2.32304
-2.32293
-2.32103
-2.32225
-2.32255
-2.32426
-2.32288
-2.32297
-2.32436
-2.32155
-2.32229
-2.32303
-2.32439
-2.32236
-2.32276
-2.32288
-2.32318
-2.32388
-2.32315
-2.32345
-2.32363
-2.32271
-2.32405
-2.32403
-2.32188
-2.32302
-2.32491
-2.32277
-2.32521
-2.32178
-2.32317
-2.3227
-2.32414
-2.32235
-2.32265
-2.32466
-2.32344
-2.32745
-2.32529
-2.32468
-2.32599
-2.32437
-2.32521
-2.32353
-2.32396
-2.32476
-2.32471
-2.32657
-2.32254
-2.32476
-2.32479
-2.32284
-2.32309
-2.3232
-2.32483
-2.32303
-2.32377
-2.32373
-2.32273
-2.32278
-2.3261
-2.32389
-2.32326
-2.32284
-2.32358
-2.32314
-2.32629
-2.32614
-2.32408
-2.32549
-2.32606
-2.32333
-2.32358
-2.32374
-2.32616
-2.32482
-2.32444
-2.32395
-2.3256
-2.32389
-2.32477
-2.32547
-2.32575
-2.32422
-2.32713
-2.32431
-2.3239
-2.3214
-2.32512
-2.32524
-2.32499
-2.326
-2.32618
-2.32569
-2.3256
-2.32447
-2.32695
-2.32421
-2.32481
-2.32328
-2.32343
-2.32513
-2.32551
-2.32597
-2.32713
-2.32533
-2.32519
-2.32286
-2.32518
-2.32586
-2.32547
-2.32714
-2.32669
-2.32399
-2.32688
-2.3236
-2.32402
-2.32537
-2.32412
-2.32387
-2.32482
-2.32529
-2.32394
-2.32413
-2.32473
-2.32367
-2.3214
-2.32474
-2.32111
-2.32358
-2.32165
-2.32093
-2.32497
-2.32255
-2.32196
-2.32395
-2.32669
-2.324
-2.32398
-2.32299
-2.32352
-2.32334
-2.32525
-2.32344
-2.32391
-2.32571
-2.32461
-2.32304
-2.32267
-2.32491
-2.32594
-2.32281
-2.3221
-2.32558
-2.32017
-2.32249
-2.32264
-2.3229
-2.3213
-2.32292
-2.32229
-2.32372
-2.32314
-2.32176
-2.32475
-2.32184
-2.32265
-2.32298
-2.32661
-2.32575
-2.32154
-2.3246
-2.3239
-2.32227
-2.32238
-2.32293
-2.32185
-2.3236
-2.32148
-2.32399
-2.32188
-2.32134
-2.32264
-2.32344
-2.32162
-2.32063
-2.32316
-2.32438
-2.32151
-2.32427
-2.32235
-2.32226
-2.32254
-2.32377
-2.32319
-2.32269
-2.32083
-2.31924
-2.32074
-2.32408
-2.32295
-2.32187
-2.32354
-2.32195
-2.31995
-2.32494
-2.3229
-2.32267
-2.32501
-2.32309
-2.32237
-2.32693
-2.32325
-2.3234
-2.32052
-2.32355
-2.3221
-2.3244
-2.32087
-2.32203
-2.32364
-2.32505
-2.32207
-2.32266
-2.32442
-2.32334
-2.32341
-2.32157
-2.32106
-2.32296
-2.32244
-2.32248
-2.3225
-2.32194
-2.32394
