-0.032947
-0.0326654
-0.0329076
-0.0329009
-0.0328929
-0.0327408
-0.0328537
-0.0328472
-0.0328261
-0.0329399
-0.0327617
-0.0327501
-0.0325026
-0.0326224
-0.0324201
-0.0327256
-0.0327699
-0.0327299
-0.0327479
-0.03275
-0.0327211
-0.0326877
-0.0327772
-0.0327266
-0.0327505
-0.0327849
-0.0327301
-0.0327048
-0.0327387
-0.0327974
-0.0327439
-0.0327368
-0.0328141
-0.0327245
-0.0327287
-0.0327977
-0.0327383
-0.0327407
-0.0327584
-0.0327967
-0.0327943
-0.0327183
-0.0327323
-0.0326766
-0.0327244
-0.0327388
-0.0327279
-0.0327395
-0.0328017
-0.0327761
-0.0327205
-0.0327415
-0.0327665
-0.0327394
-0.0327339
-0.0327312
-0.0327896
-0.032744
-0.03275
-0.0327307
-0.0327148
-0.0327492
-0.0327698
-0.0327086
-0.0327336
-0.0327606
-0.0327351
-0.0327075
-0.032725
-0.0327127
-0.0327395
-0.0327381
-0.0327241
-0.0327292
-0.0327512
-0.0327718
-0.0327247
-0.0327456
-0.0327339
-0.0327223
-0.0327303
-0.0327289
-0.0327379
-0.0327345
-0.0327392
-0.0327503
-0.0327239
-0.0327436
-0.0327006
-0.0327085
-0.0327249
-0.0327219
-0.0327155
-0.0327267
-0.0327303
-0.032732
-0.0327277
-0.032732
-0.0327371
-0.0327317
-0.0327582
-0.0327799
-0.032731
-0.0327295
-0.0327037
-0.0327247
-0.0327398
-0.0327178
-0.0327187
-0.0327231
-0.0327258
-0.0327346
-0.0326876
-0.0327269
-0.0327177
-0.0327285
-0.0327353
-0.0327293
-0.0327339
-0.0327543
-0.0327572
-0.0327381
-0.0327239
-0.0327479
-0.0327256
-0.0327525
-0.0327289
-0.0327211
-0.0327472
-0.0327451
-0.0327119
-0.0327338
-0.0327459
-0.0327561
-0.0327614
-0.0327447
-0.03277
-0.0327416
-0.0327395
-0.0327412
-0.0327316
-0.0327235
-0.0327528
-0.0327831
-0.0327809
-0.0327338
-0.0327357
-0.0327683
-0.0327816
-0.0327478
-0.0327313
-0.032727
-0.0327598
-0.032735
-0.0327589
-0.0327503
-0.0327307
-0.032742
-0.0327816
-0.0326953
-0.0327379
-0.0326974
-0.0327285
-0.0327678
-0.0327852
-0.0327155
-0.0327688
-0.0327497
-0.0327316
-0.0326762
-0.0327622
-0.0327078
-0.0327421
-0.0327736
-0.0327574
-0.0327621
-0.0327234
-0.0327325
-0.0327808
-0.032747
-0.0327167
-0.0327924
-0.0327288
-0.032749
-0.0327296
-0.0327412
-0.0327773
-0.0327341
-0.0327652
-0.0327801
-0.0327375
-0.0327655
-0.0327283
-0.032735
-0.032745
-0.0327151
-0.0327553
-0.0326953
-0.0327471
-0.0327044
-0.0327628
-0.0327475
-0.0327046
-0.0327346
-0.0327455
-0.0327497
-0.0327424
-0.0327506
-0.0327463
-0.0327223
-0.0327594
-0.0327194
-0.0327585
-0.0327374
-0.0326795
-0.0327257
-0.0327319
-0.032738
-0.0327366
-0.032756
-0.0327521
-0.0327203
-0.0327217
-0.0327223
-0.0326865
-0.0327236
-0.0327977
-0.0327245
-0.0327313
-0.0327409
-0.0327325
-0.0326747
-0.0327266
-0.0327663
-0.0327372
-0.0327549
-0.032727
-0.0327266
-0.0327668
-0.032734
-0.0327206
-0.0327492
-0.0327236
-0.032723
-0.0327252
-0.0327247
-0.0327147
-0.0327731
-0.0327522
-0.0327326
-0.0327903
-0.0327379
-0.0327183
-0.0327691
-0.0327558
-0.0327587
-0.0327265
-0.0327186
-0.0327299
-0.0327851
-0.0327338
-0.0327174
-0.0327258
-0.0326801
-0.0327592
-0.0327179
-0.0327229
-0.0327929
-0.0327628
-0.0327298
-0.0327318
-0.032747
-0.032772
-0.0327916
-0.0327292
-0.0327714
-0.032744
-0.0327257
-0.0327394
-0.0327828
-0.0327281
-0.0327289
-0.0327353
-0.0327556
-0.032776
-0.0327352
-0.0327389
-0.0327946
-0.0327323
-0.0327292
-0.0327782
-0.0327106
-0.0327579
-0.032753
-0.0327523
-0.0327299
-0.0327388
-0.0327244
-0.0326878
-0.0327141
-0.0327987
-0.0327613
-0.0327294
-0.0327478
-0.0327908
-0.0327319
-0.0327365
-0.0327224
-0.0327413
-0.0327554
-0.0327258
-0.0327336
-0.0327685
-0.032737
-0.0327572
-0.0327367
-0.0326975
-0.0327401
-0.032736
-0.0327282
-0.0327327
-0.0327097
-0.0327677
-0.0327447
-0.0327212
-0.0327338
-0.0327396
-0.0327605
-0.0327502
-0.0327427
-0.0327395
-0.0327444
-0.0327384
-0.0328318
-0.0327782
-0.0327245
-0.0327403
-0.032731
-0.0327902
-0.0327377
-0.032722
-0.0327444
-0.0327296
-0.0327672
-0.0327464
-0.0327302
-0.0327257
-0.0327222
-0.0327358
-0.0327497
-0.0327369
-0.0327564
-0.0327257
-0.0327002
-0.0327533
-0.032755
-0.0327487
-0.0327812
-0.0327448
-0.0327253
-0.0327486
-0.0327267
-0.0327337
-0.0327388
-0.0327249
-0.0327359
-0.0327867
-0.0327943
-0.0327326
-0.032764
-0.0327063
-0.0327514
-0.0327377
-0.0327047
-0.0327402
-0.0327362
-0.0327875
-0.0327394
-0.0327987
-0.0327203
-0.0327961
-0.0327102
-0.032738
-0.0327717
-0.0327367
-0.0327253
-0.032745
-0.0327826
-0.0327732
-0.0327528
-0.0327576
-0.0327496
-0.0327592
-0.0327548
-0.0327387
-0.0327422
-0.0327401
-0.0327704
-0.0327412
-0.0327306
-0.0327587
-0.0327672
-0.0327575
-0.0327329
-0.0327348
-0.0327366
-0.0327544
-0.0327542
-0.0327489
-0.0327517
-0.0327065
-0.0327585
-0.0327239
-0.0327188
-0.0327486
-0.0327314
-0.0327589
-0.0327322
-0.0327602
-0.0327715
-0.0327544
-0.0327852
-0.0327357
-0.032748
-0.0327648
-0.032753
-0.032735
-0.0328015
-0.0327131
-0.0327431
-0.0327784
-0.0327326
-0.0327424
-0.0327465
-0.0327897
-0.0327474
-0.0327555
-0.0327583
-0.0327277
-0.032787
-0.032727
-0.0327413
-0.0327481
-0.0327955
-0.0327727
-0.0327349
-0.0327342
-0.0327701
-0.0327492
-0.032743
-0.0327376
-0.0327531
-0.0327737
-0.0327463
-0.0327381
-0.0327449
-0.032735
-0.0327039
-0.03278
-0.032735
-0.0327369
-0.0327686
-0.0327499
-0.0326978
-0.0327291
-0.0327833
-0.0327406
-0.0327782
-0.0327508
-0.0327451
-0.0327441
-0.0327229
-0.0327383
-0.032791
-0.0327219
-0.0327426
-0.032794
-0.0327461
-0.0327503
-0.032758
-0.0327036
-0.032742
-0.0327917
-0.0327395
-0.0327463
-0.0327396
-0.0327581
-0.0327612
-0.0327259
-0.0327442
-0.032741
-0.0327546
-0.0327475
-0.0327519
-0.0327401
-0.0327371
-0.0326984
-0.0327644
-0.032775
-0.0328127
-0.0327682
-0.0327776
-0.0327371
-0.0327486
-0.0327254
-0.0327976
-0.0327059
-0.0327247
-0.0327478
-0.0327548
-0.0327882
-0.0327353
-0.0327648
-0.0327303
-0.0327499
-0.0327464
-0.0327457
-0.0327928
-0.0327391
-0.0327258
-0.0327508
-0.0327892
-0.03276
-0.0327433
-0.0327656
-0.0327407
-0.0327144
-0.0327195
-0.0327558
-0.0327863
-0.0328094
-0.0327517
-0.0327702
-0.0326851
-0.0327403
-0.0327552
-0.0327459
-0.0327473
-0.0327204
-0.0327127
-0.0327892
-0.0327445
-0.0326777
-0.0327686
-0.03274
-0.0327542
-0.0327176
-0.0327457
-0.0327927
-0.0327159
-0.0327709
-0.0327775
-0.0327824
-0.0327521
-0.0327486
-0.032761
-0.0327746
-0.0327952
-0.0327439
-0.0327375
-0.0327445
-0.0327736
-0.0327691
-0.0327735
-0.0327693
-0.0327257
-0.0327556
-0.0327409
-0.0327576
-0.0327296
-0.0327418
-0.0327689
-0.0327351
-0.0327432
-0.0327739
-0.0327176
-0.0327411
-0.032701
-0.0327444
-0.03276
-0.0327419
-0.0327469
-0.0326918
-0.0327592
-0.0327155
-0.0327635
-0.0327644
-0.0327426
-0.0327697
-0.0327573
-0.0327516
-0.0327443
-0.0327492
-0.0327535
-0.0327553
-0.0327601
-0.0327773
-0.0327091
-0.0327597
-0.0327257
-0.0327604
-0.0327486
-0.0327619
-0.0327881
-0.0327244
-0.0327463
-0.0327804
-0.0327497
-0.0327563
-0.0327437
-0.0326767
-0.0327557
-0.0327633
-0.0327312
-0.0327475
-0.0327341
-0.0327975
-0.0327488
-0.0327212
-0.0327721
-0.0327529
-0.0327823
-0.0327987
-0.0327515
-0.03273
-0.0327644
-0.0327504
-0.0327279
-0.0327341
-0.0328072
-0.0327646
-0.0327678
-0.032746
-0.0327448
-0.0327512
-0.0327963
-0.0327628
-0.0327558
-0.0327681
-0.0327595
-0.0327051
-0.0327868
-0.0327613
-0.0326983
-0.0327768
-0.0327529
-0.0327385
-0.0327858
-0.0328178
-0.0327481
-0.0327297
-0.0326968
-0.0327494
-0.032787
-0.0327445
-0.0327968
-0.0327439
-0.0327405
-0.0327659
-0.0327507
-0.0327482
-0.0327821
-0.0327582
-0.03274
-0.0328012
-0.0326992
-0.0327779
-0.0327678
-0.032755
-0.0327949
-0.0327567
-0.0327676
-0.0327814
-0.0327399
-0.0327422
-0.0327851
-0.0327449
-0.0327455
-0.03277
-0.0327978
-0.0327832
-0.0327109
-0.0327997
-0.032808
-0.0327967
-0.0327318
-0.0327479
-0.0327716
-0.0327435
-0.0326992
-0.032756
-0.0327579
-0.0327574
-0.0328077
-0.0327651
-0.0327473
-0.0327749
-0.0328021
-0.0327623
-0.0327629
-0.0327538
-0.0327517
-0.0327388
-0.0327625
-0.0327488
-0.032794
-0.0327558
-0.0327437
-0.0327597
-0.0327446
-0.0327622
-0.0327403
-0.03276
-0.0327469
-0.032767
-0.03275
-0.0327914
-0.0327388
-0.0327526
-0.032734
-0.0326934
-0.0327455
-0.0327268
-0.0327267
-0.0327587
-0.0327335
-0.0327343
-0.0327997
-0.0327682
-0.0327573
-0.032792
-0.0327433
-0.0327855
-0.0327935
-0.0327568
-0.0327501
-0.0327503
-0.0327556
-0.0327286
-0.0327397
-0.0327602
-0.0327695
-0.0327676
-0.0327715
-0.0327892
-0.0327685
-0.0327896
-0.0327669
-0.0327731
-0.0327474
-0.0327452
-0.0327803
-0.0327556
-0.0327905
-0.0327451
-0.0327686
-0.0327465
-0.0327649
-0.0327851
-0.032739
-0.0327571
-0.0327618
-0.0327481
-0.0327645
-0.0327367
-0.0326859
-0.0327669
-0.032751
-0.0327519
-0.032774
-0.0327536
-0.0328004
-0.0327723
-0.0327714
-0.0327507
-0.0327706
-0.0328084
-0.032772
-0.03278
-0.0327747
-0.0327699
-0.0327505
-0.0327657
-0.0327679
-0.0327607
-0.0327448
-0.0327456
-0.0327521
-0.0327207
-0.0327956
-0.0327906
-0.0327894
-0.0327506
-0.032757
-0.0327948
-0.032758
-0.0327648
-0.0327566
-0.0327754
-0.0327706
-0.032741
-0.0327873
-0.0328096
-0.0327529
-0.0327476
-0.032772
-0.0328032
-0.0327665
-0.0327221
-0.0328025
-0.0327454
-0.0328051
-0.0327722
-0.0327577
-0.0327682
-0.0327641
-0.0328241
-0.0327477
-0.0327511
-0.032781
-0.0327565
-0.0327892
-0.0327684
-0.0327472
-0.0327336
-0.0327591
-0.0327292
-0.0327489
-0.0327582
-0.0327608
-0.0328027
-0.0327988
-0.0327551
-0.0327858
-0.0328002
-0.0327613
-0.0327737
-0.0327433
-0.0327679
-0.0328202
-0.0327672
-0.0327566
-0.0327716
-0.032772
-0.0327727
-0.0328012
-0.0328074
-0.0328063
-0.0327788
-0.0327073
-0.0327446
-0.0327623
-0.0327375
-0.0327787
-0.0327874
-0.0327476
-0.0327705
-0.0328027
-0.0327648
-0.0327821
-0.0327073
-0.0328014
-0.0327541
-0.0327703
-0.0327987
-0.0327779
-0.0328198
-0.0327508
-0.0327551
-0.0326906
-0.0327866
-0.0327814
-0.0327886
-0.0327727
-0.03275
-0.0327452
-0.0327165
-0.0327825
-0.0327714
-0.0327547
-0.0327569
-0.0327176
-0.0327869
-0.032752
-0.0327318
-0.0327855
-0.0327766
-0.0327984
-0.0327509
-0.0327579
-0.032756
-0.0327632
-0.0328293
-0.0327698
-0.0327329
-0.0327859
-0.032772
-0.0327639
-0.0327531
-0.0327267
-0.0328265
-0.0327434
-0.0327791
-0.0327935
-0.0327557
-0.0327555
-0.0327721
-0.0327853
-0.0327731
-0.0327844
-0.0327305
-0.0327919
-0.0327511
-0.032745
-0.0327886
-0.0327956
-0.0327692
-0.0327292
-0.0327593
-0.0327683
-0.0327767
-0.0327888
-0.0327637
-0.0327363
-0.0327711
-0.0327703
-0.0327713
-0.0327488
-0.0327918
-0.0327662
-0.0327742
-0.0327969
-0.0327577
-0.0327769
-0.0327522
-0.0327843
-0.0327924
-0.0327687
-0.0328079
-0.0327476
-0.0327521
-0.0327563
-0.0327112
-0.0327749
-0.0327898
-0.0327672
-0.0327527
-0.0327766
-0.032749
-0.0327154
-0.0327907
-0.0327462
-0.0327741
-0.0327763
-0.0327816
-0.0327795
-0.0327978
-0.0327074
-0.0327744
-0.0327895
-0.0327814
-0.0327679
-0.0327808
-0.0327534
-0.0327578
-0.0328052
-0.0327564
-0.0328008
-0.032779
-0.0327389
-0.0327574
-0.0327954
-0.032756
-0.0327789
-0.0327821
-0.0328041
-0.0327356
-0.032778
-0.0327414
-0.0327763
-0.0327777
-0.0327532
-0.0328142
-0.0327731
-0.0327671
-0.032806
-0.032772
-0.0328076
-0.0327738
-0.0327478
-0.0327628
-0.0328104
-0.032757
-0.0328285
-0.032764
-0.0327792
-0.0327636
-0.0327011
-0.03277
-0.03277
-0.0327767
