2.89809
2.9047
2.90479
2.9036
2.88944
2.89787
2.8967
2.90342
2.90303
2.90298
2.90256
2.91292
2.90455
2.90433
2.90312
2.89528
2.90373
2.90438
2.90326
2.90303
2.90403
2.89711
2.90538
2.90385
2.90198
2.90363
2.90425
2.89682
2.89652
2.90331
2.90308
2.90421
2.9031
2.89571
2.90319
2.90219
2.90496
2.90434
2.90381
2.90468
2.90474
2.90339
2.89748
2.89714
2.89747
2.89783
2.8976
2.90277
2.90402
2.90441
2.90486
2.90354
2.90319
2.89626
2.89783
2.90332
2.89594
2.90284
2.90337
2.89833
2.90401
2.897
2.90314
2.89777
2.89602
2.89895
2.91674
2.89602
2.89799
2.89736
2.89779
2.89668
2.89842
2.89676
2.89734
2.89839
2.89554
2.89604
2.89662
2.89797
2.89695
2.90012
2.91101
2.89647
2.89682
2.89926
2.89834
2.89808
2.89888
2.90495
2.89682
2.89887
2.91169
2.8981
2.89831
2.89898
2.89812
2.89879
2.89862
2.89893
2.89706
2.89765
2.89816
2.89853
2.89635
2.91057
2.89787
2.89927
2.89828
2.89773
2.89602
2.8987
2.89742
2.89749
2.89837
2.89817
2.89711
2.89718
2.89794
2.8974
2.8967
2.89624
2.89891
2.89647
2.89902
2.89768
2.90997
2.89851
2.89669
2.89828
2.89795
2.90952
2.90364
2.89703
2.89804
2.89579
2.89804
2.89792
2.91053
2.89615
2.89811
2.89738
2.89775
2.89654
2.89581
2.90242
2.90324
2.89695
2.89883
2.89811
2.89875
2.89946
2.89789
2.89796
2.91165
2.8978
2.89786
2.89671
2.90198
2.89678
2.89629
2.89777
2.90426
2.89592
2.89643
2.89698
2.8981
2.90245
2.90369
2.90427
2.9028
2.90284
2.90279
2.90293
2.90265
2.90198
2.90369
2.90431
2.90303
2.90356
2.90243
2.90521
2.90424
2.90253
2.90429
2.90188
2.9031
2.90304
2.90363
2.90256
2.90271
2.90394
2.90429
2.90413
2.90256
2.9039
2.90242
2.90341
2.90435
2.9173
2.90309
2.90191
2.90439
2.91625
2.90419
2.90276
2.90514
2.91642
2.90471
2.91632
2.90428
2.9039
2.90234
2.9026
2.9044
2.90423
2.90427
2.90346
2.90504
2.90281
2.90451
2.90493
2.90462
2.90498
2.90467
2.90595
2.90292
2.90417
2.90403
2.91555
2.90396
2.9043
2.90309
2.90376
2.90314
2.90261
2.9042
2.90452
2.90359
2.90295
2.90519
2.90329
2.90458
2.90433
2.90342
2.90451
2.90502
2.90427
2.90347
2.9043
2.90297
2.90536
2.90371
2.90382
2.90321
2.90211
2.90434
2.90381
2.90344
2.90433
2.90342
2.90536
2.90456
2.90487
2.90161
2.90493
2.90348
2.90242
2.90365
2.90405
2.90401
2.90322
2.90459
2.90297
2.90419
2.90193
2.90462
2.90413
2.90232
2.90405
2.90238
2.91506
2.90342
2.90381
2.9037
2.90429
2.91517
2.91626
2.91514
2.90328
2.90498
2.90456
2.90434
2.90323
2.91572
2.90339
2.90195
2.90426
2.90435
2.90366
2.9031
2.90259
2.90256
2.90279
2.90253
2.9023
2.9164
2.91584
2.90304
2.90247
2.90413
2.9044
2.90498
2.90328
2.90314
2.90221
2.90418
2.90377
2.90472
2.90435
2.90497
2.9052
2.90472
2.90402
2.90404
2.8905
2.90246
2.90248
2.9017
2.90226
2.90369
2.90245
2.90463
2.90298
2.90161
2.90509
2.90228
2.88966
2.90295
2.90404
2.9038
2.90341
2.90346
2.90145
2.90469
2.90365
2.90417
2.90418
2.90426
2.90408
2.90332
2.90332
2.9046
2.90367
2.90189
2.90179
2.9031
2.90273
2.90245
2.905
2.90315
2.9052
2.90624
2.90235
2.9043
2.90307
2.90373
2.9024
2.90422
2.9034
2.90544
2.90368
2.90442
2.90424
2.90328
2.90446
2.90337
2.90336
2.90214
2.90522
2.90225
2.90448
2.90216
2.90342
2.91583
2.91597
2.90217
2.90269
2.91548
2.91624
2.90297
2.90258
2.91634
2.90291
2.91572
2.90274
2.90215
2.90233
2.90309
2.90214
2.90214
2.90374
2.90281
2.91629
2.90371
2.91496
2.90281
2.91694
2.9026
2.9156
2.90443
2.90205
2.90469
2.9034
2.90251
2.91657
2.90293
2.90501
2.90273
2.91593
2.90298
2.91841
2.90401
2.90338
2.9042
2.90244
2.90384
2.90239
2.91612
2.90228
2.90208
2.90133
2.90356
2.91667
2.91532
2.90238
2.91547
2.90185
2.90232
2.91624
2.90384
2.90148
2.90158
2.91583
2.9038
2.90354
2.90274
2.91498
2.90116
2.91579
2.91541
2.90291
2.90352
2.90281
2.90142
2.91428
2.90278
2.90133
2.90176
2.91578
2.9021
2.91574
2.91559
2.90115
2.9168
2.90175
2.90246
2.91488
2.90289
2.90472
2.90231
2.90258
2.90359
2.90351
2.90189
2.90398
2.90267
2.90295
2.90327
2.91558
2.90304
2.90417
2.90299
2.90354
2.90074
2.90243
2.90191
2.90313
2.90309
2.90363
2.90263
2.90314
2.90344
2.9033
2.91626
2.90289
2.90141
2.90145
2.91582
2.90335
2.90266
2.91566
2.90308
2.90423
2.90417
2.91378
2.90246
2.90201
2.90287
2.90301
2.90113
2.90349
2.90157
2.91705
2.90184
2.90222
2.90255
2.90344
2.90287
2.9152
2.90147
2.90361
2.90192
2.90244
2.90248
2.90241
2.90389
2.90196
2.90143
2.90243
2.90316
2.90178
2.90131
2.90295
2.90283
2.90267
2.90364
2.90302
2.90245
2.90405
2.90355
2.90401
2.9033
2.90231
2.90308
2.90162
2.90396
2.9026
2.90127
2.90312
2.89565
2.90257
2.9046
2.90149
2.90162
2.90163
2.90193
2.90125
2.90245
2.90315
2.90076
2.90269
2.90191
2.90173
2.90045
2.90217
2.9008
2.90204
2.90236
2.90257
2.90362
2.90197
2.90397
2.90227
2.90287
2.90327
2.90211
2.90256
2.8966
2.90422
2.90276
2.90241
2.902
2.90202
2.90119
2.90353
2.90318
2.90223
2.90328
2.90261
2.90188
2.90398
2.90331
2.90197
2.90283
2.9011
2.90081
2.90187
2.90416
2.90343
2.90245
2.90342
2.90371
2.90328
2.89697
2.89636
2.90351
2.90318
2.90328
2.90259
2.90355
2.9012
2.90259
2.90266
2.90196
2.90243
2.9035
2.90255
2.90284
2.90177
2.90125
2.90325
2.90363
2.90225
2.90174
2.90314
2.91654
2.90273
2.90086
2.90227
2.90134
2.90133
2.90178
2.90387
2.90165
2.91661
2.9024
2.90325
2.90325
2.90406
2.90311
2.90407
2.90293
2.90481
2.90315
2.90331
2.90349
2.90286
2.90273
2.90234
2.90344
2.90239
2.90406
2.90231
2.90268
2.90277
2.90271
2.90262
2.90272
2.90185
2.90136
2.90101
2.90334
2.90362
2.90193
2.90337
2.90235
2.91552
2.90344
2.90295
2.90422
2.90243
2.90367
2.90373
2.90408
2.90244
2.90308
2.90266
2.90239
2.90337
2.91584
2.90344
2.90215
2.90177
2.9036
2.90417
2.90244
2.90263
2.90286
2.9013
2.9026
2.90251
2.90259
2.90298
2.90308
2.90278
2.9033
2.90408
2.9033
2.90278
2.90153
2.9039
2.9173
2.90322
2.90355
2.90335
2.90403
2.90363
2.90423
2.90328
2.90291
2.90357
2.90231
2.9016
2.90269
2.90321
2.90469
2.9032
2.90272
2.90206
2.90303
2.90343
2.90353
2.90318
2.90392
2.90395
2.90373
2.90287
2.90205
2.90141
2.9018
2.903
2.90277
2.90278
2.904
2.90176
2.90199
2.90151
2.9034
2.90328
2.90273
2.90323
2.90202
2.90119
2.90362
2.90192
2.90223
2.90268
2.90362
2.90226
2.90259
2.90234
2.90282
2.90419
2.9039
2.90295
2.90311
2.90417
2.90376
2.90268
2.90332
2.90272
2.90359
2.90222
2.90172
2.90266
2.90141
2.9024
2.90262
2.90313
2.90248
2.90265
2.90191
2.90257
2.90244
2.90287
2.9019
2.90229
2.90254
2.90223
2.90167
2.90243
2.9025
2.9026
2.90343
2.90332
2.90336
2.90342
2.90379
2.90223
2.90287
2.90163
2.90147
2.90143
2.90177
2.90169
2.90255
2.90206
2.90204
2.9027
2.90318
2.90274
2.90211
2.90429
2.90527
2.90504
2.90066
2.90224
2.90351
2.90307
2.90203
2.9021
2.90149
2.90184
2.90144
2.9025
2.90135
2.90358
2.90306
2.90353
2.90319
2.90298
2.90325
2.9032
2.90456
2.90355
2.90184
2.90118
2.90372
2.90324
2.90221
2.90186
2.90091
2.90236
2.90224
2.90154
2.90128
2.90316
2.9006
2.90259
2.90209
2.9011
2.90107
2.90111
2.90111
2.90233
2.90092
2.90128
2.90193
2.90282
2.90279
2.90199
2.90176
2.90258
2.90165
2.90206
2.90201
2.90228
2.90151
2.89406
2.90145
2.90324
2.90178
2.902
2.90096
2.90122
2.90058
2.89462
2.90154
2.90164
2.90175
2.90293
2.90213
2.90254
2.90255
2.90383
2.90131
2.90222
2.90213
2.9018
2.88981
2.90408
2.90226
2.90206
2.89667
2.90243
2.90451
2.90221
2.90252
2.90219
2.90096
2.90376
2.90235
2.90224
2.9031
2.90262
2.90209
2.90274
2.90261
2.90323
2.90267
2.90366
2.90375
2.90395
2.90118
2.90317
2.90292
2.90224
2.90137
2.90317
2.90231
2.90138
2.90406
2.90429
2.90309
2.90338
2.90281
2.90178
2.90269
2.903
2.90227
2.90136
2.9029
2.90191
2.90301
2.90214
2.90262
2.9002
2.90216
2.90215
2.90069
2.90299
2.90082
2.90259
2.88892
2.89506
2.90271
2.90137
2.90184
2.90296
2.90182
2.90165
2.90328
2.90133
2.90186
2.90221
2.90235
2.9014
2.90211
2.90114
2.90269
2.90152
2.90318
2.9015
2.90148
2.90074
2.90078
2.90192
2.90172
2.90145
2.9022
2.90078
2.90318
2.9029
2.90228
2.90269
2.90149
2.90102
2.90109
2.90232
2.903
2.90088
2.90221
2.90087
2.90231
2.90233
2.90277
2.90017
2.90202
2.9019
2.90245
2.90216
2.90149
2.90228
2.90215
2.90207
2.90308
2.89011
2.9018
2.90107
2.90006
2.90272
2.90159
2.90064
2.90043
2.90127
2.90182
2.90153
2.90265
2.89999
2.90237
