0.0116805
0.0117063
0.0118563
0.0119177
0.0118152
0.0118372
0.0119277
0.0119718
0.0119919
0.0119385
0.0119525
0.0114179
0.0114595
0.0119878
0.0119117
0.0119911
0.0119567
0.0119264
0.0118305
0.0118354
0.0118496
0.011756
0.0118361
0.0119084
0.0119589
0.0119146
0.011886
0.0119688
0.0119739
0.011836
0.0118756
0.0118735
0.0118818
0.0119674
0.0119882
0.0118607
0.0117826
0.0118358
0.0118692
0.0118319
0.011851
0.0118899
0.011757
0.0117599
0.0118351
0.0118248
0.0117256
0.0118229
0.0118506
0.0118202
0.0117988
0.0118383
0.0118004
0.0117986
0.011777
0.0118213
0.0117996
0.0117393
0.0117812
0.0117168
0.0117592
0.0118376
0.0117615
0.0118317
0.0118319
0.0117382
0.011741
0.0117645
0.0118328
0.0118348
0.011796
0.0118215
0.0118294
0.0118427
0.0118171
0.0117421
0.0118141
0.0118349
0.0118383
0.0118189
0.0117417
0.0117366
0.0117151
0.0118172
0.0117586
0.0117555
0.0118211
0.0118259
0.0117756
0.0117677
0.0118327
0.0118273
0.0118315
0.0118239
0.0118295
0.0117602
0.0118308
0.0117329
0.0117957
0.0118282
0.011813
0.0118324
0.0117729
0.0117212
0.0117529
0.0118181
0.0118318
0.0118086
0.0118295
0.0118313
0.0118384
0.0118365
0.0118397
0.0117965
0.0118351
0.0117421
0.0117653
0.0117637
0.0118141
0.011755
0.0118328
0.0117841
0.0118287
0.0118372
0.0118289
0.0117576
0.0118339
0.0118319
0.0117415
0.0118329
0.0117755
0.0117937
0.0117768
0.0117948
0.0117814
0.0117563
0.0117941
0.0117605
0.0117603
0.0118003
0.0117771
0.011838
0.0118134
0.011799
0.0118364
0.0117995
0.0117819
0.0118421
0.01176
0.0118309
0.0118328
0.0118341
0.0118275
0.0117983
0.0118172
0.0117213
0.0118354
0.0117554
0.0118219
0.0117824
0.0118334
0.0118328
0.0118103
0.0118288
0.0118032
0.0117679
0.0118379
0.0117777
0.0118349
0.0118019
0.0118191
0.0118007
0.0118355
0.0117828
0.0117837
0.0118217
0.011814
0.011838
0.0118204
0.0117467
0.0118003
0.0118091
0.0118098
0.0118353
0.0117249
0.0118445
0.0117946
0.0118
0.0118312
0.0118314
0.0118415
0.0117799
0.0118391
0.0118157
0.0118173
0.0118355
0.0117894
0.0117867
0.0118139
0.0118387
0.0118369
0.0117271
0.0118422
0.0117402
0.0117565
0.0118216
0.0117764
0.0118163
0.0117398
0.0118359
0.0117697
0.0117825
0.0118393
0.0118583
0.0117642
0.0118398
0.0118358
0.0117647
0.0118369
0.011784
0.011822
0.0117404
0.0118
0.0117741
0.011819
0.011835
0.0118365
0.0118388
0.0117772
0.0118439
0.0118188
0.0118119
0.0118374
0.0118222
0.0117394
0.0118223
0.0118399
0.0118132
0.0118357
0.0118347
0.0117992
0.0118432
0.0118428
0.011833
0.0118033
0.011802
0.0117784
0.0117378
0.0118024
0.0118197
0.011838
0.0117616
0.0117785
0.0118175
0.011841
0.0118423
0.011796
0.0118296
0.0118353
0.0118174
0.0118233
0.0118301
0.0118225
0.0118359
0.0117682
0.0117771
0.0117601
0.0118384
0.0118
0.0118387
0.011838
0.011855
0.0117616
0.0117773
0.0117829
0.0118015
0.0117951
0.0118183
0.0118381
0.0118355
0.0117804
0.0118379
0.0117868
0.011837
0.0117911
0.0117233
0.0117833
0.0117372
0.0118357
0.0118361
0.0117978
0.0118346
0.0118295
0.0117853
0.0117583
0.0118215
0.0118409
0.01183
0.0117821
0.0118361
0.0118146
0.0118231
0.0118041
0.0117665
0.011785
0.01182
0.0118295
0.0118002
0.0118072
0.0118384
0.0117844
0.0118032
0.0117989
0.0117874
0.0118378
0.0118082
0.0118415
0.0117619
0.0117948
0.0118193
0.0118379
0.0118308
0.0117952
0.0118247
0.0118184
0.0118411
0.011838
0.0118437
0.0117862
0.0118404
0.0118299
0.0118293
0.0117772
0.0117538
0.011815
0.0118363
0.0118331
0.0118161
0.0118336
0.0117544
0.01184
0.0117762
0.0118296
0.0118387
0.011834
0.0118362
0.0117972
0.011833
0.0117739
0.0118207
0.0118299
0.0117974
0.0118295
0.0118354
0.0117634
0.0118431
0.0118514
0.0118389
0.011838
0.0118338
0.011782
0.0118021
0.0117524
0.0118406
0.0117987
0.0117909
0.0118415
0.0118013
0.0118173
0.0117629
0.0118302
0.0117604
0.0118173
0.0118318
0.0117798
0.0118042
0.0118144
0.0118195
0.0118218
0.0118314
0.0118377
0.0118365
0.0118497
0.011837
0.0118372
0.0118489
0.0118364
0.0117489
0.0118326
0.0118106
0.011841
0.0118216
0.011835
0.0117628
0.0118394
0.0118394
0.0118362
0.0117833
0.0118351
0.0117801
0.0118438
0.0118324
0.0117749
0.0118329
0.0118374
0.0118474
0.011773
0.0118039
0.0118177
0.0118344
0.0117948
0.0118322
0.0118136
0.0118332
0.0118366
0.0118154
0.0118184
0.011834
0.0117792
0.0118157
0.011854
0.0117222
0.0117829
0.0118375
0.0118349
0.0118022
0.0117188
0.0118214
0.0117946
0.0118348
0.0118344
0.0117912
0.0117507
0.0118336
0.0117908
0.0118595
0.0117981
0.011842
0.0118025
0.0118185
0.0118419
0.01184
0.0118255
0.0118311
0.0118014
0.0117782
0.0118426
0.0118423
0.0118382
0.0117492
0.0118091
0.0118414
0.0117629
0.0117764
0.0118382
0.0118374
0.011842
0.0118378
0.0118379
0.011836
0.0118045
0.0118196
0.0117825
0.0118602
0.0118397
0.0118252
0.011824
0.0118411
0.0117593
0.0118359
0.0118366
0.0118383
0.0117607
0.0118319
0.0117993
0.0117356
0.011824
0.0118158
0.0117763
0.0118425
0.0117652
0.0118427
0.0118014
0.0118351
0.0118643
0.0118353
0.0118373
0.0117602
0.0118368
0.0118036
0.0118408
0.0118171
0.0117605
0.0118391
0.0118195
0.0118391
0.0118203
0.0118231
0.0118345
0.0118184
0.0117823
0.0118518
0.0118034
0.0117959
0.0118375
0.0118371
0.0118359
0.0118403
0.0117583
0.011834
0.0118463
0.0118337
0.0118438
0.011837
0.0117426
0.0118165
0.0117843
0.0117823
0.0118344
0.0118377
0.0118194
0.0118387
0.0118404
0.0118389
0.0118234
0.0118052
0.0118358
0.0118372
0.0118414
0.0118177
0.0118184
0.0118165
0.0118412
0.0118527
0.011834
0.0118399
0.011719
0.0117605
0.0118377
0.0118414
0.0118202
0.0118309
0.0118411
0.0117243
0.0118302
0.0118362
0.0118568
0.0118323
0.0118404
0.011861
0.0118243
0.0118032
0.0118428
0.0118395
0.0118415
0.0117926
0.0117649
0.0118452
0.0118445
0.0118421
0.0117654
0.0118429
0.0117847
0.011749
0.011839
0.0118381
0.0117811
0.0118739
0.0118375
0.0118276
0.0117589
0.0118383
0.0117439
0.0118422
0.0118381
0.0118367
0.0118429
0.0118042
0.0117867
0.0118279
0.0118402
0.0118345
0.0118381
0.0118389
0.0118372
0.0118403
0.0118392
0.0118396
0.0117738
0.0118414
0.0118454
0.011832
0.0117611
0.0118042
0.0117685
0.0118359
0.0118424
0.0118558
0.0118679
0.0118433
0.0117867
0.0118361
0.0117784
0.0118361
0.0118419
0.0118183
0.0118339
0.0118139
0.011842
0.0118363
0.0117911
0.0118418
0.0118369
0.0118184
0.0118548
0.0118374
0.0118351
0.0118357
0.0118371
0.0118166
0.0118144
0.0118537
0.0117786
0.0118411
0.0118596
0.0118343
0.0117786
0.0118382
0.0118412
0.0118337
0.0118366
0.0118411
0.0118332
0.011784
0.0118415
0.0118349
0.011838
0.0118516
0.0118274
0.0117959
0.0118197
0.0118382
0.0118391
0.0118041
0.0118376
0.0118409
0.0118399
0.0118375
0.0118341
0.0118016
0.0118536
0.0118253
0.0118417
0.0118003
0.0118372
0.0118354
0.0118439
0.0118431
0.0118428
0.0118398
0.0118412
0.0117648
0.0118368
0.0118161
0.0118037
0.0118252
0.0118427
0.011825
0.0118376
0.0118403
0.0118177
0.0118226
0.0117702
0.0118311
0.0118172
0.0117434
0.0117956
0.0118595
0.0118212
0.0118335
0.0118364
0.0117407
0.0118062
0.0118211
0.0118374
0.0118408
0.0117416
0.011806
0.0117861
0.0118433
0.0117495
0.0117374
0.0117685
0.011783
0.0118265
0.0118403
0.0118394
0.0117824
0.0118385
0.0118402
0.0118402
0.0117732
0.0118383
0.0117861
0.0117772
0.0117888
0.011839
0.0118179
0.0117843
0.0118182
0.0118583
0.011832
0.0118375
0.0118419
0.0118385
0.0117999
0.011836
0.0118382
0.0117741
0.011855
0.0117807
0.0118408
0.0118356
0.0118258
0.0118128
0.0118152
0.0118381
0.0117852
0.0118015
0.0118037
0.0118123
0.0118413
0.0118279
0.0117796
0.011822
0.0118435
0.0118371
0.0118215
0.0117849
0.0118469
0.0118398
0.0117793
0.0118447
0.0117427
0.0118573
0.0117868
0.0117788
0.0117682
0.0117833
0.011845
0.0118404
0.0117265
0.0118276
0.0117398
0.011824
0.0117593
0.0117659
0.0118361
0.0118364
0.0117398
0.0118062
0.0118383
0.0118001
0.0118415
0.0118551
0.0118227
0.0118401
0.0118378
0.0118325
0.0117628
0.0117423
0.0118406
0.0118211
0.0118386
0.0118257
0.0118346
0.0118361
0.0118389
0.0118402
0.0118008
0.0117844
0.0118374
0.0118374
0.0118216
0.0118371
0.0118387
0.0118548
0.0118389
0.011804
0.011857
0.0118009
0.0118381
0.0118424
0.011838
0.0118212
0.0118353
0.011837
0.011838
0.0118434
0.0118369
0.0118343
0.0118438
0.0118404
0.0118267
0.0118418
0.0118067
0.0118634
0.0118412
0.0118429
0.0118231
0.0118382
0.011843
0.0118433
0.011795
0.0117853
0.011823
0.0118233
0.0118377
0.0118388
0.0118382
0.0118401
0.0117815
0.0117858
0.0118198
0.0118341
0.0118357
0.0118457
0.0118424
0.0118365
0.0118167
0.0117835
0.0117635
0.0118476
0.0118477
0.0118396
0.0117891
0.0118458
0.0118372
0.0118025
0.0118234
0.0118653
0.0118439
0.0118606
0.0118404
0.011864
0.0118203
0.0118424
0.0118447
0.0118627
0.0118402
0.0118303
0.0117699
0.0118571
0.0117579
0.0118437
0.0118431
0.0117888
0.0118462
0.0118451
0.0117653
0.0118223
0.0118072
0.011808
0.0118417
0.0118293
0.0118402
0.0118609
0.0118378
0.0118427
0.0118242
0.0118462
0.0118235
0.0118452
0.0118025
0.0118231
0.0118275
0.011806
0.0118458
0.0118455
0.0118416
0.0118031
0.0118886
0.011841
0.0118261
0.0117425
0.0118404
0.0118401
0.0118422
0.011841
0.0118436
0.011843
0.0118398
0.0117994
0.0118079
0.011833
0.0118397
0.0118342
0.0117604
0.0118419
0.0118396
0.0118202
0.0118007
0.0118456
0.011839
0.0118409
0.0118538
0.0118413
0.011838
0.0118449
0.0118398
0.0118234
0.0118274
0.0117672
0.0117829
0.0118386
0.0118422
0.0118115
0.0117838
0.0117793
0.0117844
0.0118312
0.0118719
0.0118356
0.0118383
0.0118341
0.0118377
0.0118205
0.011843
0.0118204
0.0117796
0.0118428
0.0118358
0.0118368
0.0117816
0.0118385
0.0118393
0.0117775
0.0118413
0.0118421
0.011835
0.0118358
0.0118195
0.011814
0.0118404
0.0118332
0.0118401
0.0118517
0.0118338
0.0118354
0.0118377
0.0118161
0.0118338
0.0118382
0.0118433
0.011836
0.0118432
0.0117669
0.0118189
0.011837
0.0118397
0.0118393
0.0118401
0.0118301
0.0118275
0.0118514
0.0118418
0.0118382
0.0118018
0.0118414
0.0118364
0.0117757
0.0118448
0.011839
0.0118381
0.011765
0.0118378
0.011817
0.0118465
0.011841
0.0118407
0.0118329
0.0118404
0.0118371
0.0118435
0.0118347
0.0118348
0.0118419
0.011836
0.0118538
0.0118167
0.0118435
0.0118058
0.0118586
0.0118388
0.0118166
0.0118392
0.0118339
0.0118372
0.0118369
0.0118544
0.0117846
