0.766482
0.767062
0.766778
0.766506
0.76663
0.766691
0.766728
0.766531
0.766444
0.766593
0.766494
0.766951
0.766778
0.76637
0.766556
0.766519
0.766753
0.766494
0.766741
0.766667
0.76658
0.766642
0.766803
0.766679
0.766519
0.766617
0.766358
0.766123
0.766111
0.766593
0.766605
0.766494
0.766704
0.766358
0.76658
0.76684
0.76663
0.766667
0.766642
0.766716
0.766716
0.766494
0.766803
0.76679
0.766654
0.766654
0.766765
0.76679
0.766765
0.766716
0.766704
0.766593
0.766765
0.766778
0.766778
0.766765
0.766778
0.766877
0.766741
0.766815
0.766864
0.766765
0.766815
0.766691
0.766741
0.766827
0.766765
0.766877
0.766704
0.766778
0.766975
0.766815
0.766704
0.766741
0.766753
0.766914
0.766765
0.766889
0.766765
0.766728
0.766765
0.766914
0.766901
0.766778
0.766926
0.766901
0.766679
0.766667
0.766765
0.766827
0.766556
0.766691
0.766593
0.766654
0.766815
0.766914
0.766753
0.766827
0.766753
0.766901
0.766914
0.766679
0.76679
0.766864
0.766765
0.766716
0.76663
0.766605
0.76658
0.766617
0.766654
0.766679
0.766654
0.766716
0.766741
0.766778
0.766889
0.766827
0.766852
0.766914
0.766815
0.766741
0.766753
0.766654
0.766803
0.767
0.766667
0.766679
0.767074
0.766778
0.766803
0.766704
0.766716
0.766815
0.766741
0.766877
0.766889
0.766975
0.766679
0.766778
0.766765
0.766654
0.76679
0.766716
0.766852
0.766716
0.766778
0.766827
0.766877
0.766728
0.766864
0.766704
0.76684
0.76684
0.766741
0.766827
0.766827
0.766864
0.766914
0.766679
0.766753
0.766864
0.766728
0.766889
0.76679
0.766815
0.766852
0.766914
0.766741
0.766852
0.76663
0.766926
0.76684
0.76679
0.766728
0.76684
0.76663
0.766704
0.766654
0.766988
0.766543
0.76658
0.766728
0.766605
0.766741
0.766803
0.766889
0.766753
0.766654
0.766815
0.766803
0.766827
0.766741
0.766852
0.766852
0.766803
0.766803
0.766827
0.766741
0.766679
0.766691
0.766877
0.766728
0.766753
0.766963
0.766679
0.766815
0.766765
0.766815
0.766593
0.766975
0.76684
0.76679
0.766852
0.766901
0.766741
0.766827
0.766963
0.766667
0.766901
0.766827
0.767012
0.766716
0.767025
0.766753
0.766864
0.766901
0.766704
0.766827
0.766815
0.76679
0.766741
0.766593
0.76679
0.766901
0.766728
0.766765
0.766741
0.766728
0.766691
0.766753
0.766765
0.766778
0.76663
0.766716
0.766728
0.766654
0.766889
0.766765
0.766815
0.766778
0.767012
0.766765
0.766852
0.766864
0.766815
0.766679
0.766605
0.766679
0.766852
0.766765
0.766617
0.766741
0.766617
0.767037
0.766963
0.76684
0.766765
0.766938
0.76679
0.766815
0.766704
0.766889
0.766827
0.766765
0.766716
0.766741
0.766728
0.766753
0.766815
0.766815
0.766889
0.766827
0.766889
0.766852
0.766889
0.766827
0.76679
0.766568
0.766654
0.766728
0.766803
0.76658
0.766728
0.766864
0.766667
0.766728
0.766617
0.766642
0.766778
0.766951
0.76684
0.766667
0.766938
0.766926
0.766642
0.766741
0.766877
0.766975
0.766852
0.766704
0.766901
0.766877
0.766803
0.766864
0.76684
0.766852
0.766975
0.766975
0.766728
0.766951
0.766753
0.766889
0.766753
0.766938
0.766815
0.766778
0.766889
0.766852
0.76684
0.76684
0.766778
0.766889
0.766852
0.766728
0.76679
0.766716
0.766753
0.766815
0.766765
0.766617
0.766914
0.766617
0.766963
0.766938
0.766716
0.766617
0.766593
0.766938
0.766864
0.766864
0.766778
0.766679
0.766778
0.767173
0.767049
0.766951
0.766938
0.766877
0.766765
0.767025
0.766852
0.766938
0.766889
0.766704
0.76684
0.766926
0.766778
0.766864
0.767025
0.766765
0.766852
0.766901
0.766605
0.766852
0.766728
0.766765
0.766864
0.766926
0.766667
0.766914
0.76679
0.766728
0.766815
0.766753
0.766803
0.766827
0.767123
0.766803
0.766741
0.766864
0.766951
0.766877
0.767049
0.766803
0.766877
0.766728
0.766938
0.766852
0.767012
0.766815
0.766716
0.766926
0.766691
0.766827
0.766753
0.767
0.766914
0.766778
0.766753
0.766704
0.766803
0.766679
0.766803
0.766704
0.766704
0.766803
0.766901
0.766914
0.766765
0.766716
0.766938
0.766815
0.766803
0.766753
0.766753
0.766901
0.766889
0.766741
0.76679
0.766877
0.767
0.766988
0.766654
0.76679
0.766654
0.766679
0.766753
0.766716
0.766889
0.766741
0.766827
0.76684
0.76679
0.76684
0.766877
0.766753
0.766778
0.766926
0.766889
0.766827
0.76679
0.766951
0.766877
0.766741
0.766728
0.766765
0.766815
0.766778
0.766667
0.76679
0.766728
0.766914
0.766815
0.766753
0.766852
0.766889
0.766914
0.767037
0.766803
0.766827
0.76679
0.76679
0.76679
0.766815
0.766988
0.766803
0.766975
0.766975
0.76684
0.766951
0.766728
0.766889
0.766877
0.766864
0.766741
0.766704
0.766988
0.766926
0.766963
0.766852
0.766803
0.767099
0.76679
0.766914
0.76679
0.766889
0.766864
0.766778
0.766963
0.766926
0.76684
0.766753
0.766741
0.766704
0.766765
0.76684
0.766827
0.766951
0.766741
0.766951
0.766889
0.766864
0.766778
0.766975
0.766914
0.766951
0.766938
0.766778
0.766827
0.766852
0.76684
0.766778
0.766852
0.766679
0.766778
0.76679
0.766667
0.767
0.767012
0.766803
0.766951
0.766926
0.766803
0.76679
0.766901
0.766975
0.766889
0.766691
0.76684
0.766877
0.766988
0.766778
0.766951
0.766778
0.766938
0.766864
0.766852
0.767
0.76684
0.76684
0.766889
0.766877
0.766914
0.766827
0.766815
0.766988
0.766852
0.766926
0.766864
0.766988
0.766827
0.766963
0.767099
0.766765
0.766827
0.766988
0.766827
0.766753
0.766679
0.766926
0.766951
0.766926
0.766864
0.766803
0.76679
0.766926
0.76679
0.766877
0.767086
0.766827
0.766877
0.766889
0.766704
0.766864
0.766988
0.767025
0.766938
0.767074
0.76684
0.766963
0.766988
0.767099
0.767049
0.767086
0.766988
0.767
0.767025
0.767
0.767037
0.767148
0.767049
0.767062
0.767111
0.766963
0.766889
0.766963
0.767
0.766889
0.766852
0.767086
0.766975
0.766889
0.766963
0.766765
0.767012
0.766951
0.766938
0.766827
0.766938
0.766877
0.766901
0.767037
0.766963
0.766803
0.766951
0.767
0.766951
0.766877
0.766975
0.766877
0.766864
0.766889
0.766988
0.766938
0.766938
0.766864
0.766753
0.766963
0.766877
0.766889
0.766877
0.766914
0.767
0.766889
0.766815
0.766901
0.767025
0.766988
0.766963
0.767
0.767074
0.766864
0.766926
0.766889
0.766852
0.766951
0.766864
0.767037
0.766938
0.76684
0.767185
0.766901
0.766889
0.766951
0.766827
0.766864
0.767049
0.76684
0.766889
0.766914
0.767025
0.766975
0.766864
0.767
0.767012
0.766877
0.766914
0.766963
0.767012
0.766963
0.767099
0.766988
0.767037
0.766975
0.766864
0.766963
0.767025
0.766864
0.767
0.767123
0.767123
0.767123
0.767185
0.767012
0.766988
0.766889
0.767235
0.766975
0.766938
0.766963
0.767086
0.766988
0.766926
0.767
0.766951
0.766938
0.766963
0.766975
0.766963
0.766901
0.766864
0.76679
0.766852
0.766988
0.767037
0.766988
0.766963
0.766963
0.766926
0.766951
0.767037
0.766988
0.767049
0.766901
0.76684
0.766827
0.766963
0.766975
0.767
0.767086
0.766951
0.767049
0.767198
0.766914
0.766951
0.766914
0.766988
0.767049
0.766914
0.766889
0.767074
0.767
0.766926
0.766889
0.766889
0.767025
0.766975
0.766963
0.766975
0.766926
0.76721
0.767161
0.76721
0.767049
0.767049
0.767099
0.767049
0.767111
0.767173
0.766951
0.766889
0.767012
0.766914
0.766938
0.766864
0.766963
0.766988
0.766975
0.767099
0.767086
0.766963
0.767037
0.767062
0.767
0.767037
0.766975
0.767062
0.766901
0.767
0.766926
0.766975
0.766926
0.767074
0.766938
0.766988
0.766901
0.767148
0.766914
0.76684
0.767049
0.766951
0.766914
0.766988
0.766778
0.767012
0.766914
0.767062
0.767123
0.767062
0.766852
0.767111
0.767074
0.766938
0.766963
0.767037
0.766864
0.766951
0.766988
0.767012
0.76684
0.767012
0.767012
0.767111
0.767099
0.767
0.766975
0.767074
0.767086
0.767025
0.766864
0.767161
0.767037
0.767
0.766877
0.766926
0.766951
0.766963
0.766926
0.766963
0.767012
0.767198
0.766988
0.767074
0.766988
0.767148
0.766975
0.766926
0.766926
0.766951
0.766975
0.767
0.766963
0.766926
0.766951
0.766963
0.766901
0.766951
0.766889
0.766938
0.767025
0.767161
0.766926
0.767173
0.766975
0.766938
0.766975
0.767025
0.766889
0.767062
0.766778
0.767037
0.766975
0.767
0.767099
0.767037
0.767099
0.76684
0.766963
0.766852
0.766926
0.766963
0.767074
0.767037
0.766926
0.767025
0.766963
0.766889
0.766963
0.767025
0.767148
0.766852
0.767012
0.767037
0.767136
0.767
0.767025
0.766889
0.767037
0.767161
0.766963
0.767062
0.767086
0.767
0.767025
0.767025
0.766963
0.767272
0.767049
0.767099
0.767049
0.766975
0.767037
0.766975
0.766963
0.766852
0.767148
0.766951
0.767012
0.767062
0.767284
0.767099
0.767111
0.767037
0.767123
0.766975
0.767074
0.767
0.767148
0.767025
0.767049
0.766963
0.766938
0.767
0.767062
0.766975
0.767012
0.767099
0.767074
0.767222
0.766926
0.767173
0.766914
0.767148
0.766951
0.766877
0.767148
0.766889
0.767074
0.766963
0.766914
0.767
0.766975
0.767012
0.766938
0.766951
0.767012
0.766988
0.766889
0.766864
0.767074
0.767099
0.767111
0.767074
0.767099
0.767062
0.767247
0.767161
0.767
0.766951
0.767148
0.767148
0.766889
0.766988
0.767025
0.767074
0.766988
0.767049
0.767074
0.767086
0.767161
0.767049
0.767074
0.767012
0.767272
0.766963
0.767049
0.766926
0.767148
0.767099
0.767111
0.767025
0.767049
0.767111
0.767
0.766938
0.767173
0.767099
0.766951
0.767025
0.767025
0.767136
0.767
0.767247
0.767
0.767062
0.767074
0.767
0.767025
0.767086
0.767148
