5049.18
5044.32
5294.28
5294.42
4961.47
4966.57
5328.12
5329.26
5136.64
5137.01
5483.84
5481.72
5900.38
5896.98
5573.45
5573.72
5445.54
5445.79
5748.37
5743.96
5123.48
5117.83
4761.95
4759.64
4468.02
4471.17
5004.34
5003.62
5122.63
5123.52
5587.18
5584.29
5398.96
5398.6
4897.06
4897.56
4920.3
4921.46
4895.05
4893.6
5060.01
5060.4
5346.72
5350.66
5410.23
5411.28
5882.39
5882.92
5116.03
5097.06
4188.05
4177.05
4753.17
4749.09
4854.71
4846.93
4844.07
4839.68
5042.85
5032.63
4764.6
4758.44
4901.49
4897.7
4699.95
4691.82
5023.46
5023.65
5217.32
5209.6
4653.15
4651.02
4963.01
4959.63
5151.97
5146.54
4904.05
4892.91
4934.66
4929.34
4325.41
4324.71
4220.76
4213.83
4718.02
4708.06
4034.89
4031.83
4885.25
4876.22
4989.84
4987.64
4729.55
4725.04
3565.13
3560.07
4537.23
4527.68
4856.36
4855.44
3993.12
3991.98
5098.08
5098.22
5005.34
5000.73
4512.93
4507.43
5380.5
5372.3
5218.31
5212.53
4727.99
4726.2
3474.15
3469.28
4732.75
4726.78
4098.39
4096
5135.5
5130.74
3807.53
3804.36
3916.79
3912.58
4967.55
4956.71
3205.95
3201.47
4837.45
4835.44
5102.89
5096.75
5094.49
5092.99
5333.47
5334.76
5262.92
5257.38
4872.31
4869.63
4991.35
4982.17
4728.75
4717.89
5073.22
5065.8
4726.63
4719.84
4512.52
4506.11
4048.75
4046.93
4638.89
4631.08
4200.38
4195.01
4905.01
4900.17
4216.18
4213.04
4678.57
4677.38
3919.45
3914.83
3914.83
5587.99
5589.01
4831.08
4826.65
4695.08
4689.89
4663.06
4654.44
5354.65
5349.15
4133.61
4128.24
4767.06
4755.87
4913.82
4901.38
4579.73
4576.05
5410.88
5403.79
3449.18
3438.42
5363.89
5360.31
5563.37
5554.55
3552.31
3546.3
4748.15
4739.87
4277.4
4273.61
5012.58
5000.67
5153.93
5139.18
5334.14
5322.99
3628.97
3616.28
5326.55
5311.88
4544.71
4534.39
4740.89
4737.58
4506.44
4500.81
4996.03
4982.76
4738.51
4732.34
3853.38
3840.74
4308.68
4294.82
4608.61
4599.45
4784.14
4777.39
4820.26
4801.15
4852.14
4842.31
4392.65
4391.09
5154.37
5144.87
4330.1
4329.84
4894.37
4886.77
4886.77
4970.56
4967.06
4500.09
4498.64
4893.67
4893.13
4871.61
4870.03
4678.14
4679.13
4501.88
4500.28
4208.37
4211.07
4756.73
4755.74
4447.75
4443.49
5481.71
5480.49
4271.44
4270.75
5159.46
5156.18
5861.69
5853.27
4223.83
4231.22
4933.61
4936.03
4192.62
4188.08
4853.76
4855.84
4900.77
4893.97
4217.72
4217.93
5050.07
5048.79
5519.05
5511.64
4499.95
4498.4
4384.25
4381.89
4211.82
4209.53
4318.86
4326.9
4754.01
4751.26
3359.54
3354.43
4609.32
4604.2
4021.46
4017.96
5394.11
5392.58
4515.66
4510.47
4566.62
4566.74
4526.49
4522.9
