5049.18
5044.32
5294.28
5294.42
4961.47
4966.57
5328.12
5329.26
5136.64
5137.01
5483.84
5481.72
5900.38
5896.98
5573.45
5573.72
5445.54
5445.79
5748.37
5743.96
5123.48
5117.83
4761.95
4759.64
4468.02
4471.17
5004.34
5003.62
5122.63
5123.52
5587.18
5584.29
5398.96
5398.6
4897.06
4897.56
4920.3
4921.46
4895.05
4893.6
5060.01
5060.4
5346.72
5350.66
5410.23
5411.28
5882.39
5882.92
5116.03
5097.06
4188.05
4177.05
4753.17
4749.09
4854.71
4846.93
4844.07
4839.68
5042.85
5032.63
4764.6
4758.44
4901.49
4897.7
4699.95
4691.82
5023.46
5023.65
5217.32
5209.6
4653.15
4651.02
4963.01
4959.63
5151.97
5146.54
4904.05
4892.91
4934.66
4929.34
4325.41
4324.71
4220.76
4213.83
4718.02
4708.06
4034.89
4031.83
4885.25
4876.22
4989.84
4987.64
4729.55
4725.04
3565.13
3560.07
4537.23
4527.68
4856.36
4855.44
3993.12
3991.98
5098.08
5098.22
5005.34
5000.73
4512.93
4507.43
5380.5
5372.3
5218.31
5212.53
4727.99
4726.2
3474.15
3469.28
4732.75
4726.78
4098.39
4096
5135.5
5130.74
3807.53
3804.36
3916.79
3912.58
4967.55
4956.71
3205.95
3201.47
4837.45
4835.44
5102.89
5096.75
5094.49
5092.99
5333.47
5334.76
5262.92
5257.38
4872.31
4869.63
4991.35
4982.17
4728.75
4717.89
5073.22
5065.8
4726.63
4719.84
4512.52
4506.11
4048.75
4046.93
4638.89
4631.08
4200.38
4195.01
4905.01
4900.17
4216.18
4213.04
4678.57
4677.38
3919.45
3914.83
3914.83
5587.99
5589.01
4831.08
4826.65
4695.08
4689.89
4663.06
4654.44
5354.65
5349.15
4133.61
4128.24
4767.06
4755.87
4913.82
4901.38
4579.73
4576.05
5410.88
5403.79
3449.18
3438.42
5363.89
5360.31
5563.37
5554.55
3552.31
3546.3
4748.15
4739.87
4277.4
4273.61
5012.58
5000.67
5153.93
5139.18
5334.14
5322.99
3628.97
3616.28
5326.55
5311.88
4544.71
4534.39
4740.89
4737.58
4506.44
4500.81
4996.03
4982.76
4738.51
4732.34
3853.38
3840.74
4308.68
4294.82
4608.61
4599.45
4784.14
4777.39
4820.26
4801.15
4852.14
4842.31
4392.65
4391.09
5154.37
5144.87
4330.1
4329.84
4894.37
4886.77
4886.77
4970.56
4967.06
4500.09
4498.64
4893.67
4893.13
4871.61
4870.03
4678.14
4679.13
4501.88
4500.28
4208.37
4211.07
4756.73
4755.74
4447.75
4443.49
5481.71
5480.49
4271.44
4270.75
5159.46
5156.18
5861.69
5853.27
4223.83
4231.22
4933.61
4936.03
4192.62
4188.08
4853.76
4855.84
4900.77
4893.97
4217.72
4217.93
5050.07
5048.79
5519.05
5511.64
4499.95
4498.4
4384.25
4381.89
4211.82
4209.53
4318.86
4326.9
4754.01
4751.26
3359.54
3354.43
4609.32
4604.2
4021.46
4017.96
5394.11
5392.58
4515.66
4510.47
4566.62
4566.74
4526.49
4522.9
5157.62
5146.79
4577.85
4574.27
4327.9
4319.36
4944.06
4938.02
5313.26
5307.43
4702.18
4698.39
4956.26
4956.73
4697.99
4688.39
4688.97
4689.28
4632.39
4630.32
5039.66
5039.77
4633.4
4618.19
4914.26
4911.51
5258.51
5252.6
4944.67
4928.31
4420.24
4406.73
5213.62
5211.13
4599.49
4592.39
6551.96
6545.93
4644.36
4618.94
4928.23
4919.06
4553.22
4544.07
5217.26
5216.08
4746.06
4736.78
5231.97
5229.83
4251.6
4245.51
4578.29
4571.02
4522.45
4517.85
5002.83
4994.12
5168.02
5167.98
5443.6
5437.05
4833.97
4820.11
4614.33
4599.47
4716.63
4706.88
4499.11
4498.64
5177.32
5171.21
4361.01
4353.56
4955.79
4943.32
4563.68
4554.21
4806.44
4808.36
5158.68
5157.39
5209.73
5209.73
4816.96
4819.35
5065.77
5064.08
4554.42
4550.74
4556.43
4555.23
4549.39
4551.2
5013.38
5013.51
5308.52
5308.55
5306.96
5411.68
5414.95
4650.61
4653.95
4721.39
4714.36
4566.83
4561.85
4626.14
4621.77
4700.62
4694.65
4057.43
4059.41
4843.47
4845.47
4423.44
4421.11
5245.74
5240.58
5018.97
5024.99
4241.12
4240.55
4450.55
4448.22
4682.45
4679.29
4217.88
4223.6
5001.3
4999.19
4879.38
4873.65
4507.78
4503.25
4835.45
4830.11
5441.67
5439.46
4673.77
4676.74
4670.18
4669.09
5219.9
5218.02
5529.85
5534.73
4325.76
4319.69
4434.46
4433.24
3354.83
3346.55
5216.56
5181.82
5279.34
5261.67
4869.91
4861.08
5125.24
5115.4
4853.12
4810.86
5482.34
5479.75
5064.21
5052.37
4818.57
4814.08
5301.7
5293.04
5366.52
5361.48
4244
4239.08
4664.58
4660.5
5665.75
5661.1
5052.89
5051.45
4879.14
4876.73
5107.22
5108.48
6110.47
6103.25
4888.55
4881.6
3973.57
3973.32
5425.69
5400.56
5257.05
5238.67
4990.33
4970.09
5194.55
5180.81
5334.87
5324.31
4765.84
4763.06
4618.66
4609.52
4998.29
4991.71
5073.89
5057.05
5269.3
5256.15
5375.77
5364.02
4820.29
4802.92
5428.11
5416.08
4491.75
4474.69
5062.8
5055.83
5459.25
5373.94
6353.64
6337.61
5614.46
5595.94
6039.31
6032.38
5267.14
5249.73
6125.78
6107.12
5624.2
5602.14
4558.16
4549.05
4842.76
4834.21
5151.44
5141.57
6067.66
6045.34
4662.63
4658.82
5102.81
5094.89
5352.49
5338.9
5425.94
5414.57
5110.61
5100.22
4861.05
4845.52
5349.53
5335.8
4867.96
4855.2
4821.7
4809.5
5454.31
5439.43
4443.13
4431.49
5160.74
5151.78
5125.09
5108.22
4732.68
4716.26
5179.82
5163.45
4731.49
4711.57
5035.09
5021.74
4813.31
4799.71
4803.71
5485.97
5471.97
4925.04
4913.13
4808.39
4785.49
5146.64
5132.73
4939.73
4922.27
5398.33
5384.1
5054.82
5054.37
4220.27
4220.38
5248.26
5246.41
5030.38
5027.86
4359.35
4363.06
4700.1
4702.48
4903.01
4892.65
4818.31
4812.97
4390.56
4384.9
4062.19
4055.98
5674.88
5661.14
5557.21
5553.03
4556.43
4548.65
5260.61
5252.69
4829.97
4817.81
4424.31
4423.31
5126.25
5118.34
4721.4
4718.5
5670.45
5656.17
4849.67
4845.19
4571.72
4566.28
4612.86
4605.43
4305.45
4301.4
4733.01
4722.68
4603.13
4600.49
4631.61
4625.05
5332.07
5322.43
4896.09
4890.85
4996.81
4985.36
4801.14
4797.53
5191.03
5183.08
4447.01
4441.86
4788.69
4783.54
4708.86
4702.6
5007.62
5003.25
4749.62
4744.55
4659.47
4656.87
5282.37
5273.5
5050.49
5039.07
4475.54
4467.27
4224.64
4220.47
5251.86
5246.15
4388.75
4384.98
4787.75
4778.56
5331.03
5319.59
4709.36
4699.91
4883.39
4880.56
5060.67
5058.55
5096.91
5094.3
5102.82
5096.45
5110.78
5111.47
4888.24
4888.32
5392.12
5395.48
5676.71
5658.76
4932.08
4931.63
5034.69
5026.92
5451.01
5442.47
4321.62
4289.08
4616.78
4587.74
4630.24
4614.31
4998.48
4972.3
4733.87
4708.22
4965.07
4934.18
4801.94
4777.08
4267.33
4251.02
4251.02
4324.02
4301
4430.48
4407.63
4253.31
4234.2
4179.29
4160.24
4417.35
4396.37
5129.61
5096.87
4764.26
4753.26
5048.05
5022.44
4745.54
4719.69
4771.11
4758.11
5361.27
5328.02
4470.27
4460.82
4661.65
4638.07
4765.97
4747.49
4663.86
4629.3
4629.3
4580.86
4559.54
4535.41
4510.78
4653.58
4627.17
4319.91
4299.94
4913.93
4890.43
4592.31
4569.66
4962.48
4938.68
4809.08
4784.11
4664.92
4639.5
4390.62
4358.46
4760.03
4741.69
5189.38
5159.23
4267.92
4242.53
4047.82
4042.54
4783.18
4753.73
4245.1
4230.21
4529.92
4515.16
4362.26
4355.32
4747.6
4745.83
4757.38
4750.12
4474.94
4467.97
4322.4
4310.82
4188.46
4184.2
4662.88
4652.05
4223.02
4215.47
4553.53
4550.15
4920.56
4911.04
5102.09
5090.33
4375.55
4368.42
4996.24
4992
4793.86
4779.11
5143.48
5136.61
4454.9
4449.08
4753.53
4742.96
4847.82
4841.91
4833.87
4836.22
4472.05
4471.93
4287.02
4280.86
4695.03
4687.4
5021.73
5016.74
4378.48
4378.21
4115.45
4108.16
4932.89
4924.92
4397.76
4395.42
4530.44
4529.01
4354.59
4353.07
5126.18
5133.05
4602.58
4594.38
4517.03
4513.61
4340.59
4335.04
4940.58
4932.43
4380.03
4380.4
5120.96
5112.27
5418.72
5411.2
4807.26
4807.16
4721.95
4713.24
5183.73
5169.53
5276.24
5265.84
4853.42
4854.88
4992.29
4990.26
5831.11
5827.75
4964.66
4962.91
5211.99
5206.63
4856.73
4858.56
5912.55
5908.89
5250.23
5245.52
4272.2
4277.81
4496.1
4493.34
5219.04
5213.92
5616.6
5611.06
5335.53
5331.76
5483.22
5483.22
4841.14
4815.62
5389.46
5366.53
5405.31
5393.42
5534.91
5529.11
5317.85
5319.49
5099.99
5098.93
3781.99
3778.29
6198.37
6176.19
5043.58
5038.01
5695.6
5686.89
5802.6
5799.04
4450.61
4450.83
5361.38
5358.86
4567.08
4563.88
5306.79
5300.23
5381.54
5377.26
5764.48
5769.67
3014.54
3014.31
5295.21
5286.78
5024.17
5014.03
5453.08
5438.98
4716.54
4707.37
5102.86
5097.52
4600.53
4593.6
4657.93
4649.99
5048.09
5045.17
5361.16
5363.34
4583.37
4578.53
5380.81
5376.37
4000
3998.94
3557.72
3554.5
4819.78
4815.74
4866.91
4855.15
3305.66
3299.95
4592.26
4592.87
4858.36
4856.93
4403.4
4407.91
5119.1
5116.58
5223.34
5218.95
5041.75
5033.89
4412.81
4412.91
5424.69
5423.08
5258.82
5253.42
2504.19
2499.5
4516.99
4510.85
5071.36
5066.25
4601.92
4597.43
4998.75
5010.15
4472.22
4473.59
4914.55
4912.88
4675.97
4675.97
4065.56
4058.47
4806.87
4790.87
4538.97
4534.24
5176.69
5169.09
5071.49
5065.75
4342.75
4340.74
4702.76
4694.12
3874.74
3870.48
5061.21
5058.81
4232.06
4236.71
4294.3
4292.02
4110.46
4109.33
3917.32
3914.24
4611.37
4603.15
4117.43
4117.39
4907.08
4906.74
4741.72
4738.56
4817.58
4814.01
4822.43
4817.73
4924.57
4917.43
5639.31
5635.61
4968.03
4961.58
3104.68
3100.73
4871.51
4864.77
3822.56
3822.63
4111.42
4085.58
4448.21
4433.91
4028.58
4011.36
4244.55
4229.55
4427.68
4413.23
4008.95
3988.94
4657.71
4645.06
3935.35
3918.76
4974.72
4952.83
4332.63
4316.94
4139.3
4126.39
4637.17
4622.92
4672.84
4657.27
4657.27
4327.09
4308.56
4279.91
4256.71
4328.53
4312.54
4475.7
4457.23
4431.04
4413.02
4104.04
4087.35
4847.44
4825.55
4646.59
4569.92
4090.1
4057.52
4229.01
4202.78
4600.61
4568.45
4455.04
4374.78
4572.22
4552.96
4741.07
4720.59
4029.65
4035.41
4851
4839.7
4956.8
4938.86
4745.46
4730.88
5405.38
5386.34
3739.73
3725.87
5015.75
4993.47
5240.36
5234.51
5573.52
5558.06
4877.78
4864.33
4199.24
4182.68
5513.92
5512.58
4983.36
4984.24
5600.85
5599.59
4917.78
4918.96
5041.83
4966.83
4899.38
4878.52
4693.41
4685.96
4899.41
4892.29
4566.74
4557.43
5152.81
5140.96
5768.75
5760.77
4444.93
4439.38
4549.63
4548.16
4726.57
4719.21
4435.46
4432.08
2972.63
2970.23
4672.88
4672.16
4548.66
4544.73
5107.29
5101.9
4618.98
4615.61
4232.2
4216.63
4614.19
4604.11
4909.92
4902.44
5033.26
5028.74
5494.21
5483.35
5116.76
5108.62
5180.66
5178.81
4395.4
4387.77
4777.39
4770.32
4709.2
4701.11
4492.33
4488.35
4931.83
4928.06
4968.86
4963.56
4714.17
4712.07
4757.19
4751.62
5034.83
5026.13
4910.76
4902.35
4614.79
4612.82
