5157.62
5146.79
4577.85
4574.27
4327.9
4319.36
4944.06
4938.02
5313.26
5307.43
4702.18
4698.39
4956.26
4956.73
4697.99
4688.39
4688.97
4689.28
4632.39
4630.32
5039.66
5039.77
4633.4
4618.19
4914.26
4911.51
5258.51
5252.6
4944.67
4928.31
4420.24
4406.73
5213.62
5211.13
4599.49
4592.39
6551.96
6545.93
4644.36
4618.94
4928.23
4919.06
4553.22
4544.07
5217.26
5216.08
4746.06
4736.78
5231.97
5229.83
4251.6
4245.51
4578.29
4571.02
4522.45
4517.85
5002.83
4994.12
5168.02
5167.98
5443.6
5437.05
4833.97
4820.11
4614.33
4599.47
4716.63
4706.88
4499.11
4498.64
5177.32
5171.21
4361.01
4353.56
4955.79
4943.32
4563.68
4554.21
4806.44
4808.36
5158.68
5157.39
5209.73
5209.73
4816.96
4819.35
5065.77
5064.08
4554.42
4550.74
4556.43
4555.23
4549.39
4551.2
5013.38
5013.51
5308.52
5308.55
5306.96
5411.68
5414.95
4650.61
4653.95
4721.39
4714.36
4566.83
4561.85
4626.14
4621.77
4700.62
4694.65
4057.43
4059.41
4843.47
4845.47
4423.44
4421.11
5245.74
5240.58
5018.97
5024.99
4241.12
4240.55
4450.55
4448.22
4682.45
4679.29
4217.88
4223.6
5001.3
4999.19
4879.38
4873.65
4507.78
4503.25
4835.45
4830.11
5441.67
5439.46
4673.77
4676.74
4670.18
4669.09
5219.9
5218.02
5529.85
5534.73
4325.76
4319.69
4434.46
4433.24
3354.83
3346.55
5216.56
5181.82
5279.34
5261.67
4869.91
4861.08
5125.24
5115.4
4853.12
4810.86
5482.34
5479.75
5064.21
5052.37
4818.57
4814.08
5301.7
5293.04
5366.52
5361.48
4244
4239.08
4664.58
4660.5
5665.75
5661.1
5052.89
5051.45
4879.14
4876.73
5107.22
5108.48
6110.47
6103.25
4888.55
4881.6
3973.57
3973.32
5425.69
5400.56
5257.05
5238.67
4990.33
4970.09
5194.55
5180.81
5334.87
5324.31
4765.84
4763.06
4618.66
4609.52
4998.29
4991.71
5073.89
5057.05
5269.3
5256.15
5375.77
5364.02
4820.29
4802.92
5428.11
5416.08
4491.75
4474.69
5062.8
5055.83
5459.25
5373.94
6353.64
6337.61
5614.46
5595.94
6039.31
6032.38
5267.14
5249.73
6125.78
6107.12
5624.2
5602.14
4558.16
4549.05
4842.76
4834.21
5151.44
5141.57
6067.66
6045.34
4662.63
4658.82
5102.81
5094.89
5352.49
5338.9
5425.94
5414.57
5110.61
5100.22
4861.05
4845.52
5349.53
5335.8
4867.96
4855.2
4821.7
4809.5
5454.31
5439.43
4443.13
4431.49
5160.74
5151.78
5125.09
5108.22
4732.68
4716.26
5179.82
5163.45
4731.49
4711.57
5035.09
5021.74
4813.31
4799.71
4803.71
5485.97
5471.97
4925.04
4913.13
4808.39
4785.49
5146.64
5132.73
4939.73
4922.27
5398.33
5384.1
