5054.82
5054.37
4220.27
4220.38
5248.26
5246.41
5030.38
5027.86
4359.35
4363.06
4700.1
4702.48
4903.01
4892.65
4818.31
4812.97
4390.56
4384.9
4062.19
4055.98
5674.88
5661.14
5557.21
5553.03
4556.43
4548.65
5260.61
5252.69
4829.97
4817.81
4424.31
4423.31
5126.25
5118.34
4721.4
4718.5
5670.45
5656.17
4849.67
4845.19
4571.72
4566.28
4612.86
4605.43
4305.45
4301.4
4733.01
4722.68
4603.13
4600.49
4631.61
4625.05
5332.07
5322.43
4896.09
4890.85
4996.81
4985.36
4801.14
4797.53
5191.03
5183.08
4447.01
4441.86
4788.69
4783.54
4708.86
4702.6
5007.62
5003.25
4749.62
4744.55
4659.47
4656.87
5282.37
5273.5
5050.49
5039.07
4475.54
4467.27
4224.64
4220.47
5251.86
5246.15
4388.75
4384.98
4787.75
4778.56
5331.03
5319.59
4709.36
4699.91
4883.39
4880.56
5060.67
5058.55
5096.91
5094.3
5102.82
5096.45
5110.78
5111.47
4888.24
4888.32
5392.12
5395.48
5676.71
5658.76
4932.08
4931.63
5034.69
5026.92
5451.01
5442.47
4321.62
4289.08
4616.78
4587.74
4630.24
4614.31
4998.48
4972.3
4733.87
4708.22
4965.07
4934.18
4801.94
4777.08
4267.33
4251.02
4251.02
4324.02
4301
4430.48
4407.63
4253.31
4234.2
4179.29
4160.24
4417.35
4396.37
5129.61
5096.87
4764.26
4753.26
5048.05
5022.44
4745.54
4719.69
4771.11
4758.11
5361.27
5328.02
4470.27
4460.82
4661.65
4638.07
4765.97
4747.49
4663.86
4629.3
4629.3
4580.86
4559.54
4535.41
4510.78
4653.58
4627.17
4319.91
4299.94
4913.93
4890.43
4592.31
4569.66
4962.48
4938.68
4809.08
4784.11
4664.92
4639.5
4390.62
4358.46
4760.03
4741.69
5189.38
5159.23
4267.92
4242.53
4047.82
4042.54
4783.18
4753.73
4245.1
4230.21
4529.92
4515.16
4362.26
4355.32
4747.6
4745.83
4757.38
4750.12
4474.94
4467.97
4322.4
4310.82
4188.46
4184.2
4662.88
4652.05
4223.02
4215.47
4553.53
4550.15
4920.56
4911.04
5102.09
5090.33
4375.55
4368.42
4996.24
4992
4793.86
4779.11
5143.48
5136.61
4454.9
4449.08
4753.53
4742.96
4847.82
4841.91
4833.87
4836.22
4472.05
4471.93
4287.02
4280.86
4695.03
4687.4
5021.73
5016.74
4378.48
4378.21
4115.45
4108.16
4932.89
4924.92
4397.76
4395.42
4530.44
4529.01
4354.59
4353.07
5126.18
5133.05
4602.58
4594.38
4517.03
4513.61
4340.59
4335.04
4940.58
4932.43
4380.03
4380.4
5120.96
5112.27
5418.72
5411.2
4807.26
4807.16
4721.95
4713.24
5183.73
5169.53
5276.24
5265.84
4853.42
4854.88
4992.29
4990.26
5831.11
5827.75
4964.66
4962.91
5211.99
5206.63
4856.73
4858.56
5912.55
5908.89
5250.23
5245.52
4272.2
4277.81
4496.1
4493.34
5219.04
5213.92
5616.6
5611.06
5335.53
5331.76
5483.22
5483.22
