4841.14
4815.62
5389.46
5366.53
5405.31
5393.42
5534.91
5529.11
5317.85
5319.49
5099.99
5098.93
3781.99
3778.29
6198.37
6176.19
5043.58
5038.01
5695.6
5686.89
5802.6
5799.04
4450.61
4450.83
5361.38
5358.86
4567.08
4563.88
5306.79
5300.23
5381.54
5377.26
5764.48
5769.67
3014.54
3014.31
5295.21
5286.78
5024.17
5014.03
5453.08
5438.98
4716.54
4707.37
5102.86
5097.52
4600.53
4593.6
4657.93
4649.99
5048.09
5045.17
5361.16
5363.34
4583.37
4578.53
5380.81
5376.37
4000
3998.94
3557.72
3554.5
4819.78
4815.74
4866.91
4855.15
3305.66
3299.95
4592.26
4592.87
4858.36
4856.93
4403.4
4407.91
5119.1
5116.58
5223.34
5218.95
5041.75
5033.89
4412.81
4412.91
5424.69
5423.08
5258.82
5253.42
2504.19
2499.5
4516.99
4510.85
5071.36
5066.25
4601.92
4597.43
4998.75
5010.15
4472.22
4473.59
4914.55
4912.88
4675.97
4675.97
4065.56
4058.47
4806.87
4790.87
4538.97
4534.24
5176.69
5169.09
5071.49
5065.75
4342.75
4340.74
4702.76
4694.12
3874.74
3870.48
5061.21
5058.81
4232.06
4236.71
4294.3
4292.02
4110.46
4109.33
3917.32
3914.24
4611.37
4603.15
4117.43
4117.39
4907.08
4906.74
4741.72
4738.56
4817.58
4814.01
4822.43
4817.73
4924.57
4917.43
5639.31
5635.61
4968.03
4961.58
3104.68
3100.73
4871.51
4864.77
3822.56
3822.63
4111.42
4085.58
4448.21
4433.91
4028.58
4011.36
4244.55
4229.55
4427.68
4413.23
4008.95
3988.94
4657.71
4645.06
3935.35
3918.76
4974.72
4952.83
4332.63
4316.94
4139.3
4126.39
4637.17
4622.92
4672.84
4657.27
4657.27
4327.09
4308.56
4279.91
4256.71
4328.53
4312.54
4475.7
4457.23
4431.04
4413.02
4104.04
4087.35
4847.44
4825.55
4646.59
4569.92
4090.1
4057.52
4229.01
4202.78
4600.61
4568.45
4455.04
4374.78
4572.22
4552.96
4741.07
4720.59
4029.65
4035.41
4851
4839.7
4956.8
4938.86
4745.46
4730.88
5405.38
5386.34
3739.73
3725.87
5015.75
4993.47
5240.36
5234.51
5573.52
5558.06
4877.78
4864.33
4199.24
4182.68
5513.92
5512.58
4983.36
4984.24
5600.85
5599.59
4917.78
4918.96
5041.83
4966.83
4899.38
4878.52
4693.41
4685.96
4899.41
4892.29
4566.74
4557.43
5152.81
5140.96
5768.75
5760.77
4444.93
4439.38
4549.63
4548.16
4726.57
4719.21
4435.46
4432.08
2972.63
2970.23
4672.88
4672.16
4548.66
4544.73
5107.29
5101.9
4618.98
4615.61
4232.2
4216.63
4614.19
4604.11
4909.92
4902.44
5033.26
5028.74
5494.21
5483.35
5116.76
5108.62
5180.66
5178.81
4395.4
4387.77
4777.39
4770.32
4709.2
4701.11
4492.33
4488.35
4931.83
4928.06
4968.86
4963.56
4714.17
4712.07
4757.19
4751.62
5034.83
5026.13
4910.76
4902.35
4614.79
4612.82
