4282.31
4266.89
4351.66
4337.94
4380.77
4363.08
4373.37
4361.74
4000.49
3990.18
3896.67
3888.98
4562.6
4552.53
4621.62
4611.45
4549.85
4528.46
4248.68
4236.05
4124.26
4110.85
4494.2
4481.75
4240.7
4228.03
4351.23
4338.59
4411.61
4392.65
4242.64
4230.22
4051.9
4046.49
4365.95
4357.39
4634.38
4621.1
4261.46
4234.62
4417.46
4406.81
4208.76
4192.63
4255.35
4240.69
4628.89
4607.61
4006.9
3991.07
4064.02
4053.48
3652.18
3642.37
4195.51
4183.25
4108.58
4092.83
4092.83
4214.08
4207.26
3905.04
3893.29
4116.15
4101.79
3806.77
3791.6
3964.31
3953.95
4196.01
4184.56
4467.65
4449.93
4387.7
4372.74
3989.84
3975.6
4612.33
4600.35
3965.33
3959.07
4069.74
4062.43
4276.89
4273.34
4337.87
4329.94
3976.7
3966.02
4227.31
4220.66
3982.26
3976.82
4463.58
4452.14
4055.24
4045.87
3991.99
3985.39
4736
4719.33
4185.68
4174.84
4214
4202.63
3833.67
3827.16
4426.7
4417.71
4360
4345.58
3924.98
3915.55
4157.97
4149.76
3816.91
3812.26
3910.93
3903.24
4334.76
4321.42
3891.61
3886.9
4313.83
4300.55
4132.94
4124.81
4144.2
4136.2
4466.77
4456.76
4363.33
4352.46
4557.04
4548.65
4288.95
4274.77
4525.92
4516.74
4417.77
4388.9
4388.9
4374.7
4339.97
4062.62
4051.14
4174.03
4166.58
3901.12
3896.46
4922.93
4910.98
4566.73
4553.07
4810.98
4802.99
4787.11
4780.88
4881.34
4865.75
4650.63
4641.16
4577
4565.45
4046.23
4031.21
4255.86
4235.98
4031.4
4026.44
3919.33
3908.36
4437.37
4424.3
4657.89
4643.6
4181.11
4171.96
4616.41
4603.45
4792.76
4787.26
4618.66
4599.37
3781.57
3774.49
4009.31
3996.65
5266.76
5256.09
4982.7
4973.67
4429.99
4417.23
4709.9
4699.87
4987.2
4982.79
5325.93
5314.2
4434.36
4426.01
5032.83
5018.61
4598.36
4591.73
4569.53
4550.89
5142.07
5126.73
4050.64
4039.14
4017.66
4006.83
4742.3
4728.19
3864.92
3855.74
4831.87
4814.74
4652.49
4646.67
4670.04
4655.77
4170.47
4158.1
4295.48
4279.22
4432.29
4420.56
5139.48
5125.13
4969.58
4957.07
4689.35
4681.16
3963.68
3957.44
4404.71
4395.79
4187.61
4178.39
3044.92
3033.77
4473.57
4455.83
4421.72
4410.58
4077.11
4064.91
4354.39
4337.52
4083.73
4071.32
4329.04
4313.79
4695.12
4688.74
4628.78
4621.12
4711.88
4690.77
4782.17
4765.91
3883.81
3866.98
4146.59
4131.49
4466.26
4452.45
5356.45
5334.41
5270.68
5250.14
3937.04
3922.87
3561.39
3546.79
4302.9
4287.13
4771.04
4757.85
4828.29
4822.88
4948.43
4934.84
4469.42
4449.89
4142.65
4124.84
3940.5
3924.41
4383.18
4371.37
4530.06
4518.66
4688.79
4672.77
3917.1
3902.69
3858.22
3841.75
4199.42
4188.13
3702.48
3689.24
3689.24
