1904.91
1875.64
1983.83
1955.94
2109.13
2079.96
2079.96
2038.09
2007.39
2105.33
2076.18
2048.79
2021.3
2048.58
2018.68
2139.9
2112.23
2045.74
2019.81
2121.97
2095.14
2098.88
2068.75
2046.89
2022.97
2062.27
2035.79
2029.36
2007.06
2023.74
1999.8
2049.3
2025.43
2193.44
2164.2
2025.36
1998.4
2047.47
2020.18
2136.48
2095.4
2057.27
2024.29
2238.99
2200.85
2169.59
2142.48
2103.82
2069.98
2045.15
2011.58
2091.36
2057.95
2131.57
2096.23
2134.45
2105.56
2198.88
2174.61
2075.62
2045.93
2177.56
2142.18
2181.91
2147
2174.44
2142.34
2089.78
2060.04
2150.32
2119.63
2208.21
2176.98
2103.58
2070.52
2090.56
2058.95
2192.63
2157.64
2176.51
2146.12
2071.07
2043.11
2101.7
2069.25
2138.32
2108.98
2017.16
1992.01
2101.49
2068.47
2088.33
2058.12
2048.3
2019.06
2213.04
2180.05
2192.58
2160.46
2098.77
2070.14
2089.48
2064.8
2109.42
2078.4
2081
2049.04
2161.26
2125.96
2177.28
2147.22
2115.79
2086.87
2077.12
2047.37
1885.61
1865.05
1945.33
1898.94
2079.18
2040.49
1862.89
1833.39
2038.07
2005.16
1961.81
1930.44
2103.72
2069.53
1694.6
1668.23
2005.01
1973.14
2004.45
1970.91
2033.25
1997.86
2019.85
1988.35
1873.33
1845.47
2070.08
2039.5
1873.19
1843.26
1890.19
1863.34
1785.68
1760.29
1918.22
1887.34
2028.81
1999.33
1860.27
1824.64
1858.52
1831.03
2000.54
1972.83
2047.18
2020.08
2038.82
2012.94
1953.47
1931.19
1981.6
1957.94
1989.6
1965.12
2076.5
2051.61
2055.02
2027.51
2027.51
2032.35
2009
2027.08
2001.82
2058.2
2032.03
2030.3
2005.25
1963.22
1938.41
2068.37
2042.13
1887.38
1864.71
1967.23
1941.83
2048.04
2023.29
2117.28
2073.22
2098.36
2059.56
2113.01
2078.74
2121.49
2084.94
2199.23
2161.43
2209.62
2173.35
2131.74
2094.69
2110.06
2071.62
2111.43
2075
2202.9
2164.15
2226.28
2186.77
2159.62
2122.78
2181.93
2141.44
2106.94
2070.99
2189.03
2150.91
2230.12
2192.51
2054.7
2019.83
2165.6
2130.38
2181.26
2143.46
2214.69
2174.89
2156.86
2115.33
2167.74
2130.75
2229.46
2188.17
2129.58
2093.45
2154.82
2137.24
2165.47
2128.93
2250.34
2211.8
2094.84
2057.6
2056.99
2019.23
2223.14
2184.16
2142.02
2106.72
2122.33
2082.88
2275.68
2235.36
2158.14
2119.64
2223.61
2182.52
2136.86
2101.25
2157.25
2117.55
2127.96
2091.13
2103.43
2068.64
2282.12
2248.98
2345.96
2314.95
2215.46
2184.5
2138.75
2107.17
1923.92
1897.52
2090.5
2062.96
2185.31
2155.33
2151.68
2123.19
2131.41
2102.99
2059.29
2033.17
2331.3
2303.02
2247.23
2219.72
2160.29
2131.95
2106.26
2081.18
2121.6
2095.28
2290.54
2262.4
2129.69
2101.13
2100.22
2037.96
2008.37
