1000.2
966.935
1066.47
1032.55
963.173
940.069
1061.28
1038.49
1059.34
1035.25
982.986
963.733
956.845
934.077
983.939
960.544
874.488
852.636
997.556
974.548
995.675
973.682
1037.67
1013.21
1000.71
977.934
974.147
954.005
1038.64
1016.72
1037.88
1015.95
1067.17
1042.37
910.653
888.845
1012.5
989.174
1002.94
971.999
927.669
904.494
1006
984.905
1012.75
988.515
924.07
904.05
887.825
867.639
939.119
920.145
931.507
912.56
952.62
933.422
890.962
872.921
1011.22
995.27
848.13
830.338
944.107
923.161
956.87
937.25
929.829
909.651
972.1
952.897
881.46
863.908
939.479
922.05
952.675
931.124
1100.51
1053.94
1185.03
1144.26
1134.62
1100.1
1019.81
993.051
1098.03
1069.22
1092.15
1063.68
1051.65
1023.73
1097.63
1069.53
1090.3
1064.11
980.999
954.279
1052.22
1024.06
1065.97
1038.76
1057.39
1030.49
991.464
964.901
1078.36
1050.49
1087.88
1063.3
1026.74
1002.06
1111.46
1083.73
1040.33
1017.18
1033.87
1008.61
933.129
894.068
950.133
924.56
900.461
878.135
927.305
904.661
891.488
869.521
943.825
921.347
860.426
840.049
914.022
893.321
936.924
914.267
868.922
846.494
855.343
835.277
955.237
931.985
914.623
890.736
938.04
913.861
869.925
847.938
1003.81
978.315
979.844
952.418
964.746
935.66
952.584
907.974
1021.65
990.387
1049.6
1020.49
963.37
937.456
1065.19
1037.34
1006.92
980.17
899.947
874.787
925.739
898.712
980.655
956.155
950.822
926.299
949.302
922.913
997.765
972.869
903.759
877.573
969.862
948.972
1023.91
997.222
944.176
918.98
966.759
940.272
919.975
894.268
1003.68
978.399
867.253
840.667
940.591
913.219
1019.18
987.525
1009.65
982.887
1025.72
1004.93
985.403
960.015
946.748
921.419
999.135
973.315
954.859
929.098
1005.78
983.699
929.823
907.393
1002.51
984.611
990.295
966.875
963.21
939.523
991.828
966.372
956.354
932.599
834.473
811.924
993.103
967.695
947.584
920.984
859.171
821.026
939.413
905.441
963.746
925.829
954.534
920.762
938.379
905.536
954.341
922.724
935.543
904.88
941.399
910.269
973.932
939.672
938.015
905.834
963.706
933.441
903.911
872.885
905.333
878.392
963.679
933.421
864.545
838.154
838.154
929.693
896.297
916.273
885.202
885.038
859.586
828.559
799.798
849.782
820.807
931.603
895.648
926.527
922.153
1016.11
981.909
970.054
950.173
957.843
932.821
1056.49
1022.51
983.759
957.534
1027.67
999.192
955.015
928.728
923.208
901.126
1051.87
1024.63
990.012
958.076
1053.09
1024.33
989.886
962.118
1041.75
1013.83
963.096
935.104
959.885
936.911
950.068
925.337
