3706.36
3681.53
3545
3522.5
3689.97
3671.7
4001.77
3982.4
3034.82
3025.78
3957.7
3942.56
4292.42
4281.76
3921.52
3908.46
3753.87
3723.69
3636.26
3621.57
4275.47
4248.1
3685.15
3663.77
3663.1
4372.46
4334.26
4334.26
3820.35
3793.46
3441.77
3421.96
3421.96
3257.85
3240.05
3061.63
3045.23
3576.17
3565.47
2892.03
2881.97
3444.01
3434.87
3146.13
3128.67
3256.4
3241.44
3380.04
3370.88
3283.74
3270.56
2958.76
2946.76
3561.15
3549.14
3549.14
3216.47
3202.55
3318.64
3303.13
3687.83
3670.29
3521.37
3503.12
3266.72
3253.43
3486.16
3469.65
3468.59
3354.4
3340.64
3339.62
3487.29
3475.26
3250.3
3237.04
3225.3
3211.14
3337.22
3321.47
3447.49
3429.78
2536.25
2496.82
3062.1
3032.6
3863.99
3852.71
3854.88
3570.41
3555.92
3549.13
3533.58
3428.16
3419.67
3615.71
3599.46
3457.75
3445.33
3689.55
3684.16
3684.41
3846.91
3838.7
3248.03
3238.62
3215.13
3204.91
3375.57
3363.9
3810.68
3800.02
3729.5
3715.73
3624.02
3608.52
3816.68
3804.51
3450.47
3438.85
2866.97
2868.48
3309.57
3299.94
3199.6
3191.4
1608.59
1609.65
2919.9
2918.76
3335.33
3322.37
3298.53
3298.17
2761.19
2762.38
2654.71
2654.21
2970.82
2965.24
3086.57
3080.92
3595.47
3585.89
3453.09
3452.7
4004.85
3992.08
3181.21
3173.92
3273.75
3269.78
2888.79
2885.13
3537.22
3526.47
3209.02
3194.63
3128.2
3114.83
3682.58
3669.02
2405.18
2397.36
2774.44
2769.29
2831.56
2826.53
2835.86
2834.24
2816.4
2809.89
3289.26
3281.08
3015.31
3012.02
3109
3105.59
3213.36
3206.66
2836.54
2833.94
2508.03
2507.53
2819.72
2813.74
3559.15
3549.89
3672.23
3665.53
3924.96
3912.82
3088.35
3081.62
3822.1
3815.67
3294.73
3297.76
3729.19
3713.91
3755.2
3749.38
3567.52
3557.67
3992.51
3986.49
3791.36
3782.39
3749.24
3740.68
3883.74
3875.62
4074
4054.59
3886.49
3884
3884
4290.06
4274.85
3493.21
3487.57
3540.41
3532.54
4075.23
4059.13
3796.02
3788.27
3978.77
3962.33
3840.31
3833.74
3933.04
3920.1
3920.1
4205.64
4193.88
3873.3
3865.91
3561.84
3554.71
4027.94
4019.8
3818.37
3808.11
3958.42
3951.49
3832.92
3818.74
3649.06
3645.74
3441.45
3435.47
3973.55
3964.91
3717.33
3708.55
3542.46
3536.61
3824.15
3807.71
3699.21
3697.93
3952.7
3941.41
4152.34
4150.23
4150.23
4074.91
4060.79
3968.81
3968.38
3816.76
3810.82
3958.36
3953.24
3937.62
3926.3
3770.73
3766.3
4179.99
4171.49
3807.32
3804.51
3892.24
3888.34
3725.6
3719.48
3930.67
3920.57
4054.3
4048.18
3564.93
3555.19
3855.32
3850.59
4195.24
4183.02
4006.03
4002.26
3970.03
3963.02
3989.18
3987.91
3998.9
3988.47
3933.55
3941.41
4005.04
3992.21
3972.22
3965.67
3609.42
3597.36
