1213.34
1204.31
1129.53
1122.24
1271.8
1267.64
1160.11
1158.8
1130.55
1127.98
1161.77
1159.52
1143.86
1142.16
1197.55
1192.53
1151.89
1148.98
1254.63
1250.44
1081.22
1079.96
1112.1
1109.82
1177.3
1174.43
1057.32
1053.34
1153.7
1154.63
1056.75
1054.96
1181.03
1179.43
1106.34
1105.14
1174.14
1171.46
1193.53
1194.31
1052.7
1051.08
1061.53
1059.45
1194.93
1194.55
1139.75
1138.23
1277.8
1273.73
1134.77
1131.36
1146.17
1142.97
1126.98
1123.83
1096.53
1097.24
1206.18
1205.25
1141.04
1142.27
1142.27
1037.01
1033.51
1142.67
1138.63
1193.17
1190.57
1198.73
1195.34
1079.67
1077.48
1131.22
1130.11
1130.54
1059.04
1056.19
1476.72
1469.63
1482.45
1475.99
1537.48
1530.6
1508.43
1503.13
1572.46
1564.89
1320.87
1318.19
1521.68
1514.57
1573.06
1568.11
1185.94
1183.15
1391.82
1388.06
1614.51
1609.23
1608.21
1559.95
1554.66
1549.11
1545.15
1482.33
1491.48
1449.56
1445.54
1253.66
1259.4
1286.03
1285.36
1225.9
1229.22
1137.7
1145.8
1151.82
1155.85
977.447
985.282
1116.69
1114.8
1287.84
1281.18
1251.78
1248.14
1113.23
1115.75
1289.48
1282.19
1153.49
1151.85
1151.85
1336.38
1331.62
1327.12
1322.39
1322.39
1266.4
1264.18
1321.4
1317.29
1391.62
1386.82
1182.99
1183.5
1268.03
1265.69
1418.75
1410.82
1187.35
1182.99
1237.56
1233.89
1274.3
1269.95
1377.09
1372.06
1343.78
1336.04
1353.07
1349.77
1365.06
1359.39
1487.93
1479.93
1423.16
1417.89
1333.95
1327.87
1413.96
1408.98
1436.72
1430.82
1430.41
1348.92
1343.22
1373.75
1365.48
1344.39
1341.37
1488.64
1482.14
1397.24
1390.09
1403.01
1401.86
1509.12
1502.76
1392.62
1387.2
1343.98
1338.12
1289.94
1281.6
1385.31
1379.63
1184.37
1180.59
1098.22
1093.03
1448.27
1441.12
1420.77
1412.05
1411.49
1424.57
1419.53
1419.53
1340.43
1336.89
1338.05
1329.67
1487.84
1476.79
1481.17
1473.5
1246.82
1240.18
1279.15
1273.27
1022.72
1018.78
1278.74
1275.54
1441.61
1433.78
1267.95
1262.64
1055.27
1050.95
1285.64
1279.46
1400.91
1394.96
1538.8
1520.28
1449.99
1436.9
1532.71
1518.79
1721.29
1703.91
1444.24
1431.6
1479.19
1469.26
1443.07
1433.44
1496.42
1485.01
1494.84
1483.71
1536.14
1524.16
1549.93
1539.71
1581.85
1570.08
1475.44
1465.15
1556.73
1546.02
1515.13
1502.42
1583.2
1569.32
1554.98
1543.61
1535.47
1524.84
1634
1622.16
1130.37
1127.14
1031.07
1029.31
1153.53
1150.91
1213.51
1211.24
1200.47
1198.18
1114.58
1112.32
1183.72
1181.39
1147.39
1146.2
1273.31
1272.5
1234.29
1233.88
1219.18
1218.07
1175.33
1176.34
1185.23
1183.51
1175.68
1174.11
1102.74
1100.41
1215.95
1216.79
1211.6
1210.45
1210.85
1190.56
1187.58
1224.21
1225.53
