0
7.56677e-06
2.10225e-06
1.07065e-05
1.39853e-06
1.08867e-06
8.2013e-07
3.33153e-07
4.9211e-07
4.77555e-07
3.88924e-07
4.74162e-07
5.91044e-07
5.51326e-07
4.00025e-07
3.25141e-07
3.82649e-07
3.9514e-07
2.94279e-07
3.16572e-07
2.97172e-07
1.8956e-07
1.73072e-07
1.92182e-07
1.45569e-07
8.98419e-08
1.07488e-07
1.26248e-07
1.48736e-07
8.5099e-08
8.42608e-08
8.31378e-08
8.34659e-08
5.67179e-08
1.09608e-07
9.66751e-08
2.10059e-07
4.83038e-07
1.09863e-06
4.35268e-07
7.64339e-07
6.09395e-07
5.88887e-07
6.47514e-06
3.58866e-07
5.68361e-06
8.25241e-07
3.19795e-07
3.54778e-07
4.8053e-07
2.92043e-07
2.00909e-07
3.23224e-07
2.94974e-07
1.07126e-07
9.39237e-08
8.65109e-08
6.26017e-08
4.10415e-07
1.02224e-06
1.12579e-06
0
