0
7.56677e-06
-5.46453e-06
8.60424e-06
-9.30795e-06
-3.09864e-07
-2.68537e-07
-4.86977e-07
1.58957e-07
-1.45557e-08
-8.86301e-08
8.52374e-08
1.16882e-07
-3.97177e-08
-1.51302e-07
-7.48837e-08
5.75074e-08
1.24915e-08
-1.00861e-07
2.22929e-08
-1.94006e-08
-1.07611e-07
-1.64888e-08
1.91105e-08
-4.66133e-08
-5.5727e-08
1.76456e-08
1.87607e-08
2.24875e-08
-6.36367e-08
-8.38213e-10
-1.12298e-09
3.28093e-10
-2.67481e-08
5.28901e-08
-1.29329e-08
1.13383e-07
2.72979e-07
6.15589e-07
-6.63359e-07
3.29071e-07
-1.54944e-07
-2.05073e-08
5.88625e-06
-6.11627e-06
5.32474e-06
-4.85837e-06
-5.05446e-07
3.49833e-08
1.25752e-07
-1.88487e-07
-9.11338e-08
1.22314e-07
-2.82494e-08
-1.87848e-07
-1.32027e-08
-7.41277e-09
