0.983822 0.973711 0.983822 0.952477 0.980789 0.936299 0.984833 0.989889 0.969666 0.882209 0.967644 0.995956 0.976744 0.960566 0.984833 0.980789 
0.482897 0.539235 0.424547 0.490946 0.481891 0.487928 0.498994 0.470825 0.532193 0.534205 0.493964 0.950704 0.867203 0.412475 0.545272 0.406439 
0.990164 1 1 0.985792 0.998907 0.673224 0.996721 0.985792 1 0.998907 1 0.998907 0.967213 1 0.991257 0.981421 
0.973552 0.958438 0.982368 0.56801 0.973552 0.997481 0.997481 0.988665 0.976071 0.508816 1 0.993703 0.996222 0.983627 0.760705 1 
1 0.938412 1 0.591572 1 1 1 1 0.996759 1 0.993865 1 0.993865 1 1 0.995092 
0.843333 0.965556 0.537778 0.977778 0.873333 0.818889 0.651111 0.868889 0.831111 0.936667 0.973333 0.352222 0.363333 0.871111 0.652222 0.485556 
0.608736 0.92658 0.527881 0.991636 0.637546 0.51487 0.598513 0.63197 0.772305 0.638476 0.670074 0.406134 0.569703 0.414498 0.877323 0.393123 
0.722791 0.499535 0.84093 0.667907 0.68186 0.815814 0.765581 0.693954 0.751628 0.664186 0.664186 0.757209 0.670698 0.503256 0.664186 0.509767 
0.80404 0.781818 0.789899 0.80303 0.775758 0.783838 0.775758 0.79798 0.808081 0.772727 0.778788 0.763636 0.763636 0.774747 0.767677 0.79899 
0.681778 0.648 0.713778 0.694222 0.667556 0.672 0.715556 0.702222 0.656 0.724444 0.687111 0.722667 0.683556 0.677333 0.657778 0.692444 
0.998921 1 0.998921 0.994606 0.998921 1 1 1 0.979504 0.996764 0.998921 1 0.998921 0.987055 1 0.998921 
1 1 1 1 1 1 1 1 1 1 0.998773 1 1 1 1 1 
1 1 1 1 1 1 1 1 1 1 1 1 1 1 1 1 
1 1 0.99896 1 1 1 1 1 1 1 0.99896 1 1 0.99896 1 1 
0.964502 0.947186 0.955844 0.941991 0.94632 0.948052 0.926407 0.94632 0.954978 0.971429 0.978355 0.982684 0.962771 0.935931 0.951515 0.957576 
0.83196 0.862438 0.848435 0.827842 0.85173 0.892092 0.840198 0.820428 0.85832 0.836903 0.85173 0.835255 0.878913 0.879736 0.821252 0.874794 
