5.65437e-05 6.56048e-05 5.79962e-05 9.27194e-05 6.58578e-05 0.000104731 6.14129e-05 6.01608e-05 7.13417e-05 0.000196646 7.38747e-05 5.25854e-05 6.97843e-05 7.90053e-05 5.63548e-05 6.52264e-05 
0.00156825 0.000977404 0.00178439 0.0014095 0.00143893 0.00145581 0.00337092 0.00145371 0.00114011 0.00115399 0.00140107 0.000110016 0.000165769 0.00183552 0.00111412 0.00193371 
6.54044e-05 5.23813e-05 5.35085e-05 7.39713e-05 4.93615e-05 0.000524717 5.70769e-05 6.77261e-05 5.38873e-05 5.67117e-05 5.17983e-05 4.93684e-05 8.26105e-05 5.20927e-05 6.01929e-05 6.46782e-05 
7.14952e-05 0.000105098 7.24282e-05 0.00243183 7.75184e-05 6.16626e-05 7.37953e-05 5.94601e-05 7.06891e-05 0.00317858 4.2998e-05 5.98792e-05 5.6243e-05 7.33739e-05 0.000373937 5.63896e-05 
4.88079e-05 0.000127798 5.73114e-05 0.00233289 4.29472e-05 4.40793e-05 5.30126e-05 5.15787e-05 5.11551e-05 4.57139e-05 5.86895e-05 5.0334e-05 5.21955e-05 5.59131e-05 5.2362e-05 6.74309e-05 
0.000196856 8.40171e-05 0.00202444 7.09357e-05 0.000180761 0.000235763 0.00157021 0.000218422 0.000221325 0.000112947 9.91241e-05 0.00236745 0.0022297 0.000181164 0.0014956 0.00296034 
0.0008171 0.000121131 0.00194965 7.56937e-05 0.000844753 0.00297408 0.000729036 0.000776748 0.000319643 0.000633627 0.000531431 0.00218996 0.00226654 0.00198633 0.000170648 0.0023207 
0.000484734 0.00339369 0.000219522 0.000559368 0.000587981 0.000273152 0.000309684 0.000454165 0.000341153 0.000586357 0.000590091 0.000341236 0.000576883 0.00328863 0.00062917 0.00317577 
0.000327489 0.000361646 0.000338032 0.000309744 0.000357905 0.000365722 0.0003632 0.000304061 0.000280861 0.00040346 0.000358757 0.00046777 0.000498598 0.000411274 0.000432663 0.000323298 
0.000616101 0.000657045 0.000374025 0.00051988 0.000607712 0.00061889 0.000546446 0.000522746 0.000660415 0.00033114 0.000536015 0.000516039 0.000506046 0.000628038 0.000596041 0.000456195 
3.20208e-05 2.63564e-05 3.07187e-05 3.05201e-05 3.37554e-05 3.84665e-05 2.84687e-05 2.78858e-05 5.51205e-05 3.02982e-05 3.1039e-05 3.03508e-05 2.57145e-05 4.55352e-05 3.03921e-05 2.69976e-05 
2.77406e-05 3.19859e-05 2.57858e-05 2.97036e-05 3.21088e-05 3.25659e-05 2.85667e-05 3.44175e-05 3.70183e-05 2.81987e-05 3.6434e-05 2.76319e-05 3.34269e-05 3.3214e-05 2.68028e-05 3.48671e-05 
3.92892e-05 2.82692e-05 3.16691e-05 2.44388e-05 3.34034e-05 3.32709e-05 3.21035e-05 3.04451e-05 3.30209e-05 2.78364e-05 3.12868e-05 3.12812e-05 2.78443e-05 2.68043e-05 2.98382e-05 3.00243e-05 
3.03036e-05 2.70767e-05 2.95369e-05 2.61409e-05 2.75313e-05 2.67104e-05 2.81063e-05 2.87719e-05 2.63381e-05 2.65947e-05 2.82047e-05 2.72662e-05 2.75727e-05 2.79796e-05 2.81766e-05 2.56243e-05 
7.33006e-05 8.68206e-05 8.29564e-05 0.000101009 8.93682e-05 9.35619e-05 0.000120195 8.80577e-05 8.48044e-05 7.13469e-05 6.19375e-05 6.18843e-05 7.19877e-05 9.81963e-05 8.68854e-05 8.18417e-05 
0.000228876 0.000181146 0.000188901 0.00022097 0.00018823 0.000141217 0.000204796 0.000241339 0.000191384 0.0002109 0.000191132 0.000214142 0.000155953 0.000153608 0.000236855 0.000162355 
