3.45396e-05 2.04404e-05 2.39286e-05 1.90822e-05 2.59517e-05 2.31358e-05 3.10204e-05 2.56283e-05 3.11437e-05 0.000196646 2.06184e-05 2.68141e-05 2.90431e-05 1.79387e-05 2.47198e-05 2.82041e-05 
2.98164e-05 2.62355e-05 3.09324e-05 2.57001e-05 2.8369e-05 2.67692e-05 3.08679e-05 2.76136e-05 2.96832e-05 2.9789e-05 2.84489e-05 2.6202e-05 2.1693e-05 2.74646e-05 2.27662e-05 2.25586e-05 
2.72461e-05 2.5823e-05 3.01203e-05 2.99447e-05 2.62664e-05 2.64078e-05 2.69754e-05 3.36838e-05 2.69691e-05 2.7682e-05 2.6069e-05 2.69187e-05 2.6866e-05 2.38989e-05 2.80891e-05 3.08739e-05 
3.12958e-05 3.44836e-05 3.23496e-05 2.86902e-05 3.7771e-05 2.91476e-05 2.72891e-05 3.28075e-05 3.10976e-05 2.89833e-05 3.25173e-05 3.08843e-05 2.99271e-05 2.85287e-05 3.38911e-05 3.02571e-05 
4.88079e-05 5.32568e-05 4.8395e-05 4.05691e-05 4.29472e-05 4.40793e-05 5.30126e-05 5.15787e-05 4.7994e-05 4.10375e-05 5.86895e-05 5.0334e-05 5.21955e-05 5.59131e-05 5.21551e-05 6.74309e-05 
3.00144e-05 3.30673e-05 2.71352e-05 3.49272e-05 3.69412e-05 3.83242e-05 3.09699e-05 3.02958e-05 2.85108e-05 2.97688e-05 2.99527e-05 2.97669e-05 3.68208e-05 3.66873e-05 2.93871e-05 3.30145e-05 
4.58455e-05 3.18436e-05 3.3398e-05 3.30108e-05 3.71453e-05 2.78282e-05 2.93963e-05 3.50195e-05 2.69026e-05 4.54942e-05 3.14608e-05 3.82385e-05 3.88027e-05 0.000175932 3.73619e-05 3.59476e-05 
3.64588e-05 4.24308e-05 4.49002e-05 4.20974e-05 3.62969e-05 3.4219e-05 5.27102e-05 3.75142e-05 4.47444e-05 4.81604e-05 2.68898e-05 3.43135e-05 4.62125e-05 3.9392e-05 3.84746e-05 4.64249e-05 
3.27445e-05 5.20612e-05 6.68724e-05 3.36901e-05 6.20723e-05 0.000109114 0.00034936 3.53367e-05 2.60684e-05 3.38317e-05 2.94779e-05 3.03406e-05 2.61135e-05 3.31746e-05 2.63045e-05 6.38865e-05 
2.62822e-05 4.17351e-05 2.67701e-05 1.56192e-05 2.23314e-05 2.01484e-05 2.4731e-05 3.16226e-05 2.85801e-05 2.06569e-05 2.27923e-05 2.18063e-05 2.55202e-05 2.17715e-05 2.01994e-05 2.1086e-05 
1.6594e-05 2.12333e-05 2.05983e-05 1.99299e-05 2.06142e-05 1.88845e-05 2.28409e-05 1.87515e-05 1.87697e-05 2.4225e-05 2.3144e-05 1.6362e-05 1.69186e-05 1.71604e-05 1.69399e-05 2.01038e-05 
2.77406e-05 3.19859e-05 2.25028e-05 2.97036e-05 3.21088e-05 3.25659e-05 2.85667e-05 3.44175e-05 3.70183e-05 2.81987e-05 3.6434e-05 2.76319e-05 3.34269e-05 3.3214e-05 2.62228e-05 3.48671e-05 
3.92892e-05 2.82692e-05 3.16691e-05 2.44388e-05 3.34034e-05 3.32709e-05 3.21035e-05 3.04451e-05 3.30209e-05 2.78364e-05 3.12868e-05 3.12812e-05 2.78443e-05 2.68043e-05 2.98382e-05 3.00243e-05 
1.21663e-05 1.26929e-05 1.3634e-05 1.40098e-05 1.34267e-05 1.30713e-05 1.22566e-05 1.26216e-05 1.16466e-05 1.3154e-05 1.26469e-05 1.04764e-05 1.08811e-05 1.21462e-05 1.17439e-05 1.16737e-05 
1.94394e-05 1.40507e-05 1.27548e-05 1.0845e-05 1.63113e-05 1.55623e-05 1.59752e-05 1.65603e-05 1.38898e-05 1.81267e-05 2.16255e-05 1.24155e-05 1.6842e-05 1.55583e-05 1.73778e-05 1.85915e-05 
1.10411e-05 1.00919e-05 1.1312e-05 1.07185e-05 1.05566e-05 9.7467e-06 1.24097e-05 1.07491e-05 1.13228e-05 1.40331e-05 1.17944e-05 1.24755e-05 1.11891e-05 1.03572e-05 1.22071e-05 1.4092e-05 
