1 0.802281 0.394527 0.90445 0.818713 0.491601 0.744533 0.826633 1 1 0.847477 0.901887 1 0.755765 0.878419 1 
0.814516 0.995392 1 0.978111 0.341014 1 1 0.975806 0.767281 1 1 0.957373 0.596774 1 1 1 
0.636552 0.986501 1 0.899215 0.371755 1 1 0.984424 0.516096 1 1 0.507788 1 1 1 0.998962 
0.871094 0.770596 0.996579 1 0.471354 0.929451 0.93837 0.91206 0.877604 0.81901 0.734375 1 0.891927 0.621094 0.927052 1 
0.565074 0.468948 0.418472 0.350785 1 0.458007 0.352883 0.453518 1 0.369705 0.389908 0.614916 1 0.400419 0.478217 0.335142 
0.659319 0.98998 1 0.441884 0.731463 1 1 0.487437 0.687375 1 1 0.476954 0.838677 1 1 0.971944 
0.727273 0.944545 1 0.976364 0.442982 0.987682 1 0.972727 0.392727 1 0.999091 0.948182 0.470909 1 1 0.96 
0.80735 0.988864 0.468643 0.997773 0.517544 0.491601 0.903579 0.767261 0.837416 0.724944 0.943807 1 0.69265 0.961216 0.782851 1 
1 0.53092 0.411631 0.520362 0.52187 0.907055 0.440358 0.790201 1 0.55199 0.448395 0.871698 1 0.949686 0.795339 0.336499 
0.520593 0.991131 0.449259 0.487805 0.341463 1 1 0.775126 0.628603 1 1 0.474501 1 1 1 0.676275 
0.353546 0.449937 1 0.924974 0.47076 1 1 0.965057 0.389517 1 1 0.930113 0.996917 1 1 0.998972 
0.789855 0.458809 0.506271 0.90942 0.758454 0.518477 0.988072 0.961353 0.804348 0.976893 0.982798 0.980676 0.815217 0.993711 0.990881 0.998792 
1 0.719899 0.459521 0.564136 0.926031 0.838746 0.343936 0.447236 1 0.998716 0.448395 0.884277 1 0.990566 0.976697 0.944369 
0.696842 0.784537 1 0.545263 0.581053 1 1 0.966316 0.698947 1 1 0.935789 0.938947 1 1 0.989474 
0.621747 0.436803 0.999071 0.592932 0.26487 1 1 0.973048 0.61803 1 1 0.44052 0.797398 1 1 0.986989 
0.767389 0.779932 1 1 0.435673 0.487122 1 0.980616 0.881414 0.491656 0.997706 1 0.769669 1 1 1 
