1.84008e-05 0.000310914 0.00257698 0.000169075 0.00024832 0.00312614 0.000399835 0.000244557 2.68489e-05 5.25979e-05 0.000210342 0.000128835 2.10596e-05 0.000340652 0.000161565 5.18441e-05 
0.000253648 3.9948e-05 3.93661e-05 7.42305e-05 0.00576748 3.80883e-05 3.15401e-05 6.54553e-05 0.000370145 2.26108e-05 2.15282e-05 8.58783e-05 0.00077968 2.95872e-05 2.51075e-05 3.48821e-05 
0.000885337 6.62391e-05 2.74601e-05 0.000125143 0.0043399 4.10785e-05 3.12816e-05 4.98194e-05 0.000965013 3.21834e-05 1.55391e-05 0.00302296 6.46549e-05 2.31185e-05 2.37145e-05 3.97415e-05 
0.000200895 0.000364054 4.78726e-05 4.27727e-05 0.003184 0.000146542 0.000120583 0.000127061 0.000182814 0.000236413 0.00037233 2.13219e-05 0.000137027 0.00121955 0.000133364 3.98429e-05 
0.00316644 0.00201523 0.0043345 0.00538322 5.0564e-05 0.00365944 0.00581327 0.00465465 2.07744e-05 0.00482706 0.00493176 0.00175933 3.3599e-05 0.004554 0.00312626 0.00577947 
0.000711448 6.95408e-05 5.3733e-05 0.003991 0.000418592 3.5779e-05 2.57035e-05 0.00300083 0.000717226 2.69471e-05 2.28055e-05 0.00342177 0.000218612 1.81559e-05 1.61102e-05 8.6808e-05 
0.000454096 0.000125746 5.33142e-05 9.35956e-05 0.00409915 4.94534e-05 2.50921e-05 6.82875e-05 0.00352202 3.61937e-05 2.55417e-05 0.000113197 0.00112433 2.64556e-05 1.84069e-05 8.61918e-05 
0.000361095 7.64594e-05 0.00372315 5.54731e-05 0.00276326 0.00313566 0.000155753 0.00025586 0.00029446 0.000480698 9.18058e-05 1.63669e-05 0.000532026 6.50964e-05 0.000350449 3.12675e-05 
3.74659e-05 0.00332954 0.00443126 0.00341933 0.00338169 0.00016022 0.00374194 0.000459808 1.64014e-05 0.00186927 0.00342622 0.000202865 1.97624e-05 9.30647e-05 0.000321102 0.00523074 
0.00388623 6.86029e-05 0.0039316 0.00337193 0.00411334 3.33772e-05 4.81811e-05 0.000371473 0.000776803 1.6432e-05 1.7348e-05 0.00343217 4.57542e-05 1.78978e-05 1.9184e-05 0.000498852 
0.00457905 0.00401135 5.3719e-05 0.000137933 0.00219126 4.09136e-05 3.00073e-05 7.64571e-05 0.00458197 2.02759e-05 1.29656e-05 0.000142561 5.15656e-05 2.36826e-05 1.52656e-05 3.47118e-05 
0.000347491 0.00372521 0.00301834 0.000139109 0.000388236 0.00292372 4.66661e-05 7.61751e-05 0.000337465 7.73624e-05 3.70034e-05 3.42537e-05 0.000276814 3.7874e-05 3.79038e-05 3.60006e-05 
1.85177e-05 0.000424503 0.00185799 0.00235291 0.00014172 0.000269574 0.00389342 0.00443941 3.12304e-05 5.14768e-05 0.00385399 0.000151647 4.25121e-06 4.25039e-05 8.37022e-05 9.21008e-05 
0.00049758 0.000229234 4.87406e-05 0.0015645 0.00117207 3.13636e-05 3.03067e-05 7.98794e-05 0.000529616 2.96433e-05 3.03696e-05 0.000102584 8.05399e-05 9.33967e-06 1.28729e-05 4.72397e-05 
0.000813194 0.0040548 5.54483e-05 0.00198573 0.00411682 4.13311e-05 2.97052e-05 7.12941e-05 0.00081315 3.48683e-05 2.51944e-05 0.00404387 0.000289786 1.61162e-05 9.43093e-06 5.51576e-05 
0.000312999 0.000263696 4.00024e-05 4.82288e-05 0.00409649 0.00333465 4.00115e-05 6.61507e-05 0.000196387 0.000858392 2.68228e-05 5.7591e-05 0.000310986 2.5128e-05 2.5793e-05 1.39848e-05 
