1 0.978541 1 1 1 0.921316 1 0.978541 1 1 1 1 1 1 1 1 
1 1 1 1 1 1 1 1 0.950704 1 1 1 0.912676 1 1 1 
1 1 1 0.996885 0.508772 1 1 1 1 1 1 1 1 1 1 1 
1 0.971354 1 1 1 1 1 0.985677 1 0.926829 0.934633 1 1 0.927673 1 0.994573 
1 0.811263 0.505327 1 1 0.503805 0.540335 0.561644 1 0.512938 0.538813 0.594969 1 1 0.841705 0.969559 
1 1 1 0.510471 1 1 1 0.970942 0.90669 1 1 1 1 1 1 1 
0.92916 1 1 1 0.481818 1 1 1 0.602113 1 1 0.997484 1 1 1 1 
1 0.991128 1 1 0.533408 1 1 0.969849 1 0.931964 1 1 1 0.998886 0.9615 1 
1 0.518378 0.54902 0.942408 1 1 1 1 1 1 0.553545 0.935143 1 1 1 1 
0.89357 1 1 1 0.450292 1 1 0.963415 1 1 1 1 1 1 1 1 
1 0.804728 1 1 0.589928 1 1 1 0.602113 1 1 1 1 1 1 1 
1 0.806763 1 1 0.998538 0.997585 1 1 1 1 1 1 1 1 1 1 
1 0.721195 1 1 1 1 1 0.596017 1 1 1 1 1 1 1 1 
1 0.821053 1 0.997382 0.997076 1 1 1 0.915493 1 1 0.994969 1 1 1 1 
1 1 1 0.95632 1 1 1 1 1 1 1 1 1 1 1 1 
1 0.997465 1 1 0.421893 1 1 1 1 0.754846 1 0.987457 1 1 1 1 
