4.84278e-06 6.01353e-05 4.99238e-05 4.35842e-05 4.65983e-05 0.000115702 3.52573e-05 7.85167e-05 1.06781e-05 3.97707e-05 2.22775e-05 3.17613e-05 1.92134e-05 2.56083e-05 1.85759e-05 2.26934e-05 
1.35031e-05 2.70652e-05 3.16063e-05 4.71158e-05 8.38687e-05 3.44647e-05 3.07267e-05 3.21001e-05 6.93944e-05 1.40574e-05 1.44941e-05 5.1216e-05 0.000145239 2.77129e-05 1.90933e-05 2.52801e-05 
3.18348e-05 3.27719e-05 2.45662e-05 5.8661e-05 0.00280323 3.89776e-05 2.40074e-05 2.63238e-05 3.88606e-05 1.32089e-05 1.18005e-05 1.83378e-05 2.58719e-05 1.7146e-05 1.46823e-05 1.83875e-05 
2.38671e-05 9.95076e-05 3.24597e-05 3.47438e-05 4.82286e-05 5.90507e-05 2.33153e-05 4.15783e-05 2.0436e-05 0.000138709 0.000118444 1.58549e-05 3.5456e-05 0.000127335 3.34975e-05 3.43559e-05 
2.41823e-05 0.000261614 0.00340721 3.97372e-05 4.66173e-05 0.00356901 0.00276244 0.0027165 8.25752e-06 0.00339799 0.00277238 0.000725049 1.93277e-05 1.66681e-05 0.000258415 0.000100375 
1.94181e-05 3.16478e-05 3.35902e-05 0.00313137 7.02691e-05 3.57066e-05 2.39803e-05 7.13136e-05 0.000171119 5.51327e-06 9.07729e-06 2.56821e-05 1.56582e-05 1.04348e-05 1.22653e-05 4.09523e-05 
0.000112982 3.14214e-05 2.98399e-05 3.94658e-05 0.00273888 4.47954e-05 2.16021e-05 2.07457e-05 0.0026624 9.0558e-06 5.9533e-06 5.81596e-05 1.79399e-05 1.39376e-05 9.67848e-06 1.91712e-05 
1.44776e-05 5.25916e-05 4.44993e-05 3.71158e-05 0.00152587 4.676e-05 2.61762e-05 6.27214e-05 1.30987e-05 0.00011598 3.10517e-05 1.12903e-05 3.34043e-05 4.37009e-05 6.78316e-05 2.96359e-05 
2.44516e-05 0.00277339 0.00295872 0.000124071 4.86232e-05 4.55684e-05 4.96274e-05 3.73557e-05 7.75178e-06 4.44582e-05 0.00284003 0.000140668 1.30681e-05 1.43279e-05 2.60148e-05 4.97252e-05 
0.000159946 4.89526e-05 5.44987e-05 4.60662e-05 0.00374876 3.14392e-05 3.81497e-05 7.80454e-05 2.2759e-05 5.87942e-06 1.21206e-05 4.26631e-05 1.85756e-05 1.2492e-05 1.32669e-05 2.50044e-05 
2.9021e-05 0.000292621 3.72486e-05 3.99819e-05 0.000803261 3.59476e-05 2.40648e-05 3.50218e-05 0.00249393 9.64205e-06 5.18995e-06 2.08329e-05 3.63071e-05 1.85487e-05 1.16766e-05 1.56894e-05 
1.55028e-05 0.000268448 5.50091e-05 3.91326e-05 6.28269e-05 7.50983e-05 4.48853e-05 3.65089e-05 2.17555e-05 2.90207e-05 1.98936e-05 1.15791e-05 1.80552e-05 2.94462e-05 2.30803e-05 2.01397e-05 
1.21665e-05 0.000423508 4.35412e-05 4.20571e-05 4.9956e-05 5.7619e-05 5.04617e-05 0.001177 2.3502e-05 1.99265e-05 3.0237e-05 1.27575e-05 3.61354e-06 1.09652e-05 3.89851e-05 3.6926e-05 
3.46019e-05 0.000197385 3.42377e-05 5.69269e-05 8.50281e-05 2.99115e-05 2.67384e-05 3.61161e-05 0.000133352 1.3792e-05 1.7761e-05 3.46471e-05 1.18562e-05 7.16497e-06 1.06819e-05 1.87214e-05 
2.0238e-05 3.75099e-05 3.48217e-05 0.000114216 5.28841e-05 4.11649e-05 2.35772e-05 3.06722e-05 3.59058e-05 1.28644e-05 1.12582e-05 2.45235e-05 1.32933e-05 7.50105e-06 4.00528e-06 1.13834e-05 
1.46852e-05 5.14788e-05 3.56902e-05 3.50479e-05 0.00364012 4.98934e-05 2.85271e-05 3.58762e-05 1.58038e-05 0.000408173 2.07911e-05 5.32584e-05 3.31459e-05 1.80554e-05 1.12124e-05 5.15009e-06 
