1 0.978541 1 1 1 0.921316 1 0.978541 1 1 1 1 1 1 1 1 
0.814516 0.995392 1 0.978111 0.341014 1 1 0.975806 0.767281 1 1 0.957373 0.596774 1 1 1 
0.636552 0.986501 1 0.996885 0.371755 1 1 0.984424 0.516096 1 1 0.507788 1 1 1 0.998962 
0.871094 0.971354 1 1 0.471354 1 1 0.985677 0.877604 0.81901 0.734375 1 0.891927 0.621094 1 1 
1 0.811263 0.505327 1 1 0.503805 0.540335 0.561644 1 0.512938 0.538813 0.614916 1 1 0.841705 0.969559 
0.659319 0.98998 1 0.441884 0.731463 1 1 0.970942 0.687375 1 1 0.476954 0.838677 1 1 0.971944 
0.727273 0.944545 1 0.976364 0.481818 1 1 0.972727 0.392727 1 0.999091 0.948182 0.470909 1 1 0.96 
0.80735 0.988864 1 0.997773 0.533408 1 1 0.767261 0.837416 0.724944 1 1 0.69265 0.998886 0.782851 1 
1 0.53092 0.54902 0.520362 0.52187 1 1 1 1 1 0.553545 0.935143 1 1 1 1 
0.89357 0.991131 1 0.487805 0.341463 1 1 0.963415 0.628603 1 1 0.474501 1 1 1 0.676275 
0.353546 0.804728 1 0.924974 0.589928 1 1 0.965057 0.389517 1 1 0.930113 0.996917 1 1 0.998972 
0.789855 0.806763 1 0.90942 0.758454 0.997585 1 0.961353 0.804348 1 1 0.980676 0.815217 1 1 0.998792 
1 0.721195 1 1 0.926031 1 1 0.596017 1 1 1 1 1 1 1 1 
0.696842 0.821053 1 0.545263 0.581053 1 1 0.966316 0.698947 1 1 0.935789 0.938947 1 1 0.989474 
0.621747 0.436803 0.999071 0.95632 0.26487 1 1 0.973048 0.61803 1 1 0.44052 0.797398 1 1 0.986989 
0.767389 0.779932 1 1 0.421893 1 1 0.980616 0.881414 0.754846 1 0.987457 0.769669 1 1 1 
