1 0.802281 0.394527 0.90445 0.818713 0.491601 0.744533 0.826633 1 1 0.847477 0.901887 1 0.755765 0.878419 1 
1 1 1 1 1 1 1 1 0.950704 1 1 1 0.912676 1 1 1 
1 1 1 0.899215 0.508772 1 1 1 1 1 1 1 1 1 1 1 
1 0.770596 0.996579 1 1 0.929451 0.93837 0.91206 1 0.926829 0.934633 1 1 0.927673 0.927052 0.994573 
0.565074 0.468948 0.418472 0.350785 1 0.458007 0.352883 0.453518 1 0.369705 0.389908 0.594969 1 0.400419 0.478217 0.335142 
1 1 1 0.510471 1 1 1 0.487437 0.90669 1 1 1 1 1 1 1 
0.92916 1 1 1 0.442982 0.987682 1 1 0.602113 1 1 0.997484 1 1 1 1 
1 0.991128 0.468643 1 0.517544 0.491601 0.903579 0.969849 1 0.931964 0.943807 1 1 0.961216 0.9615 1 
1 0.518378 0.411631 0.942408 1 0.907055 0.440358 0.790201 1 0.55199 0.448395 0.871698 1 0.949686 0.795339 0.336499 
0.520593 1 0.449259 1 0.450292 1 1 0.775126 1 1 1 1 1 1 1 1 
1 0.449937 1 1 0.47076 1 1 1 0.602113 1 1 1 1 1 1 1 
1 0.458809 0.506271 1 0.998538 0.518477 0.988072 1 1 0.976893 0.982798 1 1 0.993711 0.990881 1 
1 0.719899 0.459521 0.564136 1 0.838746 0.343936 0.447236 1 0.998716 0.448395 0.884277 1 0.990566 0.976697 0.944369 
1 0.784537 1 0.997382 0.997076 1 1 1 0.915493 1 1 0.994969 1 1 1 1 
1 1 1 0.592932 1 1 1 1 1 1 1 1 1 1 1 1 
1 0.997465 1 1 0.435673 0.487122 1 1 1 0.491656 0.997706 1 1 1 1 1 
