4.84278e-06 0.000310914 0.00257698 0.000169075 0.00024832 0.00312614 0.000399835 0.000244557 1.06781e-05 5.25979e-05 0.000210342 0.000128835 1.92134e-05 0.000340652 0.000161565 5.18441e-05 
1.35031e-05 2.70652e-05 3.16063e-05 4.71158e-05 8.38687e-05 3.80883e-05 3.07267e-05 3.21001e-05 6.93944e-05 1.40574e-05 1.44941e-05 5.1216e-05 0.000145239 2.77129e-05 2.51075e-05 2.52801e-05 
3.18348e-05 3.27719e-05 2.45662e-05 0.000125143 0.00280323 3.89776e-05 3.12816e-05 2.63238e-05 3.88606e-05 1.32089e-05 1.18005e-05 1.83378e-05 2.58719e-05 1.7146e-05 2.37145e-05 1.83875e-05 
2.38671e-05 0.000364054 4.78726e-05 3.47438e-05 4.82286e-05 0.000146542 0.000120583 0.000127061 2.0436e-05 0.000138709 0.000118444 1.58549e-05 3.5456e-05 0.000127335 0.000133364 3.43559e-05 
0.00316644 0.00201523 0.0043345 0.00538322 4.66173e-05 0.00365944 0.00581327 0.00465465 8.25752e-06 0.00482706 0.00493176 0.000725049 3.3599e-05 0.004554 0.00312626 0.00577947 
1.94181e-05 3.16478e-05 3.35902e-05 0.00313137 7.02691e-05 3.57066e-05 2.57035e-05 0.00300083 0.000171119 5.51327e-06 9.07729e-06 2.56821e-05 1.56582e-05 1.04348e-05 1.22653e-05 4.09523e-05 
0.000112982 3.14214e-05 2.98399e-05 3.94658e-05 0.00409915 4.94534e-05 2.16021e-05 2.07457e-05 0.0026624 9.0558e-06 5.9533e-06 5.81596e-05 1.79399e-05 1.39376e-05 9.67848e-06 1.91712e-05 
1.44776e-05 5.25916e-05 0.00372315 3.71158e-05 0.00276326 0.00313566 0.000155753 6.27214e-05 1.30987e-05 0.00011598 9.18058e-05 1.12903e-05 3.34043e-05 6.50964e-05 6.78316e-05 2.96359e-05 
3.74659e-05 0.00277339 0.00443126 0.000124071 4.86232e-05 0.00016022 0.00374194 0.000459808 7.75178e-06 0.00186927 0.00342622 0.000202865 1.97624e-05 9.30647e-05 0.000321102 0.00523074 
0.00388623 4.89526e-05 0.0039316 4.60662e-05 0.00374876 3.33772e-05 3.81497e-05 0.000371473 2.2759e-05 5.87942e-06 1.21206e-05 4.26631e-05 1.85756e-05 1.78978e-05 1.9184e-05 2.50044e-05 
2.9021e-05 0.00401135 3.72486e-05 3.99819e-05 0.00219126 4.09136e-05 2.40648e-05 3.50218e-05 0.00249393 9.64205e-06 5.18995e-06 2.08329e-05 3.63071e-05 1.85487e-05 1.52656e-05 1.56894e-05 
1.55028e-05 0.00372521 0.00301834 3.91326e-05 6.28269e-05 0.00292372 4.66661e-05 3.65089e-05 2.17555e-05 7.73624e-05 3.70034e-05 1.15791e-05 1.80552e-05 3.7874e-05 3.79038e-05 2.01397e-05 
1.21665e-05 0.000424503 0.00185799 0.00235291 4.9956e-05 0.000269574 0.00389342 0.00443941 2.3502e-05 5.14768e-05 0.00385399 0.000151647 4.25121e-06 4.25039e-05 8.37022e-05 9.21008e-05 
3.46019e-05 0.000229234 3.42377e-05 5.69269e-05 8.50281e-05 3.13636e-05 3.03067e-05 3.61161e-05 0.000133352 1.3792e-05 1.7761e-05 3.46471e-05 1.18562e-05 7.16497e-06 1.28729e-05 1.87214e-05 
2.0238e-05 3.75099e-05 3.48217e-05 0.00198573 5.28841e-05 4.11649e-05 2.35772e-05 3.06722e-05 3.59058e-05 1.28644e-05 1.12582e-05 2.45235e-05 1.32933e-05 7.50105e-06 4.00528e-06 1.13834e-05 
1.46852e-05 5.14788e-05 4.00024e-05 3.50479e-05 0.00409649 0.00333465 4.00115e-05 3.58762e-05 1.58038e-05 0.000858392 2.68228e-05 5.7591e-05 3.31459e-05 2.5128e-05 2.5793e-05 5.15009e-06 
