1.84008e-05 6.01353e-05 4.99238e-05 4.35842e-05 4.65983e-05 0.000115702 3.52573e-05 7.85167e-05 2.68489e-05 3.97707e-05 2.22775e-05 3.17613e-05 2.10596e-05 2.56083e-05 1.85759e-05 2.26934e-05 
0.000253648 3.9948e-05 3.93661e-05 7.42305e-05 0.00576748 3.44647e-05 3.15401e-05 6.54553e-05 0.000370145 2.26108e-05 2.15282e-05 8.58783e-05 0.00077968 2.95872e-05 1.90933e-05 3.48821e-05 
0.000885337 6.62391e-05 2.74601e-05 5.8661e-05 0.0043399 4.10785e-05 2.40074e-05 4.98194e-05 0.000965013 3.21834e-05 1.55391e-05 0.00302296 6.46549e-05 2.31185e-05 1.46823e-05 3.97415e-05 
0.000200895 9.95076e-05 3.24597e-05 4.27727e-05 0.003184 5.90507e-05 2.33153e-05 4.15783e-05 0.000182814 0.000236413 0.00037233 2.13219e-05 0.000137027 0.00121955 3.34975e-05 3.98429e-05 
2.41823e-05 0.000261614 0.00340721 3.97372e-05 5.0564e-05 0.00356901 0.00276244 0.0027165 2.07744e-05 0.00339799 0.00277238 0.00175933 1.93277e-05 1.66681e-05 0.000258415 0.000100375 
0.000711448 6.95408e-05 5.3733e-05 0.003991 0.000418592 3.5779e-05 2.39803e-05 7.13136e-05 0.000717226 2.69471e-05 2.28055e-05 0.00342177 0.000218612 1.81559e-05 1.61102e-05 8.6808e-05 
0.000454096 0.000125746 5.33142e-05 9.35956e-05 0.00273888 4.47954e-05 2.50921e-05 6.82875e-05 0.00352202 3.61937e-05 2.55417e-05 0.000113197 0.00112433 2.64556e-05 1.84069e-05 8.61918e-05 
0.000361095 7.64594e-05 4.44993e-05 5.54731e-05 0.00152587 4.676e-05 2.61762e-05 0.00025586 0.00029446 0.000480698 3.10517e-05 1.63669e-05 0.000532026 4.37009e-05 0.000350449 3.12675e-05 
2.44516e-05 0.00332954 0.00295872 0.00341933 0.00338169 4.55684e-05 4.96274e-05 3.73557e-05 1.64014e-05 4.44582e-05 0.00284003 0.000140668 1.30681e-05 1.43279e-05 2.60148e-05 4.97252e-05 
0.000159946 6.86029e-05 5.44987e-05 0.00337193 0.00411334 3.14392e-05 4.81811e-05 7.80454e-05 0.000776803 1.6432e-05 1.7348e-05 0.00343217 4.57542e-05 1.2492e-05 1.32669e-05 0.000498852 
0.00457905 0.000292621 5.3719e-05 0.000137933 0.000803261 3.59476e-05 3.00073e-05 7.64571e-05 0.00458197 2.02759e-05 1.29656e-05 0.000142561 5.15656e-05 2.36826e-05 1.16766e-05 3.47118e-05 
0.000347491 0.000268448 5.50091e-05 0.000139109 0.000388236 7.50983e-05 4.48853e-05 7.61751e-05 0.000337465 2.90207e-05 1.98936e-05 3.42537e-05 0.000276814 2.94462e-05 2.30803e-05 3.60006e-05 
1.85177e-05 0.000423508 4.35412e-05 4.20571e-05 0.00014172 5.7619e-05 5.04617e-05 0.001177 3.12304e-05 1.99265e-05 3.0237e-05 1.27575e-05 3.61354e-06 1.09652e-05 3.89851e-05 3.6926e-05 
0.00049758 0.000197385 4.87406e-05 0.0015645 0.00117207 2.99115e-05 2.67384e-05 7.98794e-05 0.000529616 2.96433e-05 3.03696e-05 0.000102584 8.05399e-05 9.33967e-06 1.06819e-05 4.72397e-05 
0.000813194 0.0040548 5.54483e-05 0.000114216 0.00411682 4.13311e-05 2.97052e-05 7.12941e-05 0.00081315 3.48683e-05 2.51944e-05 0.00404387 0.000289786 1.61162e-05 9.43093e-06 5.51576e-05 
0.000312999 0.000263696 3.56902e-05 4.82288e-05 0.00364012 4.98934e-05 2.85271e-05 6.61507e-05 0.000196387 0.000408173 2.07911e-05 5.32584e-05 0.000310986 1.80554e-05 1.12124e-05 1.39848e-05 
