2.67832e-15
8.85788e-08
2.85982e-07
3.20144e-07
6.55559e-07
1.11321e-06
1.53249e-06
1.91083e-06
2.24586e-06
2.43569e-06
2.56273e-06
2.6576e-06
2.70932e-06
2.69776e-06
2.77654e-06
2.8461e-06
2.85368e-06
2.86277e-06
2.90293e-06
2.95251e-06
3.1519e-06
3.08488e-06
3.02828e-06
3.09433e-06
3.46397e-06
3.53588e-06
3.79138e-06
4.03703e-06
4.02295e-06
4.02132e-06
4.03758e-06
4.06465e-06
4.13409e-06
4.20389e-06
4.26767e-06
4.33689e-06
4.4132e-06
4.53746e-06
4.70223e-06
4.69774e-06
4.67467e-06
4.65197e-06
4.632e-06
4.61772e-06
4.60825e-06
4.60272e-06
4.64544e-06
4.66045e-06
4.82129e-06
4.81694e-06
4.80841e-06
4.88433e-06
5.01674e-06
5.11765e-06
5.25007e-06
5.40157e-06
5.59418e-06
5.8278e-06
6.08123e-06
6.33761e-06
6.62436e-06
6.91329e-06
7.21222e-06
7.51723e-06
7.82102e-06
8.11729e-06
8.08706e-06
8.091e-06
8.09692e-06
8.11856e-06
8.14409e-06
8.19741e-06
8.18781e-06
8.17036e-06
8.24994e-06
8.34251e-06
8.43899e-06
8.60351e-06
8.76034e-06
8.86543e-06
9.00885e-06
9.1393e-06
9.25369e-06
9.21791e-06
9.18258e-06
9.1792e-06
9.14988e-06
9.12172e-06
9.10807e-06
9.11181e-06
9.1241e-06
9.09488e-06
9.06564e-06
9.0312e-06
9.32696e-06
9.34196e-06
9.51479e-06
9.48406e-06
9.45386e-06
9.41827e-06
9.66044e-06
9.66655e-06
9.90482e-06
1.01202e-05
1.0124e-05
1.03348e-05
1.05397e-05
1.0506e-05
1.06877e-05
1.06735e-05
1.06415e-05
1.06919e-05
1.07308e-05
1.07414e-05
1.07186e-05
1.06857e-05
1.06686e-05
1.09619e-05
1.09463e-05
1.09389e-05
1.09373e-05
1.08996e-05
1.08627e-05
1.08382e-05
1.08098e-05
1.10359e-05
1.10096e-05
1.09722e-05
1.09384e-05
1.09051e-05
1.11662e-05
1.14025e-05
1.14391e-05
1.16255e-05
1.16894e-05
1.17433e-05
1.17176e-05
1.17824e-05
1.18524e-05
1.18374e-05
1.19927e-05
1.21155e-05
1.21024e-05
1.2095e-05
1.21076e-05
1.20876e-05
1.20689e-05
1.20776e-05
1.20746e-05
1.20756e-05
1.20736e-05
1.20411e-05
1.2201e-05
1.21641e-05
1.21263e-05
1.21137e-05
1.20884e-05
1.20755e-05
1.20396e-05
1.21181e-05
1.20826e-05
1.20456e-05
1.20124e-05
1.20055e-05
1.20116e-05
1.19812e-05
1.19667e-05
1.19757e-05
1.20779e-05
1.20857e-05
1.21137e-05
1.21477e-05
1.21232e-05
1.20898e-05
1.21527e-05
1.2235e-05
1.2324e-05
1.23661e-05
1.24533e-05
1.26428e-05
1.27046e-05
1.27048e-05
1.2771e-05
1.28405e-05
1.28543e-05
1.29221e-05
1.29866e-05
1.30025e-05
1.30314e-05
1.3071e-05
1.31188e-05
