2.67832e-15
8.85788e-08
2.85982e-07
3.20144e-07
6.55559e-07
1.11321e-06
1.53249e-06
1.91083e-06
2.24586e-06
2.43569e-06
2.53721e-06
2.59565e-06
2.67267e-06
2.67846e-06
2.72051e-06
2.90982e-06
2.96326e-06
3.05068e-06
3.32184e-06
3.58133e-06
3.83594e-06
3.94594e-06
4.0164e-06
3.99997e-06
4.16637e-06
4.31183e-06
4.49385e-06
4.50351e-06
4.50216e-06
4.48337e-06
4.4752e-06
4.54189e-06
4.57167e-06
4.55355e-06
4.86227e-06
4.84012e-06
4.85319e-06
4.87534e-06
4.85565e-06
4.88211e-06
4.85905e-06
4.92141e-06
4.90759e-06
4.9099e-06
5.05544e-06
5.18803e-06
5.24882e-06
5.30677e-06
5.28283e-06
5.26811e-06
5.27047e-06
5.2989e-06
5.3793e-06
5.48832e-06
5.61004e-06
5.75123e-06
5.74649e-06
5.72075e-06
5.6985e-06
5.68715e-06
5.68272e-06
5.87509e-06
6.10708e-06
6.3653e-06
6.64789e-06
6.95631e-06
7.25725e-06
7.56468e-06
7.86933e-06
8.16618e-06
8.18642e-06
8.24062e-06
8.31955e-06
8.41301e-06
8.58499e-06
8.74893e-06
8.85895e-06
9.00784e-06
9.14333e-06
9.22763e-06
9.19733e-06
9.16197e-06
9.12481e-06
9.34991e-06
9.32329e-06
9.28979e-06
9.2961e-06
9.29758e-06
9.28156e-06
9.28681e-06
9.25231e-06
9.24739e-06
9.21389e-06
9.18311e-06
9.23027e-06
9.3053e-06
