3.56504e-05 3.66938e-05 3.67596e-05 3.63334e-05 3.43169e-05 3.85221e-05 3.60235e-05 3.44462e-05 3.60912e-05 3.66505e-05 3.4924e-05 3.48543e-05 3.2757e-05 3.59381e-05 3.77087e-05 3.57997e-05 
0.000398415 7.86022e-05 0.000589206 0.000522978 0.0047211 0.00345289 0.000499373 0.00047242 0.00405332 0.00391664 0.000538558 0.00415466 8.3906e-05 7.97069e-05 0.00434006 0.000369432 
6.14876e-05 6.06046e-05 7.15165e-05 9.88648e-05 5.19866e-05 8.58846e-05 6.27733e-05 0.000269999 3.974e-05 5.19301e-05 5.71516e-05 7.12757e-05 0.000126257 0.00010452 0.000200153 5.3701e-05 
5.37841e-05 5.09777e-05 4.96627e-05 5.85441e-05 4.94529e-05 6.70407e-05 5.21751e-05 4.73291e-05 6.05735e-05 4.72409e-05 5.08226e-05 5.19794e-05 4.8249e-05 5.09321e-05 5.06402e-05 5.12984e-05 
0.00394581 8.6467e-05 0.00769466 0.00852197 0.00303921 0.00840602 0.00872406 0.00894013 0.00330722 0.00319471 0.00335863 0.0085713 0.00304604 0.00791779 0.00750993 0.00871088 
0.000214546 0.00850841 0.00262539 0.000339198 0.000699429 8.56644e-05 0.00370823 0.000645713 0.0013828 6.82421e-05 0.00144114 0.000125285 0.000583271 0.00248138 0.00031957 0.00268897 
0.00153362 0.00113281 0.00353508 0.00318309 0.000397952 0.00338979 0.000600715 0.00084543 0.0029588 0.00429739 8.32859e-05 0.0035702 0.00300305 0.00303471 0.000909854 0.0012409 
0.00200749 0.00418553 0.000422773 0.00190942 9.77898e-05 0.00136235 0.00344887 0.000686733 0.00401944 0.000748361 0.00118196 0.000618354 0.000227823 0.00218943 7.67397e-05 0.00279264 
6.00948e-05 0.000415073 0.000756131 5.56499e-05 8.83915e-05 0.000297953 6.34565e-05 6.87986e-05 0.000436076 5.86682e-05 8.32681e-05 5.68372e-05 0.000429269 0.000421032 6.65697e-05 0.000406292 
3.26099e-05 4.16813e-05 2.58522e-05 2.72909e-05 3.4713e-05 3.66038e-05 2.70931e-05 3.33152e-05 3.18085e-05 3.19068e-05 2.69047e-05 3.16489e-05 3.8209e-05 3.61363e-05 3.11182e-05 3.61209e-05 
7.75936e-05 3.7005e-05 5.04664e-05 5.18083e-05 4.8228e-05 4.71967e-05 4.11855e-05 5.54784e-05 5.42047e-05 5.48123e-05 5.39489e-05 4.29878e-05 3.99639e-05 6.36094e-05 4.33023e-05 3.62717e-05 
2.24567e-05 2.51025e-05 2.58389e-05 2.39459e-05 2.78727e-05 2.66233e-05 2.72193e-05 2.81163e-05 2.71662e-05 2.70882e-05 2.57977e-05 2.84985e-05 2.47534e-05 2.63386e-05 3.23694e-05 2.93129e-05 
2.49678e-05 2.22012e-05 2.37739e-05 2.26291e-05 2.57019e-05 2.29244e-05 2.43145e-05 2.26647e-05 2.48641e-05 2.29402e-05 2.21624e-05 2.73648e-05 2.49349e-05 2.24081e-05 2.3641e-05 2.44258e-05 
2.36206e-05 2.50286e-05 2.4071e-05 2.45589e-05 2.20084e-05 2.41961e-05 2.3564e-05 2.42388e-05 2.31112e-05 2.26507e-05 2.36584e-05 2.39906e-05 2.49232e-05 2.66258e-05 2.63821e-05 2.70104e-05 
3.36237e-05 2.91275e-05 3.3335e-05 2.85968e-05 3.40323e-05 3.86671e-05 4.18551e-05 2.73413e-05 3.11537e-05 2.68043e-05 3.22562e-05 3.54988e-05 2.95442e-05 2.92634e-05 2.38048e-05 4.38555e-05 
2.39237e-05 2.60952e-05 2.68844e-05 2.5346e-05 2.50964e-05 2.22936e-05 2.98641e-05 3.2923e-05 3.21394e-05 2.61224e-05 3.12183e-05 2.99261e-05 2.60068e-05 2.34809e-05 2.2715e-05 2.56683e-05 
