1 1 1 1 1 1 1 1 1 1 1 1 1 1 1 1 
0.988957 0.988957 0.98773 0.96319 0.964417 0.991411 0.979141 0.982822 0.990184 0.993865 0.968098 0.931288 0.991411 0.997465 0.96319 0.964417 
1 1 1 1 1 1 1 1 1 1 1 1 1 1 1 1 
1 1 1 0.997546 1 1 1 1 1 1 1 0.997546 1 1 1 1 
0.425767 1 1 1 0.894478 1 1 1 0.998538 0.995614 0.488304 0.464912 0.46135 0.488304 1 1 
1 0.634356 1 1 1 0.974233 0.993865 0.996319 0.845465 0.982822 0.799552 0.98773 1 0.996319 1 0.991411 
1 1 1 0.968098 1 1 1 1 1 1 1 1 1 1 1 1 
0.974233 0.998773 0.996319 0.748466 0.971106 0.917085 0.958282 1 0.996319 0.993865 0.974233 0.884663 1 0.857669 0.981156 0.991411 
0.996319 0.947183 0.717791 1 0.988957 1 1 1 0.897887 1 0.991411 1 1 0.975352 1 0.975352 
1 1 1 1 1 1 1 1 1 1 1 1 1 1 1 1 
1 1 1 1 1 1 1 1 1 1 1 1 1 1 1 1 
1 1 1 1 1 1 1 1 1 1 1 1 1 1 1 1 
1 1 1 1 1 1 1 1 1 1 1 1 1 1 1 1 
1 1 1 1 1 1 1 1 1 1 1 1 1 1 1 1 
1 1 1 1 1 1 1 1 1 1 1 1 1 1 1 1 
1 1 1 1 1 1 1 1 1 1 1 1 1 1 1 1 
