1.16365e-05 1.14729e-05 1.18589e-05 1.09427e-05 1.25778e-05 1.22273e-05 1.18809e-05 1.06256e-05 1.08798e-05 1.02789e-05 1.06807e-05 1.2498e-05 1.07079e-05 1.16618e-05 1.12469e-05 1.10241e-05 
6.15922e-05 6.06122e-05 6.62498e-05 9.52458e-05 8.92953e-05 6.24065e-05 7.6334e-05 7.16857e-05 6.33039e-05 6.58125e-05 7.99127e-05 0.000115185 6.71833e-05 6.23098e-05 8.60097e-05 7.85033e-05 
5.23055e-05 4.91966e-05 5.79953e-05 3.3181e-05 3.7426e-05 4.93699e-05 4.93476e-05 5.19634e-05 3.86475e-05 5.17054e-05 4.14076e-05 4.18424e-05 4.03655e-05 3.91574e-05 4.7346e-05 5.19774e-05 
4.5674e-05 4.51298e-05 4.19782e-05 5.40642e-05 4.86111e-05 4.70387e-05 4.50642e-05 4.28986e-05 4.50679e-05 4.20579e-05 4.89788e-05 5.1902e-05 4.06547e-05 4.84578e-05 4.5082e-05 4.69097e-05 
0.00346998 6.68207e-05 7.33312e-05 7.30783e-05 0.000190988 6.47629e-05 5.79676e-05 6.65413e-05 8.82056e-05 7.61352e-05 0.00313513 0.00325407 0.00122645 0.00321819 6.99554e-05 6.99632e-05 
4.64745e-05 0.00117051 5.33489e-05 6.20447e-05 5.58145e-05 7.47727e-05 5.09589e-05 5.70793e-05 0.000219784 6.48269e-05 0.000354798 5.62617e-05 6.79423e-05 5.81507e-05 4.57531e-05 5.16694e-05 
3.91875e-05 3.90251e-05 3.82737e-05 7.01257e-05 4.34091e-05 3.29411e-05 3.94825e-05 4.53536e-05 4.03517e-05 3.8757e-05 3.61364e-05 3.75022e-05 3.76931e-05 3.69421e-05 4.58975e-05 3.90695e-05 
7.23203e-05 5.69856e-05 5.78595e-05 0.000328746 6.93989e-05 0.00013725 9.56077e-05 6.14133e-05 6.47871e-05 6.86084e-05 7.26278e-05 0.000154141 4.54563e-05 0.000148246 6.47041e-05 6.71617e-05 
5.59843e-05 9.2484e-05 0.000451225 3.56861e-05 5.93933e-05 5.1149e-05 2.45629e-05 2.48187e-05 0.000211885 4.56624e-05 5.98956e-05 2.37023e-05 5.74429e-05 6.58072e-05 4.85431e-05 7.63604e-05 
2.52346e-05 2.9623e-05 2.01818e-05 1.83736e-05 2.49899e-05 3.19291e-05 1.90927e-05 2.31524e-05 2.81263e-05 2.42029e-05 2.46716e-05 2.8429e-05 2.08349e-05 2.86677e-05 2.12871e-05 2.58922e-05 
1.62613e-05 2.19383e-05 1.54493e-05 1.98357e-05 2.41343e-05 2.04119e-05 1.64763e-05 2.14938e-05 2.48723e-05 1.86849e-05 1.83121e-05 2.08299e-05 2.79057e-05 1.79265e-05 1.87201e-05 1.83019e-05 
2.12266e-05 2.2114e-05 2.3529e-05 2.23374e-05 2.10569e-05 2.02813e-05 2.30921e-05 2.36514e-05 2.21323e-05 2.5795e-05 2.44396e-05 2.18266e-05 2.14062e-05 2.29585e-05 2.79647e-05 2.05596e-05 
1.49855e-05 1.35876e-05 1.49382e-05 1.48432e-05 1.26941e-05 1.65174e-05 1.31714e-05 1.33256e-05 1.5863e-05 1.56531e-05 1.23104e-05 1.32212e-05 1.58843e-05 1.60667e-05 1.42944e-05 1.36454e-05 
1.15808e-05 1.16281e-05 1.39212e-05 1.16301e-05 1.05752e-05 1.22196e-05 1.33046e-05 1.16665e-05 1.15796e-05 1.26353e-05 1.29223e-05 1.13376e-05 1.23008e-05 1.19835e-05 1.26961e-05 1.1828e-05 
2.00402e-05 1.16937e-05 1.2652e-05 1.57011e-05 1.79575e-05 1.3926e-05 1.61951e-05 2.22451e-05 1.54234e-05 1.8455e-05 1.63324e-05 1.55253e-05 1.44816e-05 1.61302e-05 1.26257e-05 1.59303e-05 
1.96784e-05 2.02727e-05 2.1647e-05 2.01817e-05 1.75887e-05 1.86911e-05 1.86608e-05 1.73689e-05 2.22039e-05 2.22358e-05 2.01977e-05 2.04001e-05 1.91943e-05 1.73201e-05 2.11582e-05 2.0452e-05 
