1 1 1 1 1 1 1 1 1 1 1 1 1 1 1 1 
0.755387 0.970849 0.708492 0.705957 0.422053 0.449937 0.705957 0.716096 0.461343 0.439797 0.713561 0.448669 0.972117 0.997465 0.434727 0.773131 
1 0.992018 0.982896 0.961231 1 0.962372 0.99886 0.822121 1 1 1 0.984037 0.899658 0.948689 0.857469 0.996579 
1 1 1 1 1 1 1 1 1 1 1 1 1 1 1 1 
0.445906 1 1 1 0.482456 1 1 1 0.998538 0.995614 0.488304 0.464912 0.5 0.488304 1 1 
0.844345 0.25196 0.521837 0.762598 0.6271 0.974244 0.458007 0.674132 0.845465 1 0.799552 0.910414 0.715566 0.519597 0.801792 0.510638 
0.559642 0.614314 0.486084 0.510934 0.752485 0.496024 0.675944 0.563618 0.528827 0.450298 1 0.477137 0.517893 0.526839 0.626243 0.592445 
0.551508 0.45603 0.744975 0.560301 0.971106 0.917085 0.424623 0.659548 0.461055 0.657035 0.629397 0.694724 1 0.536432 0.981156 0.506281 
1 0.947183 0.737676 1 0.947183 1 1 1 0.897887 1 0.954225 1 1 0.975352 1 0.975352 
1 0.992298 1 1 0.998716 1 1 1 1 1 1 1 0.98973 1 1 0.992298 
0.96445 0.988532 0.981651 0.977064 0.977064 0.987385 0.981651 0.977064 0.974771 0.987385 0.975917 0.982798 0.985092 0.97133 0.980505 0.989679 
1 1 1 1 1 1 1 1 1 1 1 1 1 1 1 1 
1 1 1 1 1 1 1 1 1 1 1 1 1 1 1 1 
1 1 1 1 1 1 1 1 1 1 1 1 1 1 1 0.998952 
0.998987 0.998987 1 1 1 1 0.993921 1 1 1 1 0.99696 0.998987 1 1 0.989868 
1 1 1 1 1 1 1 1 1 1 1 1 1 1 1 1 
