0.998773 1 0.997546 0.998773 1 0.996319 1 1 0.998773 1 1 0.998773 1 1 0.998773 1 
0.988957 0.988957 0.98773 0.96319 0.964417 0.991411 0.979141 0.982822 0.990184 0.993865 0.968098 0.931288 0.991411 0.971779 0.96319 0.964417 
1 1 1 1 1 1 1 1 1 1 1 1 1 1 1 1 
1 0.998773 1 0.997546 1 1 1 1 1 1 1 0.997546 1 1 1 1 
0.425767 0.998773 0.31411 0.284663 0.894478 0.282209 0.283436 0.267485 0.43681 0.493252 0.492025 0.284663 0.46135 0.299387 0.276074 0.276074 
1 0.634356 1 1 1 0.974233 0.993865 0.996319 0.611043 0.982822 0.608589 0.98773 1 0.996319 1 0.991411 
1 1 1 0.968098 1 1 1 1 1 1 1 1 1 1 1 1 
0.974233 0.998773 0.996319 0.748466 0.952147 0.413497 0.958282 1 0.996319 0.993865 0.974233 0.884663 0.839264 0.857669 0.985276 0.991411 
0.996319 0.721472 0.717791 0.997546 0.988957 0.773006 0.991411 0.971779 0.717791 0.986503 0.991411 0.990184 0.725153 0.725153 0.97546 0.736196 
1 1 1 1 1 1 1 1 1 1 1 1 1 1 1 1 
1 1 1 1 1 1 1 1 1 1 1 1 1 1 1 1 
1 1 1 1 1 1 1 1 1 1 1 1 1 1 1 1 
1 1 1 1 1 1 1 1 1 1 1 1 1 1 1 1 
1 1 1 1 1 1 1 1 1 1 1 1 1 1 1 1 
1 1 1 1 1 1 1 1 1 1 1 1 1 1 1 1 
1 1 1 1 1 1 1 1 1 1 1 1 1 1 1 1 
