1.16365e-05 1.14729e-05 1.18589e-05 1.09427e-05 1.25778e-05 1.22273e-05 1.18809e-05 1.06256e-05 1.08798e-05 1.02789e-05 1.06807e-05 1.2498e-05 1.07079e-05 1.16618e-05 1.12469e-05 1.10241e-05 
0.000398415 7.86022e-05 0.000589206 0.000522978 0.0047211 0.00345289 0.000499373 0.00047242 0.00405332 0.00391664 0.000538558 0.00415466 8.3906e-05 6.23098e-05 0.00434006 0.000369432 
6.14876e-05 6.06046e-05 7.15165e-05 9.88648e-05 5.19866e-05 8.58846e-05 6.27733e-05 0.000269999 3.86475e-05 5.19301e-05 5.71516e-05 7.12757e-05 0.000126257 0.00010452 0.000200153 5.3701e-05 
5.37841e-05 4.51298e-05 4.19782e-05 5.85441e-05 4.86111e-05 6.70407e-05 5.21751e-05 4.28986e-05 6.05735e-05 4.72409e-05 5.08226e-05 5.19794e-05 4.8249e-05 5.09321e-05 5.06402e-05 5.12984e-05 
0.00394581 6.68207e-05 7.33312e-05 7.30783e-05 0.00303921 6.47629e-05 5.79676e-05 6.65413e-05 8.82056e-05 7.61352e-05 0.00313513 0.00325407 0.00304604 0.00321819 6.99554e-05 6.99632e-05 
0.000214546 0.00850841 0.00262539 0.000339198 0.000699429 8.56644e-05 0.00370823 0.000645713 0.000219784 6.82421e-05 0.000354798 0.000125285 0.000583271 0.00248138 0.00031957 0.00268897 
0.00153362 0.00113281 0.00353508 0.00318309 0.000397952 0.00338979 0.000600715 0.00084543 0.0029588 0.00429739 8.32859e-05 0.0035702 0.00300305 0.00303471 0.000909854 0.0012409 
0.00200749 0.00418553 0.000422773 0.00190942 6.93989e-05 0.00013725 0.00344887 0.000686733 0.00401944 0.000748361 0.00118196 0.000618354 4.54563e-05 0.00218943 6.47041e-05 0.00279264 
6.00948e-05 9.2484e-05 0.000756131 3.56861e-05 8.83915e-05 5.1149e-05 2.45629e-05 2.48187e-05 0.000211885 4.56624e-05 8.32681e-05 2.37023e-05 5.74429e-05 6.58072e-05 4.85431e-05 7.63604e-05 
3.26099e-05 4.16813e-05 2.58522e-05 2.72909e-05 3.4713e-05 3.66038e-05 2.70931e-05 3.33152e-05 3.18085e-05 3.19068e-05 2.69047e-05 2.8429e-05 3.8209e-05 3.61363e-05 3.11182e-05 3.61209e-05 
7.75936e-05 3.7005e-05 5.04664e-05 5.18083e-05 4.8228e-05 4.71967e-05 4.11855e-05 5.54784e-05 5.42047e-05 5.48123e-05 5.39489e-05 4.29878e-05 3.99639e-05 6.36094e-05 4.33023e-05 3.62717e-05 
2.24567e-05 2.51025e-05 2.58389e-05 2.39459e-05 2.78727e-05 2.66233e-05 2.72193e-05 2.81163e-05 2.71662e-05 2.70882e-05 2.57977e-05 2.84985e-05 2.47534e-05 2.63386e-05 3.23694e-05 2.93129e-05 
1.49855e-05 1.35876e-05 1.49382e-05 1.48432e-05 1.26941e-05 1.65174e-05 1.31714e-05 1.33256e-05 1.5863e-05 1.56531e-05 1.23104e-05 1.32212e-05 1.58843e-05 1.60667e-05 1.42944e-05 1.36454e-05 
2.36206e-05 2.50286e-05 2.4071e-05 2.45589e-05 2.20084e-05 2.41961e-05 2.3564e-05 2.42388e-05 2.31112e-05 2.26507e-05 2.36584e-05 2.39906e-05 2.49232e-05 2.66258e-05 2.63821e-05 2.70104e-05 
3.36237e-05 2.91275e-05 3.3335e-05 2.85968e-05 3.40323e-05 3.86671e-05 4.18551e-05 2.73413e-05 3.11537e-05 2.68043e-05 3.22562e-05 3.54988e-05 2.95442e-05 2.92634e-05 2.38048e-05 4.38555e-05 
1.96784e-05 2.02727e-05 2.1647e-05 2.01817e-05 1.75887e-05 1.86911e-05 1.86608e-05 1.73689e-05 2.22039e-05 2.22358e-05 2.01977e-05 2.04001e-05 1.91943e-05 1.73201e-05 2.11582e-05 2.0452e-05 
