0.798787 0.55835 0.406557 0.835013 0.993517 0.713333 0.620818 0.746977 0.866667 0.734222 0.408846 0.960165 1 0.810811 0.674459 0.741351 
0.687563 0.771863 0.384699 0.534005 0.859316 0.461343 0.404275 0.621039 0.607071 0.664889 0.496224 0.761724 0.740177 0.679834 0.560203 0.730642 
0.710819 0.304447 0.698974 0.525656 0.597491 0.933333 0.460037 0.505131 0.49829 0.384 0.998921 0.534341 0.372862 1 0.984416 0.941516 
0.515707 0.537958 0.544503 0.761965 0.985602 0.905556 0.407063 0.514398 0.99899 0.526178 0.97411 1 0.320681 0.753638 0.985281 0.748764 
0.817998 0.467836 0.198907 0.676322 0.298217 0.47 0.218401 0.828837 0.523392 0.593778 0.427184 0.78022 1 0.461988 0.35671 0.43575 
0.302352 0.944009 1 0.513998 0.394177 0.823068 0.383829 0.56103 0.522956 0.910222 1 0.519597 0.389698 0.896976 0.987013 0.766063 
0.678926 0.956262 1 0.988665 0.367909 0.756461 0.688662 0.811133 0.245455 0.892444 1 0.502982 0.484095 0.752485 0.993939 0.658052 
0.396985 0.468813 0.444809 0.473618 0.521357 0.821111 0.70632 0.650233 0.570707 0.545226 0.976268 0.972362 0.586683 0.802764 0.741126 0.729819 
0.681496 0.686117 0.692896 0.711587 0.944895 0.69 0.651487 0.780465 0.672727 0.595556 0.398058 0.883242 0.954225 0.663202 0.477056 0.747941 
0.776542 0.519115 0.877596 1 0.992298 0.571111 0.574349 0.683721 0.713131 0.840889 1 0.912709 0.998716 1 0.938528 0.390445 
0.913043 0.50344 1 0.530963 0.615883 0.556667 0.579926 0.711009 0.988889 0.829333 1 0.501147 1 1 0.962771 0.908567 
0.969666 0.943662 0.601093 0.891824 0.993517 0.565556 0.54368 0.766512 0.814141 0.788444 0.957929 0.989937 0.898113 0.952183 0.909957 0.934102 
0.930233 0.566398 0.978142 0.768262 0.329011 0.815556 0.592937 0.583256 0.79798 0.686222 1 0.964286 1 0.930353 0.704762 0.593904 
1 1 1 1 0.571279 0.944444 0.590149 0.667907 0.971698 0.995556 1 0.972746 0.997904 1 0.950649 0.959638 
0.839232 0.427558 0.978142 0.998741 0.507599 0.554444 0.570632 0.633488 0.877778 1 1 0.952381 0.998987 1 0.958442 0.903624 
0.985844 0.502035 0.603279 0.998741 0.995929 0.987778 0.394052 0.683721 0.531886 0.735111 0.998921 0.968792 0.852103 0.992723 0.948918 0.839374 
