0.000260617 0.000853836 0.00191062 0.00021177 7.60852e-05 0.000518539 0.00108534 0.000527264 0.000176948 0.000470818 0.00392213 6.90102e-05 2.11061e-05 0.000249835 0.000707585 0.000486815 
0.000478397 0.00041582 0.00219039 0.000900386 0.000211418 0.00391319 0.00413359 0.000942268 0.000782947 0.000476118 0.00102274 0.000339572 0.000487557 0.000607632 0.00202829 0.000524997 
0.000770806 0.00789754 0.00044262 0.00262658 0.000724038 0.000124018 0.00374068 0.00293236 0.00283191 0.00190715 4.70159e-05 0.00286475 0.00536137 5.20902e-05 7.72176e-05 0.000123249 
0.00298026 0.00282981 0.00266199 0.000311232 8.35932e-05 0.000175255 0.00175657 0.00215465 7.90077e-05 0.00281541 9.48069e-05 5.8536e-05 0.00617171 0.000350718 0.000105046 0.00040083 
0.000282057 0.00357966 0.00695303 0.0005844 0.00669274 0.00347767 0.00507373 0.000262627 0.00281151 0.000765901 0.00355422 0.000382871 6.25947e-05 0.00343795 0.00427209 0.00169734 
0.00537537 0.000124848 5.57295e-05 0.00248308 0.0047811 0.000216219 0.0041203 0.00138723 0.00245494 0.00012797 4.47685e-05 0.0026846 0.00486987 0.000141944 7.10798e-05 0.000388177 
0.000811276 9.50883e-05 5.98438e-05 8.4875e-05 0.00674722 0.000380777 0.0004144 0.000243515 0.00861146 0.000156905 3.08076e-05 0.0032798 0.0035504 0.000442459 4.39721e-05 0.00064982 
0.00548905 0.00136862 0.00151922 0.00336982 0.00253067 0.000215724 0.000402271 0.000656993 0.000954386 0.0018893 7.30318e-05 6.27315e-05 0.000789278 0.000343309 0.000309403 0.000370806 
0.000593549 0.000493497 0.000374803 0.000517327 0.000105825 0.000540541 0.000931883 0.000341533 0.000490304 0.000766976 0.0037901 0.00018181 6.21018e-05 0.000743431 0.00128287 0.00048411 
0.000525036 0.0013169 0.000184373 7.05805e-05 4.1427e-05 0.00131079 0.0012921 0.000623888 0.000549884 0.000195151 1.70345e-05 0.000126195 5.46311e-05 2.83273e-05 9.6262e-05 0.00207028 
0.000148223 0.0034384 4.71597e-05 0.003134 0.00220854 0.000795337 0.00127505 0.000443706 7.87759e-05 0.000232413 1.01123e-05 0.00304537 4.9507e-05 2.99245e-05 6.27155e-05 0.000126369 
8.00997e-05 0.000119389 0.00116804 0.000158885 5.60423e-05 0.00256704 0.00256024 0.000446349 0.000259903 0.000327515 7.94362e-05 3.78859e-05 0.000126998 7.59802e-05 0.000145795 0.000111246 
0.000104456 0.000884052 8.07059e-05 0.000321808 0.0052814 0.000208238 0.000771609 0.00100952 0.000281936 0.000554971 4.91593e-05 5.69296e-05 7.03007e-06 8.87476e-05 0.00057336 0.000972472 
5.76705e-05 5.14739e-05 2.74769e-05 5.04004e-05 0.0021044 0.000102444 0.00108904 0.000579672 7.30164e-05 4.01299e-05 1.95675e-05 6.90043e-05 4.12402e-05 1.00879e-05 6.9429e-05 7.74819e-05 
0.000244561 0.0040662 4.90003e-05 6.67653e-05 0.00277294 0.000891682 0.000865998 0.000774977 0.000203699 4.09035e-05 1.29752e-05 9.29856e-05 5.39662e-05 1.14929e-05 5.2616e-05 0.000137187 
8.25517e-05 0.00358597 0.000976452 4.78021e-05 5.16061e-05 7.0524e-05 0.00223911 0.000518268 0.00199955 0.000554798 5.904e-05 5.20041e-05 0.00019982 5.16632e-05 8.31572e-05 0.000203667 
