1 1 1 1 1 0.998353 1 1 1 1 1 1 1 1 0.967051 1 
0.813688 0.72837 0.892269 0.784537 0.952998 0.542222 0.765526 0.615814 0.808618 1 1 0.839286 0.836389 0.757921 0.714286 0.782003 
1 0.590543 0.700546 0.889169 0.998379 1 1 0.577674 0.818182 0.990878 1 0.961231 0.994358 1 1 0.992018 
0.995956 0.502012 0.546448 0.765707 0.995138 0.984293 1 0.59814 1 0.739556 1 1 1 1 1 1 
1 0.542253 0.969298 1 0.54386 0.910819 0.5 1 0.918182 1 0.502924 1 1 0.495842 0.755848 0.913743 
1 0.996982 1 1 0.925446 1 0.853303 0.665116 0.949495 1 1 0.997253 0.971791 1 1 0.8757 
0.803842 0.983903 1 0.997018 0.494036 0.844444 0.84493 0.871628 0.347913 1 1 1 0.99859 1 1 0.799012 
0.572295 0.831658 0.59799 0.707809 0.985413 0.817839 0.801508 0.832915 0.824121 0.949333 1 1 0.944993 0.966736 1 0.834171 
1 1 0.915493 0.955986 1 1 1 1 1 0.834507 0.934859 1 1 0.929577 0.661972 1 
1 0.988447 1 0.973552 1 0.707317 0.966624 0.757381 0.998716 1 1 0.987637 1 1 1 1 
1 0.846076 1 0.765743 0.513761 1 1 0.790698 1 1 1 1 1 1 1 1 
1 0.913208 0.88805 0.923174 1 0.997484 0.996226 0.867925 0.945912 0.893082 1 1 1 1 1 1 
1 1 1 1 1 0.997183 1 0.997183 1 1 1 1 1 1 1 1 
1 1 1 1 0.982172 1 1 0.946541 0.988889 1 1 1 1 1 1 1 
1 0.688129 1 0.998987 0.648298 1 0.994934 0.6231 1 1 1 1 1 1 1 1 
1 0.401408 0.693351 1 1 1 1 1 0.859596 0.998643 1 0.987637 0.99859 1 1 1 
