8.08121e-06 1.21483e-05 2.40371e-05 2.47243e-05 3.94921e-05 4.60531e-05 3.31781e-05 1.42926e-05 1.16303e-05 1.58629e-05 1.92858e-05 2.32353e-05 1.3115e-05 1.63325e-05 5.80306e-05 1.71572e-05 
0.000296039 0.000370435 0.000145836 0.000333913 0.000100491 0.00215262 0.000388461 0.000647794 0.000294568 3.75595e-05 3.56994e-05 0.000220203 0.000282871 0.000387577 0.000412903 0.000369695 
4.61474e-05 0.000859091 0.000365329 0.000142981 7.63961e-05 5.52005e-05 6.57057e-05 0.00125689 0.000243359 6.28682e-05 3.75546e-05 8.47869e-05 6.63974e-05 4.01127e-05 4.40107e-05 6.58241e-05 
8.71003e-05 0.000974358 0.000903892 0.000244071 7.11026e-05 6.82882e-05 5.68399e-05 0.000904482 5.47047e-05 0.000454128 3.86439e-05 4.77025e-05 5.92729e-05 4.87772e-05 4.56565e-05 4.64103e-05 
6.37142e-05 0.000940475 7.32828e-05 6.92682e-05 0.00106945 0.000113555 0.00299518 5.55054e-05 0.00016353 5.49852e-05 0.00303272 6.19381e-05 4.2541e-05 0.00184643 0.000604017 0.000153861 
6.38405e-05 6.75818e-05 4.99197e-05 7.29866e-05 0.000130928 7.67828e-05 0.000170806 0.000909058 0.000118009 3.78834e-05 4.1281e-05 4.34553e-05 9.26126e-05 3.93007e-05 6.54135e-05 0.000171616 
0.000223969 7.8812e-05 5.13532e-05 6.64449e-05 0.00337508 0.000172938 0.000181005 0.000162654 0.00287449 4.67081e-05 2.78161e-05 4.40826e-05 4.50123e-05 4.90088e-05 2.73091e-05 0.000254203 
0.00093182 0.000246483 0.000792661 0.000334568 8.17314e-05 0.000208414 0.000287487 0.000218822 0.000255121 0.000127064 3.74132e-05 4.21052e-05 0.000115459 8.40181e-05 2.91897e-05 0.000183852 
3.27236e-05 1.37112e-05 0.000136808 0.000101142 5.56176e-05 1.54319e-05 1.28541e-05 1.01018e-05 1.00606e-05 0.000270699 8.85763e-05 2.93992e-05 2.66611e-05 0.000103524 0.000831442 1.77407e-05 
6.51922e-05 7.63556e-05 3.89615e-05 6.85176e-05 4.04797e-05 0.000447604 9.20975e-05 0.00032707 6.89813e-05 6.65225e-06 8.24648e-06 4.70463e-05 2.20194e-05 1.09939e-05 1.56757e-05 6.2458e-05 
5.05488e-05 0.000237876 3.96118e-05 0.000220345 0.000863217 4.75208e-05 4.43747e-05 0.000431469 6.58852e-05 1.51179e-05 5.85782e-06 2.77882e-05 3.09395e-05 1.57688e-05 9.50066e-06 2.73246e-05 
3.88328e-05 0.000106568 0.000155063 0.000150358 4.26232e-05 5.28086e-05 5.06247e-05 0.000166189 8.27858e-05 0.000140617 2.31572e-05 1.18895e-05 2.5726e-05 2.30549e-05 1.6678e-05 1.60206e-05 
1.28131e-05 2.10495e-05 2.23717e-05 3.43787e-05 5.85153e-05 3.34971e-05 1.92628e-05 2.64797e-05 2.15411e-05 1.80787e-05 3.1884e-05 2.2569e-05 6.46872e-06 1.2061e-05 1.79727e-05 2.13335e-05 
3.81169e-05 3.28113e-05 2.40309e-05 3.33438e-05 5.96106e-05 5.30628e-05 5.37848e-05 0.000106717 5.31952e-05 1.85154e-05 1.84916e-05 2.42841e-05 3.59045e-05 6.16213e-06 8.215e-06 1.74632e-05 
5.01252e-05 0.000405336 3.13957e-05 5.61728e-05 0.00187727 4.06565e-05 4.9198e-05 0.000626199 6.3938e-05 2.68008e-05 1.17003e-05 2.18043e-05 2.76062e-05 9.18196e-06 6.53271e-06 1.71824e-05 
3.41478e-05 0.00156528 0.000697092 3.69249e-05 3.81123e-05 2.54291e-05 2.68288e-05 3.596e-05 0.000222776 5.22401e-05 3.22988e-05 3.61626e-05 3.22361e-05 1.2203e-05 1.24546e-05 8.04399e-06 
