0.798787 0.55835 0.406557 0.835013 0.993517 0.713333 0.620818 0.746977 0.866667 0.734222 0.408846 0.960165 1 0.810811 0.674459 0.741351 
0.687563 0.72837 0.384699 0.534005 0.952998 0.542222 0.404275 0.615814 0.607071 0.664889 0.496224 0.839286 0.836389 0.679834 0.714286 0.730642 
0.710819 0.590543 0.700546 0.889169 0.998379 0.933333 0.460037 0.577674 0.818182 0.384 0.998921 0.534341 0.994358 1 0.984416 0.941516 
0.995956 0.502012 0.546448 0.761965 0.995138 0.905556 0.407063 0.59814 0.99899 0.739556 0.97411 1 1 0.753638 0.985281 0.748764 
0.817998 0.542253 0.198907 0.676322 0.298217 0.47 0.218401 0.828837 0.918182 0.593778 0.427184 0.78022 1 0.495842 0.35671 0.43575 
1 0.996982 1 1 0.925446 1 0.383829 0.665116 0.949495 0.910222 1 0.997253 0.971791 1 0.987013 0.766063 
0.803842 0.983903 1 0.988665 0.367909 0.844444 0.688662 0.871628 0.245455 0.892444 1 1 0.99859 1 0.993939 0.799012 
0.572295 0.468813 0.444809 0.707809 0.985413 0.821111 0.70632 0.650233 0.570707 0.949333 0.976268 1 0.944993 0.966736 0.741126 0.729819 
0.681496 0.686117 0.692896 0.711587 0.944895 0.69 0.651487 0.780465 0.672727 0.595556 0.398058 0.883242 1 0.663202 0.477056 0.747941 
0.776542 0.519115 0.877596 0.973552 1 0.571111 0.574349 0.683721 0.713131 0.840889 1 0.987637 1 1 0.938528 0.390445 
0.913043 0.846076 1 0.765743 0.615883 0.556667 0.579926 0.790698 0.988889 0.829333 1 1 1 1 0.962771 0.908567 
0.969666 0.943662 0.601093 0.923174 0.993517 0.565556 0.54368 0.766512 0.814141 0.788444 0.957929 1 1 0.952183 0.909957 0.934102 
0.930233 0.566398 0.978142 0.768262 0.329011 0.815556 0.592937 0.583256 0.79798 0.686222 1 0.964286 1 0.930353 0.704762 0.593904 
1 1 1 1 0.982172 0.944444 0.590149 0.667907 0.988889 0.995556 1 1 1 1 0.950649 0.959638 
0.839232 0.688129 0.978142 0.998741 0.648298 0.554444 0.570632 0.633488 0.877778 1 1 1 1 1 0.958442 0.903624 
0.985844 0.401408 0.603279 0.998741 1 0.987778 0.394052 0.683721 0.859596 0.735111 0.998921 0.987637 0.99859 0.992723 0.948918 0.839374 
