1 1 1 1 1 0.998353 1 1 1 1 1 1 1 1 0.967051 1 
0.813688 0.771863 0.892269 0.784537 0.859316 0.461343 0.765526 0.621039 0.808618 1 1 0.761724 0.740177 0.757921 0.560203 0.782003 
1 0.304447 0.698974 0.525656 0.597491 1 1 0.505131 0.49829 0.990878 1 0.961231 0.372862 1 1 0.992018 
0.515707 0.537958 0.544503 0.765707 0.985602 0.984293 1 0.514398 1 0.526178 1 1 0.320681 1 1 1 
1 0.467836 0.969298 1 0.54386 0.910819 0.5 1 0.523392 1 0.502924 1 1 0.461988 0.755848 0.913743 
0.302352 0.944009 1 0.513998 0.394177 0.823068 0.853303 0.56103 0.522956 1 1 0.519597 0.389698 0.896976 1 0.8757 
0.678926 0.956262 1 0.997018 0.494036 0.756461 0.84493 0.811133 0.347913 1 1 0.502982 0.484095 0.752485 1 0.658052 
0.396985 0.831658 0.59799 0.473618 0.521357 0.817839 0.801508 0.832915 0.824121 0.545226 1 0.972362 0.586683 0.802764 1 0.834171 
1 1 0.915493 0.955986 1 1 1 1 1 0.834507 0.934859 1 0.954225 0.929577 0.661972 1 
1 0.988447 1 1 0.992298 0.707317 0.966624 0.757381 0.998716 1 1 0.912709 0.998716 1 1 1 
1 0.50344 1 0.530963 0.513761 1 1 0.711009 1 1 1 0.501147 1 1 1 1 
1 0.913208 0.88805 0.891824 1 0.997484 0.996226 0.867925 0.945912 0.893082 1 0.989937 0.898113 1 1 1 
1 1 1 1 1 0.997183 1 0.997183 1 1 1 1 1 1 1 1 
1 1 1 1 0.571279 1 1 0.946541 0.971698 1 1 0.972746 0.997904 1 1 1 
1 0.427558 1 0.998987 0.507599 1 0.994934 0.6231 1 1 1 0.952381 0.998987 1 1 1 
1 0.502035 0.693351 1 0.995929 1 1 1 0.531886 0.998643 1 0.968792 0.852103 1 1 1 
