0.000260617 0.000853836 0.00191062 0.00021177 7.60852e-05 0.000518539 0.00108534 0.000527264 0.000176948 0.000470818 0.00392213 6.90102e-05 2.11061e-05 0.000249835 0.000707585 0.000486815 
0.000478397 0.000370435 0.00219039 0.000900386 0.000100491 0.00215262 0.00413359 0.000647794 0.000782947 0.000476118 0.00102274 0.000220203 0.000282871 0.000607632 0.000412903 0.000524997 
0.000770806 0.000859091 0.000365329 0.000142981 7.63961e-05 0.000124018 0.00374068 0.00125689 0.000243359 0.00190715 4.70159e-05 0.00286475 6.63974e-05 5.20902e-05 7.72176e-05 0.000123249 
8.71003e-05 0.000974358 0.000903892 0.000311232 7.11026e-05 0.000175255 0.00175657 0.000904482 7.90077e-05 0.000454128 9.48069e-05 5.8536e-05 5.92729e-05 0.000350718 0.000105046 0.00040083 
0.000282057 0.000940475 0.00695303 0.0005844 0.00669274 0.00347767 0.00507373 0.000262627 0.00016353 0.000765901 0.00355422 0.000382871 6.25947e-05 0.00184643 0.00427209 0.00169734 
6.38405e-05 6.75818e-05 5.57295e-05 7.29866e-05 0.000130928 7.67828e-05 0.0041203 0.000909058 0.000118009 0.00012797 4.1281e-05 4.34553e-05 9.26126e-05 3.93007e-05 7.10798e-05 0.000388177 
0.000223969 7.8812e-05 5.98438e-05 8.4875e-05 0.00674722 0.000172938 0.0004144 0.000162654 0.00861146 0.000156905 3.08076e-05 4.40826e-05 4.50123e-05 4.90088e-05 4.39721e-05 0.000254203 
0.00093182 0.00136862 0.00151922 0.000334568 8.17314e-05 0.000215724 0.000402271 0.000656993 0.000954386 0.000127064 7.30318e-05 4.21052e-05 0.000115459 8.40181e-05 0.000309403 0.000370806 
0.000593549 0.000493497 0.000374803 0.000517327 0.000105825 0.000540541 0.000931883 0.000341533 0.000490304 0.000766976 0.0037901 0.00018181 2.66611e-05 0.000743431 0.00128287 0.00048411 
0.000525036 0.0013169 0.000184373 6.85176e-05 4.04797e-05 0.00131079 0.0012921 0.000623888 0.000549884 0.000195151 1.70345e-05 4.70463e-05 2.20194e-05 2.83273e-05 9.6262e-05 0.00207028 
0.000148223 0.000237876 4.71597e-05 0.000220345 0.00220854 0.000795337 0.00127505 0.000431469 7.87759e-05 0.000232413 1.01123e-05 2.77882e-05 3.09395e-05 2.99245e-05 6.27155e-05 0.000126369 
8.00997e-05 0.000119389 0.00116804 0.000150358 5.60423e-05 0.00256704 0.00256024 0.000446349 0.000259903 0.000327515 7.94362e-05 1.18895e-05 2.5726e-05 7.59802e-05 0.000145795 0.000111246 
0.000104456 0.000884052 8.07059e-05 0.000321808 0.0052814 0.000208238 0.000771609 0.00100952 0.000281936 0.000554971 4.91593e-05 5.69296e-05 6.46872e-06 8.87476e-05 0.00057336 0.000972472 
3.81169e-05 5.14739e-05 2.74769e-05 5.04004e-05 5.96106e-05 0.000102444 0.00108904 0.000579672 5.31952e-05 4.01299e-05 1.84916e-05 2.42841e-05 3.59045e-05 1.00879e-05 6.9429e-05 7.74819e-05 
0.000244561 0.000405336 4.90003e-05 6.67653e-05 0.00187727 0.000891682 0.000865998 0.000774977 0.000203699 4.09035e-05 1.17003e-05 2.18043e-05 2.76062e-05 1.14929e-05 5.2616e-05 0.000137187 
8.25517e-05 0.00156528 0.000976452 4.78021e-05 3.81123e-05 7.0524e-05 0.00223911 0.000518268 0.000222776 0.000554798 5.904e-05 3.61626e-05 3.22361e-05 5.16632e-05 8.31572e-05 0.000203667 
