0
5.20269e-07
5.76364e-05
-5.81031e-05
-3.39209e-08
2.86363e-08
5.02725e-09
-3.35192e-09
-2.64816e-08
1.45229e-08
-5.76676e-09
-2.30049e-08
1.2918e-08
-8.44471e-09
-6.86267e-09
6.82265e-09
-7.56108e-10
2.55937e-09
-4.49616e-09
2.33464e-08
1.02677e-08
-2.24578e-08
2.71553e-08
-1.0574e-08
-1.68773e-08
1.04051e-07
2.88432e-07
2.52566e-07
4.48817e-07
8.99347e-07
4.27789e-07
-1.06206e-06
4.85733e-07
-4.83682e-07
-9.05362e-07
-1.11039e-07
-2.66047e-07
-7.51115e-08
-1.23514e-08
3.28733e-09
9.5913e-10
-3.56387e-09
1.6181e-08
-4.40213e-09
-9.23768e-09
9.4922e-09
-8.69015e-09
1.53403e-09
-1.07132e-08
9.68446e-09
1.65145e-09
-1.51698e-09
1.63735e-08
1.15293e-08
-2.12438e-08
2.20952e-08
-2.15043e-09
-1.72943e-09
-2.70965e-08
-1.52814e-08
