0.0186485
0.0185905
0.0186334
0.0187726
0.0197443
0.0191318
0.0209629
0.0210843
0.0212937
0.0215873
0.0219617
0.0224131
0.0229383
0.0235344
0.0241981
0.0249266
0.0257175
0.0265675
0.0274749
0.0279897
0.0256242
0.0263214
0.0277201
0.027604
0.0284852
0.0288231
0.0275056
0.0271825
0.0276708
0.0274086
0.0281163
0.0278063
0.0284575
0.0261425
0.0257758
0.0263572
0.0248791
0.0243509
0.0245991
0.0250152
0.0254863
0.0260103
0.0265851
0.0258142
0.0256068
0.0258907
0.026446
0.027049
0.0247755
0.02269
0.0207822
0.0190433
0.0174647
0.0160382
0.014757
0.0136139
0.0126023
0.0125054
0.0116051
0.0108244
0.0101583
0.00960167
0.00880802
0.00750836
0.0073086
0.00681856
0.00609055
0.00644429
0.00654109
0.00655946
0.00566622
0.00520346
0.00511141
0.0047287
0.00528405
0.00494462
0.00462105
0.00427011
0.00465311
0.00463413
0.00492985
0.00390725
0.0036665
0.00341246
0.00275346
0.00281424
0.00230668
0.00233896
0.00234428
0.0022491
0.00183976
0.00186287
0.00192916
0.00215643
0.00224988
0.00256135
0.00268027
0.00283901
0.00303637
0.00327105
0.00341194
0.00406142
0.00430136
0.00466773
0.00446193
0.00395461
0.00401176
0.0044169
0.00462313
0.00415603
0.00438466
0.00490799
0.00515495
0.00472463
0.00499292
0.00465706
0.00474523
0.00470388
0.00493756
0.00542176
0.00579301
0.00566249
0.00587139
0.00611118
0.00642947
0.00668646
0.00697247
0.00677334
0.00707648
0.00740791
0.00732646
0.00760104
0.00781869
0.00813974
0.00801457
0.00835096
0.00833447
0.00826272
0.00769377
0.0075198
0.00769246
0.00735431
0.00750621
0.00768587
0.00703604
0.00645054
0.00592687
0.00576536
0.00586026
0.0053804
0.00495836
0.00454217
0.00425909
0.00445033
0.00406103
0.00372575
0.00344265
0.00321053
0.00302748
0.00289241
0.00280374
0.00275947
0.00247784
0.00211099
0.00171681
0.00152732
0.0014289
0.00136185
0.00131312
0.0012565
0.00124222
0.00114234
0.000995955
0.00100625
0.000844084
0.000262765
0.000182864
7.63685e-08
