0.704642
0.685645
0.66887
0.651495
0.621793
0.60092
0.579513
0.562895
0.55409
0.535983
0.518045
0.507806
0.500092
0.484261
0.475983
0.462891
0.453073
0.446084
0.441507
0.42474
0.422027
0.407231
0.393856
0.381619
0.370329
0.359852
0.350085
0.340947
0.332373
0.324311
0.316714
0.309545
0.302771
0.296661
0.29029
0.284257
0.278542
0.273122
0.267981
0.261106
0.253226
0.247843
0.233163
0.223282
0.215881
0.207845
0.194448
0.187454
0.183403
0.180898
0.176872
0.174379
0.170141
0.166252
0.162376
0.159625
0.156877
0.151407
0.146986
0.144048
0.140165
0.137748
0.133461
0.129394
0.125536
0.122212
0.118563
0.1151
0.110908
0.107636
0.104533
0.102311
0.0993721
0.0943597
0.0915884
0.0889631
0.0853681
0.0827975
0.0795401
0.0777799
0.0751988
0.0727366
0.0704047
0.0681978
0.0661109
0.0641045
0.0621332
0.0602719
0.0585115
0.0567551
0.0549922
0.0538631
0.0530414
0.0513765
0.0496012
0.0480318
0.0466919
0.0453484
0.0447442
0.0433099
0.0418188
0.0404158
0.0397854
0.0382143
0.0370436
0.0358493
0.0345156
0.0332636
0.031878
0.0310063
0.0303248
0.0291371
0.028029
0.0276347
0.026899
0.02577
0.0247135
0.0238289
0.0232514
0.0224841
0.0214804
0.0205445
0.0199537
0.0186774
0.0177958
0.0169942
0.0166584
0.0158276
0.0139561
0.0135482
0.0127686
0.0120479
0.0113841
0.0112582
0.0106418
0.0101884
0.00961799
0.00909972
0.00863154
0.00821209
0.00784055
0.00751494
0.00723448
0.00699744
0.00647739
0.00652742
0.00634182
0.0061215
0.00594241
0.00573105
0.00485168
0.00469764
0.00415564
0.00403576
0.00359807
0.00315387
0.00317943
0.00321073
0.00323241
0.00318968
0.00270774
0.00264867
0.00245225
0.0022933
0.00196703
0.00192971
0.00179179
0.00168879
0.00126583
0.000798517
0.000690897
0.000456541
0.000358911
0.000206598
0.00013439
9.51507e-05
1.56354e-05
1.21072e-07
