2.06546e-07
8.06826e-08
3.8151e-08
1.95771e-08
4.82135e-08
4.97503e-08
4.82041e-08
2.13986e-08
3.4057e-08
2.59349e-08
9.15843e-09
1.55235e-08
1.36317e-08
5.10887e-09
1.07073e-08
1.28356e-08
1.52985e-08
1.08988e-08
3.42452e-08
4.45129e-08
1.95079e-08
4.92104e-08
3.11676e-08
2.17592e-08
1.2581e-07
4.14242e-07
6.66808e-07
1.11563e-06
2.01497e-06
1.95381e-06
1.3807e-06
1.86643e-06
1.21917e-06
2.94956e-07
1.99551e-07
4.1949e-08
1.69301e-08
9.46006e-09
1.25366e-08
1.70845e-08
1.35206e-08
2.97016e-08
2.33824e-08
1.53638e-08
1.88817e-08
1.57249e-08
1.83979e-08
7.25495e-09
1.40702e-08
1.90206e-08
1.75036e-08
3.38772e-08
4.54064e-08
2.3369e-08
4.62578e-08
4.29988e-08
2.35294e-08
1.16704e-08
