0.000249128 0.000277556 0.000407889 0.000237764 0.000118881 0.000363722 0.000335975 0.000269872 0.00013972 0.000564035 0.000846466 0.000302488 3.07056e-05 0.000241183 0.000261052 0.000217529 
0.000235527 0.000206672 0.00011233 0.00302796 0.00486319 0.000131691 0.000241152 0.00262099 0.000281695 0.000204232 1.9234e-05 4.60944e-05 0.000648845 3.93374e-05 0.000591125 0.00322529 
9.44454e-05 0.000230619 0.000220032 0.000315957 0.00229199 0.000182314 0.000288259 0.000163183 0.000169846 0.000215335 1.59153e-05 1.93593e-05 8.75564e-05 2.28364e-05 0.000102078 9.21299e-05 
0.000141253 0.000212807 0.000935036 0.000228865 0.000142434 0.000190142 0.000170885 0.000177261 0.000199609 0.00300063 0.00227627 4.68916e-05 0.000370006 0.00268921 0.00019572 0.000140877 
0.000180554 0.00124433 0.00294713 0.000302062 0.000158497 0.000726457 0.00138019 0.00030725 0.000258409 0.000192195 0.00468351 0.00368931 5.04141e-05 0.000392844 0.00183926 0.000206342 
0.00216121 0.000118371 0.000192615 0.00257017 0.00253243 0.000155847 0.000168795 0.00309805 0.00371879 0.00014298 1.1312e-05 4.1391e-05 0.000735486 1.84904e-05 0.000100543 0.00345891 
0.00253415 0.0035196 0.000229508 0.00319982 0.00064907 0.000149425 0.000316473 0.000186316 0.00092145 0.000136513 1.53917e-05 3.49123e-05 0.000894893 2.54286e-05 0.000102746 0.000262414 
0.00135462 0.000188283 0.000259914 0.000146687 0.000123614 0.000148235 0.000170647 0.000173272 0.00013849 0.00261713 7.11126e-05 2.93835e-05 0.00262831 0.00277144 9.85469e-05 0.000151007 
0.000423007 0.00219904 0.00499198 0.000574624 0.000165498 0.000460225 0.00120206 0.00105414 0.000203457 0.000264513 0.00467847 0.00276187 2.66604e-05 0.000116924 0.00195161 0.00101403 
0.00014262 0.00307498 0.000157417 0.00288235 0.00467106 0.00028662 0.00148831 0.00267934 0.00050264 9.68726e-05 1.30464e-05 4.89263e-05 0.00273357 1.62975e-05 0.000110826 0.00323652 
0.000218295 0.00377376 0.000183291 0.00303305 0.00248401 0.000165558 0.000349638 0.000267611 0.000499608 8.81007e-05 4.67473e-06 2.73772e-05 8.33684e-05 2.49853e-05 9.38544e-05 0.000192609 
0.00132609 0.00337774 0.00330309 0.00226064 0.00786617 0.000170342 0.000189207 0.000195568 0.000198015 0.000212391 3.40808e-05 1.22299e-05 0.000151551 4.30178e-05 0.000115707 0.000119233 
0.000240394 0.00123639 0.000147916 0.00031627 0.000126796 0.00103925 0.00221353 0.00454775 0.00029284 0.000343798 0.00418602 0.000263862 5.59605e-06 0.000113571 0.000604744 0.000254133 
0.000146369 8.22846e-05 6.05361e-05 0.00287578 0.00034725 0.000350982 0.000335896 0.000664344 0.00106296 0.000154812 2.4666e-05 3.06192e-05 7.02436e-05 5.8582e-06 0.000108392 0.000110587 
0.00342646 0.00330452 0.000138571 0.00291263 0.00481359 0.000149028 0.000357067 0.00303139 0.00125017 9.22495e-05 2.64828e-05 4.01791e-05 0.00107168 1.32271e-05 7.85762e-05 0.000213201 
0.000103525 0.0025413 0.000250357 0.000153312 0.000170087 0.000113789 0.000288103 0.000138153 6.52743e-05 0.00342884 2.40739e-05 3.56566e-05 0.000449446 2.39929e-05 0.000109796 0.000150923 
