1 1 1 0.892704 0.989986 1 0.998569 1 1 1 1 0.841202 1 0.90701 1 1 
0.921659 0.953917 0.981964 0.969194 0.740027 0.914747 0.898618 0.868472 0.921023 1 1 1 0.899148 1 1 0.846774 
0.996885 0.890966 0.893043 0.867299 0.386293 0.946002 0.948079 0.933541 0.94327 1 1 1 1 1 1 1 
1 0.842885 0.856771 0.860677 1 1 0.998698 0.996094 0.942708 0.924479 0.945493 1 0.892045 1 1 1 
1 1 1 0.872146 0.995434 0.99239 0.844749 1 1 1 0.834094 0.57382 1 1 0.6397 1 
0.890782 0.942886 0.918838 0.53507 0.924347 0.876532 0.882766 0.864729 0.521691 1 1 0.998998 0.714489 1 1 0.962366 
0.906364 0.747036 0.896364 0.850711 0.858322 0.877474 0.894545 0.919091 0.894327 1 1 1 1 1 1 0.982975 
0.848837 0.876482 0.844098 0.883074 0.991091 0.993318 0.992205 0.985523 0.930958 0.710468 1 1 0.709354 0.998886 1 1 
1 0.823123 0.850679 0.862745 0.989442 1 1 1 1 1 0.500754 0.558957 1 1 0.750626 1 
0.997783 0.772727 0.933481 0.763033 0.889959 0.888027 0.888027 0.594778 0.926829 1 1 1 1 1 1 0.860215 
0.996917 0.51087 0.922919 0.575829 1 0.882187 0.869476 0.904419 0.862069 1 1 1 1 1 1 1 
0.908213 0.844203 0.870773 0.989336 1 0.977053 0.974638 0.975845 0.888889 1 1 1 1 0.998792 1 1 
1 1 1 1 0.971551 0.906117 0.907539 1 1 1 1 1 1 1 1 1 
0.995789 0.962105 0.998998 1 0.909474 0.886316 0.862105 0.876842 0.677895 1 1 1 1 1 1 0.998947 
0.98203 0.91502 0.887776 0.900474 0.632737 0.912639 0.895911 0.89777 0.974416 1 1 1 1 1 1 0.997212 
0.95439 0.906499 0.98998 0.898518 0.968073 0.988598 0.99772 0.989738 0.977195 1 1 1 0.916193 1 1 1 
