1 1 1 0.892704 0.989986 1 0.998569 1 1 1 1 0.841202 1 0.90701 1 1 
0.921659 0.953917 0.912442 0.502304 0.383641 0.914747 0.898618 0.543779 0.807604 1 1 1 0.640553 1 1 0.495392 
0.996885 0.890966 0.893043 0.84216 0.386293 0.946002 0.948079 0.933541 0.872274 1 1 1 0.963655 1 1 1 
1 0.85026 0.856771 0.860677 1 1 0.998698 0.996094 0.942708 0.924479 0.570312 1 0.735677 1 1 1 
1 1 1 0.872146 0.995434 0.99239 0.844749 1 1 1 0.834094 0.57382 1 1 0.625571 1 
0.890782 0.942886 0.918838 0.53507 0.523046 0.882766 0.882766 0.864729 0.411824 1 1 0.998998 0.592184 1 1 0.478958 
0.906364 0.470909 0.896364 0.490909 0.64 0.890909 0.894545 0.919091 0.540909 1 1 0.996364 0.630909 1 1 0.811818 
0.522272 0.878619 0.844098 0.883074 0.991091 0.993318 0.992205 0.985523 0.930958 0.710468 1 1 0.709354 0.998886 1 1 
1 0.588235 0.850679 0.862745 0.989442 1 1 1 1 1 0.500754 0.536953 1 1 0.622926 1 
0.997783 0.502217 0.933481 0.51663 0.388027 0.888027 0.888027 0.532151 0.926829 1 1 1 0.511086 1 1 0.48337 
0.996917 0.458376 0.922919 0.500514 0.51593 0.875642 0.869476 0.904419 0.656732 1 1 0.998972 0.989722 1 1 1 
0.908213 0.844203 0.870773 0.584541 0.246377 0.977053 0.974638 0.975845 0.888889 1 1 1 0.888889 0.998792 1 1 
1 1 1 1 0.971551 0.906117 0.907539 1 1 1 1 1 1 1 1 1 
0.995789 0.962105 0.965263 0.532632 0.909474 0.886316 0.862105 0.876842 0.677895 1 1 0.994737 0.971579 1 1 0.998947 
0.460037 0.487918 0.884758 0.513941 0.376394 0.912639 0.895911 0.89777 0.464684 1 1 0.998141 0.51487 1 1 0.997212 
0.95439 0.906499 0.850627 0.898518 0.968073 0.988598 0.99772 0.989738 0.977195 1 1 0.99886 0.704675 1 1 1 
