6.12064e-06 1.81412e-05 3.72331e-05 0.000117618 6.32481e-05 2.5934e-05 4.85682e-05 1.6467e-05 1.35457e-05 2.70705e-05 2.41184e-05 0.000218668 2.13237e-05 0.000140109 1.45827e-05 1.15924e-05 
0.000121256 6.42629e-05 0.00011233 0.00302796 0.00486319 0.000106963 0.000140031 0.00262099 0.000281695 2.18363e-05 1.62984e-05 2.7351e-05 0.000648845 2.8653e-05 3.3414e-05 0.00322529 
6.05356e-05 0.0001535 0.000123586 0.000315957 0.00193609 7.01181e-05 6.68911e-05 8.89867e-05 0.000169846 5.17152e-05 1.48889e-05 1.93593e-05 8.75564e-05 1.95628e-05 9.72888e-06 2.32353e-05 
4.39736e-05 0.000212807 0.0001523 0.000177223 7.07258e-05 2.11026e-05 1.97218e-05 1.98107e-05 9.65547e-05 0.000110767 0.00227627 1.35402e-05 0.000370006 4.34169e-05 3.55207e-05 2.22414e-05 
1.361e-05 4.29768e-05 2.21508e-05 0.000190629 3.97109e-05 5.47879e-05 0.000254828 2.05797e-05 5.27593e-06 2.13568e-05 0.000276567 0.00229961 1.85847e-05 1.58073e-05 0.00183926 2.45046e-05 
0.000155124 8.12582e-05 0.000116876 0.00256603 0.00253243 0.000155847 0.000161429 0.000222713 0.00371879 2.42182e-05 1.1312e-05 3.82823e-05 0.000735486 1.4999e-05 3.37483e-05 0.00345891 
0.000167168 0.0035196 0.000144557 0.00319982 0.00064907 0.000149425 0.000138797 0.000123319 0.00092145 3.96439e-05 1.53917e-05 3.49123e-05 0.000894893 2.125e-05 1.13909e-05 0.000262414 
0.00135462 0.000188283 0.000248654 0.000139232 8.91758e-05 3.12235e-05 2.58557e-05 3.21385e-05 0.000114589 0.000492686 3.48693e-05 1.55153e-05 0.000411173 4.34551e-05 1.68321e-05 2.14414e-05 
1.26587e-05 0.00219904 0.000210786 0.00017808 4.16865e-05 4.25104e-05 4.5467e-05 1.65163e-05 4.95066e-06 1.63512e-05 0.0036979 0.00276187 1.36453e-05 1.51171e-05 0.00195161 4.20768e-05 
6.18924e-05 0.00307498 9.73066e-05 0.00288235 0.00467106 0.00014391 0.000142777 0.00267934 0.000148145 7.64536e-06 9.81488e-06 4.89263e-05 0.00273357 1.24249e-05 1.42636e-05 0.00323652 
6.53882e-05 0.00377376 0.000116431 0.00303305 0.00248401 0.000165558 0.000191133 0.000136249 0.000499608 1.77308e-05 4.67473e-06 2.73772e-05 8.33684e-05 1.7937e-05 1.07242e-05 2.95662e-05 
0.000124912 0.000212813 0.000196937 0.00226064 0.00786617 4.49946e-05 4.45228e-05 5.27595e-05 0.00014973 4.31982e-05 1.80029e-05 1.19138e-05 0.000151551 2.79546e-05 1.68453e-05 1.90097e-05 
1.11315e-05 3.00827e-05 2.58046e-05 4.7015e-05 5.90405e-05 0.000116914 0.000118291 2.13399e-05 1.11651e-05 1.19414e-05 3.71427e-05 1.35158e-05 5.59605e-06 1.06284e-05 1.91896e-05 1.75719e-05 
5.00817e-05 6.41052e-05 6.05361e-05 0.00287578 0.000157021 0.000131844 0.000175276 0.000192475 0.000649126 1.99464e-05 2.4666e-05 3.06192e-05 7.02436e-05 5.83693e-06 9.04148e-06 2.60629e-05 
0.00342646 0.00330452 0.000138571 0.00291263 0.00481359 0.000105517 0.000124596 0.000165863 0.00125017 3.09082e-05 2.64828e-05 4.01791e-05 0.00107168 1.32271e-05 5.21786e-06 1.92281e-05 
0.000100808 0.000132003 0.000250357 0.0001182 0.000107113 3.99752e-05 3.19459e-05 3.32578e-05 5.81719e-05 3.31033e-05 1.93167e-05 3.56566e-05 0.000449446 1.85535e-05 7.54724e-06 7.07241e-06 
