0
2.57823e-05
1.22621e-06
7.64737e-08
1.13875e-08
3.44016e-08
4.13626e-08
2.74673e-08
5.15192e-08
7.19855e-08
4.13461e-08
5.79983e-08
3.16216e-08
1.46848e-08
7.31319e-09
1.15959e-08
1.83095e-08
9.54168e-09
3.1871e-08
4.61463e-08
2.35828e-08
4.69886e-08
4.73581e-08
1.77042e-08
4.02378e-08
3.5233e-08
2.63831e-08
1.49628e-08
1.66993e-08
2.04388e-08
5.83297e-09
1.41122e-08
1.43014e-08
9.04772e-09
1.80252e-08
1.96052e-08
7.6476e-09
1.58085e-08
1.88203e-08
2.69081e-08
9.23668e-09
2.24252e-08
2.66681e-08
1.38612e-08
3.32618e-08
3.93168e-08
1.20295e-08
1.9013e-08
2.18749e-08
1.82208e-08
2.22791e-08
4.06893e-08
4.1717e-08
2.38543e-08
4.22651e-08
3.33943e-08
1.81615e-08
2.2232e-08
2.28227e-08
3.92655e-08
0
