0
2.57823e-05
-2.45561e-05
-1.14973e-06
-6.50862e-08
2.30141e-08
6.96099e-09
-1.38952e-08
2.40518e-08
2.04663e-08
-3.06394e-08
1.66522e-08
-2.63767e-08
-1.69368e-08
-7.37165e-09
4.28275e-09
6.71352e-09
-8.76779e-09
2.23293e-08
1.42753e-08
-2.25635e-08
2.34058e-08
3.69457e-10
-2.96539e-08
2.25337e-08
-5.00482e-09
-8.84987e-09
-1.14203e-08
1.7365e-09
3.73947e-09
-1.46058e-08
8.27922e-09
1.89234e-10
-5.2537e-09
8.97746e-09
1.58005e-09
-1.19576e-08
8.16087e-09
3.01179e-09
8.08787e-09
-1.76715e-08
1.31885e-08
4.24284e-09
-1.28068e-08
1.94006e-08
6.05494e-09
-2.72873e-08
6.98349e-09
2.86192e-09
-3.65407e-09
4.05832e-09
1.84102e-08
1.02764e-09
-1.78627e-08
1.84108e-08
-8.87083e-09
-1.52328e-08
4.07051e-09
5.90717e-10
1.64428e-08
-3.92655e-08
