0.033803
0.0342128
0.0345471
0.0347658
0.0199352
0.0331902
0.0333129
0.00930351
0.0319711
0.0323387
0.0347714
0.0163913
0.0347741
0.0347896
0.0181632
0.0340254
0.00753157
0.0341107
0.00575964
0.0337559
0.0345523
0.00753157
0.033361
0.0334273
0.00398769
0.00221575
0.0337845
0.023479
0.0341107
0.0339587
0.033872
0.0128474
0.0217071
0.0146193
0.0199352
0.0181632
0.0163913
0.0338386
0.0338037
0.025251
0.0337536
0.0332559
0.0323387
0.033798
0.0338094
-0.0331653
0.0331526
0.0332224
0.0317135
0.0305668
0.0289343
0.0333564
0.0110755
0.0334013
0.0332419
0.0328329
0.0335565
0.0217071
0.023479
0.025251
0.0270229
0.0305668
0.0287949
0.0334832
0.033638
0.0306763
0.00221575
0.00398769
0.00575964
0.00930351
0.0110754
0.0128474
0.0146193
0.0270229
0.0283452
0.0287949
-0.0158697
-0.0190475
-0.0172756
-0.0155037
-0.0137317
-0.0119598
-0.0101878
-0.00841589
-0.0155037
-0.0208195
-0.0137317
-0.0119598
-0.0121089
-0.0101878
-0.00841589
-0.00664395
-0.00487202
-0.0296792
-0.0225914
-0.0243634
-0.0258166
-0.0261353
-0.0279072
-0.0296792
-0.0298595
-0.0314511
-0.0316108
-0.0325939
-0.0331411
-0.0332231
-0.033491
-0.0336875
-0.0337934
-0.0225914
-0.0243634
-0.0172756
-0.0192842
-0.0190475
-0.0327001
-0.0328817
-0.0329827
-0.0330472
-0.0269146
-0.0223966
0.00044381
-0.00132813
-0.00310007
-0.00487202
-0.0208195
-0.0248697
-0.00664395
-0.0261353
-0.0325635
-0.0324137
-0.0321184
-0.0317946
-0.0314511
0.000443809
-0.00132813
-0.00310007
-0.00642769
-0.0312822
-0.0306578
-0.0285479
-0.0279072
-0.0297601
-0.0336165
-0.0330767
-0.0335148
-0.0335622
-0.0331014
-0.0332231
-0.0333644
-0.0334331
-0.0336949
-0.0332851
-0.0119598
-0.0332231
-0.0296792
-0.0296792
0.0305668
-0.0314511
-0.0332231
0.0341107
0.0287949
-0.0190475
-0.0332231
-0.0155037
-0.0243634
-0.0243634
-0.0332231
-0.0314511
-0.0279072
-0.0296792
-0.0331133
-0.0330191
0.0331951
-0.0292862
-0.0153846
-0.0280041
-0.0101878
0.00398769
0.00575964
0.00753157
-0.00664395
-0.00841589
-0.0119598
-0.0113446
0.0217071
-0.0137317
0.033301
0.0333876
0.0334186
0.0270229
0.0277896
0.0287949
0.025251
-0.0225914
-0.0208195
0.0128474
0.023479
0.00221575
-0.0190475
-0.0172756
-0.0326429
0.0199352
-0.0155037
-0.0137317
0.0181632
0.0163913
0.0110755
0.00930351
0.0146193
0.0128474
0.0110754
0.00398769
-0.0325641
0.00930351
0.00753157
0.00575964
-0.00487202
-0.0326943
-0.0243016
-0.0314355
-0.0225914
-0.0323613
-0.0218485
-0.0208195
-0.0243634
-0.0263651
-0.0261353
0.00044381
-0.00132813
-0.00310007
-0.0327212
0.0336752
0.0335682
0.0334745
0.0334101
-0.0325028
-0.00664395
-0.00841589
-0.0101878
-0.0119598
0.0333859
0.0334047
0.0334509
0.0334404
0.0341107
0.00221575
-0.0309152
-0.00487202
-0.00527008
-0.00310007
-0.00132813
0.000443811
-0.0329088
-0.0328026
-0.0314511
-0.0317643
-0.0320086
0.0337526
-0.0302136
0.0343219
0.0345461
0.0345336
-0.0155037
-0.0322147
0.0345363
0.0345489
0.0341107
0.0339063
0.0343002
-0.0189011
-0.0172756
-0.0190475
0.0287949
0.0199352
0.0217071
0.0302798
0.0305668
0.0324614
0.0331126
0.0331306
0.0330116
0.023479
0.025251
0.0270229
0.0283141
0.0328822
0.0327873
0.0329158
-0.0311326
-0.0332231
-0.0296792
0.032789
-0.0292463
-0.0279072
0.0329753
0.0316146
0.0323387
0.0146193
0.0330913
0.0331453
-0.0261353
-0.0243634
0.0181632
0.0329089
-0.033382
-0.0334644
-0.0334854
0.0323387
-0.0333458
0.031332
0.0305668
-0.0333474
-0.0332501
-0.0240572
-0.0332231
-0.0332106
-0.0328565
-0.0314511
0.0163913
-0.0322259
