0.000602843
-0.0153446
-0.0171166
-0.0224324
-0.0340091
0.0147784
0.0165503
-0.0339435
0.0271819
0.0264847
-0.0242043
-0.0338772
-0.0188885
-0.0206604
-0.0338889
-0.0277482
-0.0340907
-0.027469
-0.0341855
0.00237478
-0.0259763
0.0312475
0.0183223
0.0200942
-0.0342344
-0.0342321
-0.00648492
0.0319114
-0.0146664
-0.0135727
-0.0118007
-0.0338119
0.0318972
-0.0338154
0.0319149
0.031866
0.0317889
-0.0100288
-0.00825686
0.0318222
-0.00471298
-0.0295202
-0.0306567
-0.00294104
-0.0011691
0.00414673
0.0130064
0.0112345
-0.0312921
-0.0322079
-0.033064
0.00946254
-0.0338517
0.0218661
0.0236381
0.02541
0.00591866
-0.0341712
-0.0342084
-0.0340416
-0.0336561
0.0290632
-0.0331211
0.0076906
0.00414672
0.0289539
0.0312625
0.0312543
0.0312453
0.0312798
0.0313957
0.0315339
0.0316835
0.0314082
0.0307258
0.0304357
-0.0295202
0.0314107
0.0312824
0.0312701
0.0313223
0.0313549
0.0313605
0.0313224
-0.0297224
0.0314347
-0.0306103
-0.031346
-0.0312921
-0.0319371
-0.0325014
-0.0330104
-0.03341
-0.0190229
0.0312434
0.0310327
0.0307258
0.0306252
0.0300523
0.0291
0.0289539
0.0273701
0.0271819
0.02541
0.0236381
0.0233565
0.0218661
0.0200942
0.0183223
-0.0258463
-0.0245869
-0.028804
-0.0277482
-0.0278903
-0.00648493
-0.00471298
-0.00294104
-0.0011691
-0.0224324
-0.0259763
0.0312545
0.0313465
0.0313364
0.0313513
-0.0268835
-0.0242043
0.031385
-0.0231539
-0.00825686
-0.0100288
-0.0118007
-0.0135727
-0.0148418
-0.0341423
-0.0339982
-0.0337451
-0.033064
-0.0153446
-0.0171166
-0.0206604
-0.0214
-0.0188885
0.0147784
0.000602843
0.0112345
0.0130064
0.00237478
0.00513322
0.0076906
0.00946254
0.0165503
0.00591866
-0.0312921
0.00591866
-0.0188885
0.0289539
0.0289539
0.0271819
0.0076906
-0.0153446
-0.033064
-0.0277482
0.00946254
-0.0295202
-0.0242043
0.0307258
0.0218661
-0.0135727
-0.0207797
-0.018208
0.00946254
0.0076906
0.00591866
-0.0188885
-0.0295202
-0.0206604
-0.0317407
-0.0338868
-0.0338351
-0.0337619
-0.032778
-0.0323209
-0.0310408
-0.0312921
0.0316403
-0.0302984
0.00414673
0.00237478
0.000602843
0.0310726
0.0307258
0.030135
0.0314553
0.0309315
0.0311012
-0.0334455
0.0315791
0.0311505
0.0310672
0.0309948
-0.0011691
0.0316868
0.0310609
0.0311749
0.0316844
0.0315499
-0.033532
-0.033641
0.0314302
0.0312819
0.0311892
0.0311028
-0.00294104
0.0310972
0.0310414
0.0310717
0.0311662
0.000602843
-0.0242043
-0.0135727
-0.02546
-0.00648492
-0.0259763
-0.0266144
-0.024159
-0.0224324
-0.0226571
0.0311089
0.0311382
0.0311292
0.00237478
-0.0135727
-0.0118007
-0.0100288
-0.00825686
-0.00471298
0.0312521
0.0312636
0.0312599
0.031211
-0.00648492
-0.00471298
-0.00294104
-0.0011691
-0.0266667
-0.0338906
-0.0153446
-0.0331323
-0.033064
-0.0334428
-0.0336875
-0.0338175
0.00591866
0.00414673
-0.0135056
-0.0118007
-0.0100288
-0.0277482
-0.0171166
-0.0259763
-0.0242043
-0.0224324
-0.0294612
-0.00825686
-0.0206604
-0.0188885
-0.0163744
-0.0153446
-0.0171166
-0.0277482
-0.0286295
-0.027657
-0.0328769
-0.0337279
-0.0339132
0.0289539
0.0286416
0.02541
0.0218661
0.0076906
0.00946254
-0.0339143
-0.033764
-0.033453
-0.033064
0.0112345
0.0130064
0.0236381
0.0271819
0.0109205
0.028609
0.0147784
0.0289539
0.0296912
0.0165503
0.0271819
0.0257109
-0.0334183
0.0183222
0.0200942
0.0302844
0.0306861
-0.0335979
-0.0295202
0.0147784
0.0165503
0.0183223
-0.0301971
0.0200942
-0.0312921
-0.0319418
0.0130064
0.0112345
0.0307258
0.0216597
0.0218661
0.0236381
0.0267962
-0.0335302
0.02541
