-0.0438094
-0.0439296
-0.0439356
-0.0581656
-0.0591302
-0.0596367
-0.061747
-0.0612731
-0.0579054
-0.0590282
-0.0589276
-0.0380553
-0.0392769
-0.0394237
-0.0394329
-0.0551387
-0.0560719
-0.057721
-0.0601425
-0.0599848
-0.0569382
-0.0583871
-0.0586176
-0.0546264
-0.101711
-0.108225
-0.10655
-0.105321
-0.101733
-0.103694
-0.103825
-0.104944
-0.105203
-0.104056
-0.105941
-0.103456
-0.103086
-0.0994732
-0.101639
-0.102601
-0.100475
-0.101589
-0.100808
-0.10135
-0.10069
-0.100188
-0.100834
-0.100505
-0.100831
-0.0998749
-0.10193
-0.102567
-0.106205
-0.107658
-0.110525
-0.111097
-0.112827
-0.102063
-0.10243
-0.0993208
-0.0987104
-0.105569
-0.10535
-0.134527
-0.136722
-0.123534
-0.123999
-0.119906
-0.119966
-0.149012
-0.149658
-0.153906
-0.103701
-0.103528
-0.100822
-0.103311
-0.105567
-0.107556
-0.109239
-0.110571
-0.111497
-0.11277
-0.105912
-0.109644
-0.11017
-0.112882
-0.112426
-0.114533
-0.116793
-0.119537
-0.118435
-0.0979372
-0.101418
-0.109127
-0.110785
-0.116565
-0.120691
-0.127769
-0.132941
-0.0821074
-0.078092
-0.0788073
-0.06241
-0.0725092
-0.0943663
-0.0921572
-0.0974912
-0.0697172
-0.010859
-0.221682
-0.227376
-0.229752
-0.165545
-0.170478
-0.176019
-0.177846
-0.158797
-0.160367
-0.160778
-0.159686
-0.157554
-0.174722
-0.17189
-0.172132
-0.220605
-0.192631
-0.127192
-0.1395
-0.133631
-0.134613
-0.136746
-0.143008
-0.15357
-0.161308
-0.190422
-0.198505
-0.206492
-0.216524
-0.222418
-0.226036
0.0356035
0.0315656
0.0211433
-0.176638
-0.278602
-0.296603
-0.289455
-0.285974
