-0.339393
-0.338573
-0.338152
-0.337547
-0.337186
-0.331423
-0.331176
-0.33133
-0.331423
-0.3318
-0.33195
-0.337354
-0.336686
-0.336611
-0.33638
-0.336165
-0.334531
-0.329403
-0.329331
-0.329479
-0.32956
-0.329864
-0.329903
-0.334538
-0.328735
-0.329229
-0.329866
-0.330272
-0.330386
-0.330431
-0.329302
-0.329982
-0.330425
-0.330803
-0.33111
-0.33134
-0.331489
-0.331549
-0.331512
-0.331372
-0.333797
-0.333953
-0.334278
-0.334383
-0.334514
-0.334748
-0.331982
-0.332152
-0.332346
-0.332498
-0.332438
-0.314059
-0.314837
-0.314973
-0.314691
-0.315103
-0.314977
-0.315703
-0.313526
-0.313572
-0.314125
-0.306312
-0.306979
-0.307448
-0.306965
-0.308066
-0.300393
-0.300744
-0.296117
-0.295426
-0.297247
-0.29602
-0.310428
-0.311037
-0.31879
-0.316328
-0.317142
-0.316612
-0.314843
-0.316699
-0.318088
-0.31862
-0.319487
-0.320628
-0.321464
-0.322177
-0.322754
-0.323179
-0.323433
-0.320212
-0.320843
-0.322344
-0.317554
-0.317126
-0.328337
0
0
0
0
-0.310262
-0.312773
-0.298592
-0.301948
-0.303862
-0.305601
-0.307204
-0.309697
-0.313463
-0.315186
0
0
0
-0.307129
-0.308656
-0.304066
-0.306079
-0.311792
-0.313875
-0.314917
-0.316042
-0.317927
-0.31954
-0.321947
-0.322725
-0.324421
-0.325643
-0.326633
-0.327445
-0.331144
-0.3238
-0.321275
-0.315279
-0.315066
-0.313939
-0.308726
-0.30556
-0.300577
-0.292894
-0.280633
-0.270158
-0.30506
-0.304723
-0.30304
-0.297146
-0.290557
-0.27977
-0.279991
-0.281659
