2.57823e-05
1.22621e-06
7.64737e-08
1.1128e-08
2.86215e-08
4.13626e-08
2.32151e-08
5.15192e-08
5.56976e-08
4.13461e-08
5.79983e-08
3.16216e-08
1.46848e-08
6.41147e-09
1.00401e-08
1.32791e-08
6.1536e-09
2.51137e-08
3.64737e-08
2.35828e-08
4.62947e-08
4.73581e-08
1.77042e-08
4.02378e-08
3.5233e-08
2.63831e-08
1.49628e-08
1.37947e-08
2.04388e-08
5.68868e-09
1.36741e-08
1.14185e-08
6.74361e-09
1.80252e-08
1.57089e-08
7.6476e-09
1.51019e-08
1.26497e-08
2.47902e-08
9.10749e-09
2.24252e-08
2.43767e-08
1.38612e-08
2.7885e-08
3.93168e-08
1.20295e-08
1.9013e-08
1.59766e-08
1.33296e-08
2.11955e-08
3.14597e-08
4.1717e-08
2.38543e-08
4.22651e-08
3.33943e-08
1.81615e-08
2.2232e-08
1.54887e-08
1.43226e-08
