0.0387239
0.0363916
0.0361067
0.0373998
0.0370206
0.0367216
0.0367545
0.0371615
0.0357093
0.036388
0.035391
0.0364963
0.0366389
0.0367741
0.0365108
0.0356844
0.055073
0.0355362
0.0367629
0.0363198
0.0379104
0.0357371
0.0376927
0.0367225
0.0375964
0.0358873
0.0378837
0.0363696
0.0354743
0.0354648
0.0364485
0.0366647
0.0364234
0.0352096
0.0545592
0.0356621
0.0359959
0.0365597
0.0370041
0.0366924
0.0360921
0.0363621
0.0363353
0.0353907
0.0543823
0.0556557
0.0358568
0.0356304
0.0368531
0.0358538
0.0371864
0.0371349
0.0354981
0.0363444
0.0360217
0.0358388
0.0351374
0.0351436
0.0542255
0.0541461
0.0540021
0.054225
0.0537022
0.0359999
0.0355577
0.0363057
0.0356899
0.0363245
0.0364195
0.0355154
0.0361658
0.036678
0.0360024
0.0373515
0.0366475
0.0357565
0.0354848
0.0364671
0.0379165
0.0367068
0.0351425
0.0355186
0.0353538
0.0355634
0.0364949
0.0360935
0.0366122
0.0356697
0.0365447
0.0373309
0.0540616
0.05301
0.0548169
0.0542293
0.0550254
0.0539336
0.0345581
0.0375303
0.0369003
0.0351912
0.0368175
0.035848
0.0356216
0.0364197
0.0351022
0.0345564
0.036685
0.0369027
0.0358017
0.0364137
0.0346652
0.0361038
0.0364063
0.0545738
0.0364762
0.0546342
0.0364184
0.055428
0.0554302
0.0355352
0.0379044
0.0369992
0.0368581
0.0536126
0.0536381
0.0553566
0.0542095
0.0555932
0.0545137
0.0549114
0.0361063
0.0368088
0.036315
0.0368025
0.0383364
0.0366271
0.0369142
0.0368504
0.0378597
0.0366755
0.0374081
0.0358781
0.0363155
0.0370202
0.035926
0.0362913
0.0364622
0.0369286
0.0547635
0.0536566
0.0552715
0.0530252
0.0547914
0.053323
0.0349845
0.0344597
0.0358659
0.0363622
0.0537121
0.0350573
0.0364879
0.0357455
0.036258
0.0546423
0.0543156
0.0361256
0.0361354
0.038191
0.0374743
0.0361406
0.0343591
0.0359279
0.0366032
0.0365726
0.054339
0.0359774
0.0356487
0.0536902
0.0536442
0.0362208
0.0361603
0.0549189
0.0553268
0.0366029
0.0528543
0.036298
0.0358937
0.0368432
0.0550783
0.0544859
0.0364688
0.0357099
0.0364125
0.035112
0.0358756
0.0360792
0.0360664
0.0360399
0.0364481
0.0369724
0.0366587
0.0358305
0.0352622
0.036782
0.0350821
0.0358512
0.0356614
0.034553
0.0367933
0.0366481
0.0367652
0.0350963
0.0351295
0.0371977
0.0359685
0.0361007
0.0532162
0.0354683
0.0351215
0.0353629
0.0358861
0.0363946
0.0349704
0.0357603
0.0356705
0.035554
0.0369321
0.0356291
0.0334856
0.035579
0.0348631
0.0350422
0.0347891
0.00972722
0.0350905
0.0364059
0.0352701
0.0355046
0.0352695
0.0538542
0.0346104
0.0360666
0.0531286
0.0342926
0.0365313
0.0352888
0.0362803
0.0349195
0.0364201
0.0367354
0.0358879
0.0363876
0.00991583
0.0359768
0.0356456
0.0357789
0.0368251
0.0364024
0.0360627
0.0380489
0.0348647
0.0376619
0.0369752
0.0372257
0.0362513
0.0369628
0.054492
0.0349196
0.0375062
0.034414
0.0365288
0.0364242
0.0370051
0.0355837
0.0542732
0.0351924
0.0542637
0.03558
0.0352869
0.0544917
0.0365934
0.0353136
0.0356937
0.0358882
0.0537549
0.0358247
0.0360642
0.0348223
0.0363924
0.0365229
0.0345056
0.0365307
0.0343572
0.0367727
0.0522751
0.0360923
0.0354976
0.0362932
0.0355948
0.0353898
0.0351262
0.0345322
0.035211
0.0356631
0.0349986
0.0349535
0.0354781
0.0356482
0.0360812
0.0364453
0.0357609
0.0333933
0.0345607
0.0345964
0.0365817
0.0362682
0.0347909
0.0534304
0.0555245
0.0530606
0.0365054
0.0539369
0.0538167
0.0343709
0.0360487
0.0538435
0.0541668
0.0548073
0.0358674
0.0538653
0.0542065
0.0529026
0.053595
0.0537874
0.0349682
0.0535758
0.0543287
0.0525846
0.0536367
0.0532081
0.0363404
0.0340428
0.0338123
0.0535375
0.0340852
0.0362266
0.0346577
0.0363208
0.0353171
0.0352868
0.0346962
0.0361152
0.0379007
0.0369642
0.0360354
0.0351054
0.036461
0.036364
0.0378474
0.034005
0.0374801
0.0369186
0.0382495
0.0362593
0.0378799
0.0361932
0.0365787
0.0365074
0.0346304
0.0369463
0.0534549
0.0541812
0.0532101
0.0534291
0.055025
0.0535094
0.0536424
0.0540913
0.0538467
0.0532367
0.0556002
0.0537527
0.0536096
0.0553192
0.054422
0.0530823
0.0545227
0.0544731
0.0531279
0.0546473
0.0356631
0.0544553
0.0382136
0.0372834
0.0347974
0.0358694
0.0362995
0.0355866
0.0357167
0.0370392
0.0345084
0.0364384
0.0554123
0.0553194
0.0553175
0.0544378
0.0361797
0.0539466
0.0363047
0.0362143
0.0370047
0.0349409
0.0351811
0.0535624
0.0528314
0.0358895
0.0557051
0.0564023
0.0367833
0.0282716
0.0534683
0.0361651
0.0360516
0.0352786
0.0556918
0.0369224
0.0530542
0.0360098
0.0553528
0.0545726
0.0552732
0.0542526
0.0550889
0.0357694
0.0355443
0.0369965
0.0378301
0.0365732
0.0367395
0.0377984
0.0346126
0.0358361
0.0363304
0.056853
0.0365215
0.0358602
0.0358315
0.0349223
0.0354251
0.0363134
0.0355266
0.0363476
0.0352752
0.0362692
0.0542505
0.0366881
0.0541601
0.0530181
0.0547703
0.0552494
0.0557649
0.0544256
0.0553946
0.0544844
0.0528469
0.0550117
0.0552575
0.0355425
0.0540826
0.0365921
0.0349484
0.0534781
0.0373119
0.0349731
0.054017
0.0544431
0.0368166
0.0353519
0.0355526
0.0540605
0.0533097
0.0355907
0.053538
0.0537311
0.0349096
0.0549847
0.0363258
0.0364667
0.0348837
0.0362583
0.0380581
0.0346857
0.03491
0.0353459
0.0357731
0.0537236
0.0364138
0.0357304
0.0356164
0.0355454
0.0545907
