9.79626e-07
9.8279e-08
3.17457e-08
1.13875e-08
3.44016e-08
3.9698e-08
2.74673e-08
3.90668e-08
7.19855e-08
2.86233e-08
4.49417e-08
1.67699e-08
8.08564e-09
7.31319e-09
1.15959e-08
1.83095e-08
9.54168e-09
3.1871e-08
4.61463e-08
1.76809e-08
4.69886e-08
4.13041e-08
1.46726e-08
3.54462e-08
2.72862e-08
2.15852e-08
1.13906e-08
1.66993e-08
1.76811e-08
5.83297e-09
1.41122e-08
1.43014e-08
9.04772e-09
1.49814e-08
1.96052e-08
5.51182e-09
1.58085e-08
1.88203e-08
2.69081e-08
9.23668e-09
2.02322e-08
2.66681e-08
1.12037e-08
3.32618e-08
2.56691e-08
9.68595e-09
1.4499e-08
2.18749e-08
1.82208e-08
2.22791e-08
4.06893e-08
4.13298e-08
2.00908e-08
3.39149e-08
3.0028e-08
1.71013e-08
1.50601e-08
2.28227e-08
3.92655e-08
