2.06805
2.0718
2.06447
2.06254
2.06371
2.06615
2.06507
2.06409
2.06663
2.06607
2.06449
2.06227
2.06581
2.0646
2.06321
2.06651
2.06529
2.06564
2.06324
2.06845
2.06972
2.06791
2.06792
2.06398
2.06441
2.0654
2.06539
2.06666
2.06522
2.06701
2.06246
2.06518
2.06327
2.06328
2.06607
2.06415
2.06493
2.06484
2.06451
2.06305
2.06526
2.06539
2.06375
2.06562
2.06623
2.06593
2.06364
2.06282
2.06803
2.0673
2.0637
2.06003
2.06592
2.06327
2.06709
2.06582
2.06441
2.06525
2.06661
2.06219
2.06427
2.06718
2.06582
2.06578
2.06366
2.06406
2.06266
2.06745
2.06468
2.06278
2.06629
2.0655
2.06678
2.06905
2.06536
2.06487
2.06356
2.06138
2.06614
2.0648
2.06267
2.06719
2.06397
2.0647
2.06948
2.0631
2.06584
2.06648
2.06592
2.06829
2.0659
2.06635
2.06454
2.06475
2.06355
2.06508
2.06514
2.06689
2.06684
2.06409
2.06325
2.06156
2.06414
2.0657
2.06516
2.06151
2.06446
2.06738
2.06809
2.06416
2.06513
2.06753
2.06934
2.06378
2.06822
2.0636
2.06673
2.06459
2.06917
2.06417
2.0701
2.06557
2.06625
2.06558
2.06536
2.0636
2.06254
2.06945
2.06404
2.06581
2.0637
2.06391
2.06394
2.06419
2.06783
2.06919
2.06396
2.06694
2.06358
2.0657
2.06354
2.06545
2.06517
2.06568
2.06294
2.06442
2.06549
2.06755
2.06729
2.06559
2.07103
2.06694
2.06386
2.06429
2.06345
2.06456
2.06712
2.06333
2.06584
2.06305
2.06362
2.06481
2.06504
2.06553
2.06751
2.06202
2.06435
2.06975
2.06768
2.0661
2.06434
2.06448
2.06557
2.06657
2.07012
2.06382
2.06534
2.06648
2.06661
2.06651
2.06453
2.06793
2.06666
2.0621
2.0642
2.0641
2.06494
2.06294
2.06259
2.06448
2.06889
2.06414
2.06343
2.06096
2.0651
2.06719
2.06638
2.06522
2.06675
2.06452
2.06211
2.06021
2.06511
2.06767
2.06353
2.06209
2.06437
2.06428
2.06789
2.06423
2.06443
2.06384
2.06452
2.06423
2.06405
2.06284
2.06664
2.06503
2.06187
2.0641
2.06331
2.064
2.06414
2.06362
2.06314
2.06985
2.06619
2.06328
2.06542
2.06103
2.06628
2.06502
2.06491
2.06529
2.0623
2.06597
2.06327
2.0631
2.06238
2.06675
2.06577
2.06439
2.06403
2.06284
2.06381
2.06451
2.06532
2.06427
2.06314
2.06808
2.06921
2.06441
2.06539
2.06314
2.06356
2.06319
2.06208
2.06491
2.06558
2.06919
2.06265
2.06718
2.06714
2.065
2.06638
2.06584
2.06896
2.06659
2.06469
2.06924
2.06207
2.0633
2.0621
2.06823
2.06659
2.06346
2.06666
2.06502
2.06586
2.06902
2.06368
2.06415
2.06455
2.06481
2.06437
2.06569
2.06498
2.06347
2.06418
2.0665
2.06444
2.0694
2.06549
2.06452
2.06554
2.06511
2.06483
2.06763
2.06527
2.06795
2.06533
2.06529
2.06306
2.06708
2.06296
2.06561
2.06667
2.06882
2.06829
2.06491
2.0614
2.06258
2.06667
2.06682
2.06257
2.06406
2.06415
2.06439
2.06222
2.06797
2.06244
2.06465
2.06491
2.06341
2.06474
2.06868
2.06583
2.06384
2.06387
2.06485
2.06191
2.06539
2.06143
2.06263
2.06497
2.06766
2.06365
2.06703
2.0656
2.064
2.06468
2.0633
2.05712
2.06379
2.06284
2.06344
2.06278
2.06447
2.06509
2.06504
2.06713
2.06363
2.06849
2.06198
2.06423
2.06491
2.06474
2.06486
2.06466
2.0659
2.06688
2.06418
2.06593
2.0649
2.06544
2.06623
2.06758
2.0646
2.06545
2.06586
2.06343
2.06306
2.06658
2.0673
2.06729
2.06646
2.06458
2.06338
2.06408
2.0657
2.06832
2.06867
2.06744
2.06465
2.06257
2.06147
2.06658
2.06242
2.06978
2.06543
2.06225
2.06491
2.06585
2.06709
2.06701
2.06442
2.06806
2.06578
2.06606
2.06769
2.06359
2.06548
2.06808
2.06825
2.06619
2.06454
2.06573
2.06552
2.06478
2.06478
2.06416
2.06472
2.06093
2.06567
2.06747
2.06307
2.06611
2.06752
2.0679
2.06843
2.06566
2.06452
2.06705
2.06465
2.06533
2.0694
2.06814
2.0662
2.06556
2.06678
2.06612
2.06618
2.06537
2.06623
2.06916
2.06243
2.06799
2.06553
2.06584
2.06399
2.06571
2.06463
2.06336
2.07061
2.06741
2.0652
2.06566
2.06765
2.06504
2.06529
2.06484
2.06185
2.06476
2.06282
2.06372
2.06283
2.06595
2.06497
2.06842
2.06313
2.06373
2.06505
2.06327
2.06641
2.06396
2.06797
2.06528
2.06329
2.06554
2.06384
2.06385
2.06452
2.06591
2.06803
2.06719
2.06725
2.06676
2.06492
2.06493
2.06884
2.06757
2.06428
2.06624
2.06613
2.06649
2.06666
2.06826
2.06526
2.06506
2.06563
2.06518
2.06556
2.06129
2.06482
2.06255
2.06518
2.0679
2.06304
2.0663
2.06269
2.0633
