0.253587
0.253562
0.253625
0.253615
0.253505
0.253499
0.253588
0.253641
0.253562
0.253575
0.253551
0.253565
0.253577
0.253521
0.253566
0.253578
0.253612
0.253575
0.253629
0.253573
0.253578
0.253602
0.253527
0.253526
0.253612
0.253563
0.253592
0.253551
0.253521
0.253547
0.25355
0.253602
0.25356
0.253535
0.253605
0.253673
0.253574
0.25359
0.253571
0.253503
0.25357
0.253544
0.253688
0.253632
0.253577
0.253567
0.253625
0.253575
0.253587
0.253584
0.25366
0.253549
0.253563
0.253552
0.253602
0.253563
0.253591
0.253645
0.253549
0.253585
0.253573
0.253606
0.253569
0.253527
0.253579
0.253564
0.253593
0.25352
0.253569
0.253575
0.253541
0.253566
0.253576
0.253579
0.253629
0.253587
0.253566
0.253678
0.253557
0.253545
0.253605
0.253591
0.253575
0.253553
0.253522
0.253528
0.253587
0.25363
0.253636
0.253625
0.253553
0.253642
0.253608
0.253502
0.253598
0.253599
0.253558
0.253623
0.253512
0.253523
0.253631
0.253541
0.253589
0.253454
0.253578
0.253629
0.253508
0.253609
0.253617
0.253574
0.253664
0.253608
0.253592
0.253595
0.253593
0.253519
0.253588
0.253653
0.253609
0.253554
0.253594
0.253577
0.25357
0.253579
0.253619
0.253609
0.253636
0.253589
0.253518
0.253584
0.25358
0.253537
0.253577
0.253557
0.253541
0.253566
0.253574
0.25351
0.253567
0.253621
0.253464
0.253569
0.25364
0.253589
0.253543
0.253517
0.253639
0.253606
0.253522
0.253541
0.253547
0.253584
0.253552
0.253627
0.253684
0.253622
0.253567
0.253511
0.253531
0.253574
0.253604
0.253611
0.253595
0.253523
0.253546
0.253557
0.253562
0.253574
0.253576
0.253546
0.253597
0.253565
0.253624
0.253609
0.253617
0.253604
0.253495
0.25366
0.253564
0.253516
0.253495
0.253598
0.253564
0.253556
0.25356
0.253543
0.253625
0.253574
0.253541
0.253579
0.25352
0.253566
0.25352
0.253581
0.253646
0.253592
0.253565
0.253598
0.253574
0.253534
0.253512
0.253634
0.253669
0.253505
0.253628
0.253633
0.253536
0.253497
0.253508
0.253573
0.253522
0.253526
0.25352
0.253521
0.253552
0.253514
0.253547
0.253562
0.253505
0.25352
0.25353
0.253597
0.253555
0.253562
0.253492
0.253549
0.253622
0.253629
0.25357
0.25355
0.253636
0.253555
0.25358
0.253541
0.25357
0.253542
0.253517
0.253502
0.253608
0.25358
0.253595
0.253581
0.253585
0.253683
0.253619
0.25359
0.253592
0.253562
0.253596
0.253529
0.253595
0.253578
0.253571
0.253548
0.253503
0.253631
0.253525
0.253526
0.253542
0.253613
0.253661
0.253585
0.253569
0.253553
0.253541
0.253537
0.253547
0.253608
0.253632
0.253578
0.253521
0.25358
0.253581
0.253575
0.253529
0.253575
0.253559
0.25352
0.253588
0.253591
0.253562
0.253587
0.253564
0.253505
0.253521
0.253571
0.253569
0.253591
0.253557
0.253579
0.253634
0.253548
0.253511
0.253592
0.253602
0.253481
0.253584
0.253567
0.253509
0.253523
0.253565
0.253607
0.253531
0.253556
0.253604
0.25355
0.253598
0.253523
0.253579
0.253625
0.253606
0.253578
0.253548
0.253559
0.253482
0.253589
0.253654
0.253612
0.253563
0.253583
0.253489
0.253495
0.253511
0.253579
0.253494
0.253457
0.253672
0.253551
0.253538
0.253516
0.253569
0.253558
0.253577
0.253511
0.253623
0.253585
0.253573
0.253493
0.253494
0.25357
0.253538
0.253604
0.253609
0.253567
0.253572
0.253543
0.253568
0.253569
0.253522
0.253515
0.253619
0.253621
0.253601
0.253573
0.253545
0.253498
0.253601
0.25354
0.253548
0.253595
0.253579
0.253583
0.253548
0.253545
0.253558
0.253542
0.253606
0.253532
0.253537
0.253566
0.253543
0.253657
0.253585
0.253539
0.253549
0.253582
0.253586
0.253594
0.253482
0.253544
0.2536
0.253626
0.253568
0.253596
0.253676
0.253556
0.253607
0.253561
0.253592
0.253541
0.25357
0.253606
0.253607
0.253606
0.253605
0.253614
0.25364
0.253539
0.25367
0.253595
0.253724
0.253601
0.253532
0.253546
0.253657
0.253571
0.253601
0.25364
0.253535
0.253523
0.253537
0.253612
0.25365
0.253527
0.253592
0.253577
0.253554
0.253554
0.253708
0.253617
0.253628
0.253555
0.253574
0.253594
0.25359
0.25365
0.253554
0.253551
0.253451
0.253557
0.25358
0.253649
0.253613
0.253635
0.253555
0.253639
0.253534
0.253574
0.253499
0.253559
0.253583
0.253603
0.253611
0.253607
0.253605
0.25365
0.253584
0.253538
0.253543
0.25358
0.253661
0.253546
0.253543
0.253555
0.253562
0.253546
0.253519
0.253594
0.253543
0.253592
0.253579
0.253548
0.253494
0.253567
0.253592
0.253644
0.253542
0.253567
0.253541
0.253599
0.253584
0.253536
0.253616
0.253611
0.253622
0.253596
0.253546
0.253541
0.253575
0.253543
0.253607
0.253602
0.253609
0.253579
0.253632
0.253529
0.25354
0.253627
0.253552
0.253566
0.253667
0.253583
0.253555
0.253666
0.253607
0.253557
0.253604
0.253582
0.253543
0.2536
0.253517
