-0.0536829
-0.0494254
-0.0488089
-0.0512002
-0.0505022
-0.0499704
-0.0500202
-0.050768
-0.0481019
-0.0493513
-0.0474777
-0.0495085
-0.0498135
-0.0500519
-0.0495463
-0.048054
-0.040225
-0.0477659
-0.050017
-0.0492539
-0.0521912
-0.0481721
-0.0517803
-0.0499495
-0.0515798
-0.0484139
-0.0521195
-0.0493243
-0.0476445
-0.0476553
-0.0494213
-0.0498546
-0.049384
-0.0471193
-0.0393062
-0.047977
-0.048609
-0.0496558
-0.0504787
-0.0498836
-0.0487923
-0.0492952
-0.0492256
-0.0474955
-0.0389853
-0.0413384
-0.0483321
-0.0478976
-0.0502324
-0.0483789
-0.0508111
-0.0506831
-0.0476997
-0.0492366
-0.0486862
-0.0483299
-0.0470045
-0.0470308
-0.0387131
-0.0383398
-0.0381774
-0.0387407
-0.0376997
-0.0486283
-0.0477749
-0.0491741
-0.0480062
-0.0492504
-0.0493934
-0.047682
-0.0489424
-0.0498827
-0.0486464
-0.0511593
-0.0498246
-0.0481632
-0.0476374
-0.0494434
-0.0521842
-0.0499288
-0.0469834
-0.0477577
-0.0473998
-0.0478018
-0.0495881
-0.0487661
-0.0497643
-0.0480263
-0.0496402
-0.0511158
-0.0383727
-0.0364416
-0.0397122
-0.0386261
-0.040054
-0.038092
-0.0459412
-0.0514738
-0.0503082
-0.047099
-0.0501191
-0.0482856
-0.0479014
-0.0494057
-0.0469523
-0.0458646
-0.0498846
-0.0503177
-0.048294
-0.0493765
-0.0461397
-0.0488438
-0.0494236
-0.039221
-0.0495393
-0.0393252
-0.0494155
-0.0408544
-0.0410641
-0.047741
-0.052182
-0.0504795
-0.0502243
-0.0375204
-0.0375559
-0.0406758
-0.0384765
-0.0413771
-0.0391217
-0.0399488
-0.048798
-0.0501094
-0.04919
-0.0501006
-0.0529676
-0.049828
-0.0503063
-0.0502168
-0.0520652
-0.0498803
-0.051223
-0.0483976
-0.0492061
-0.0505193
-0.0484513
-0.0491518
-0.0494822
-0.0503673
-0.0397446
-0.0376029
-0.0408552
-0.0365029
-0.0396314
-0.0369106
-0.0467025
-0.0457464
-0.0483988
-0.0492705
-0.0377191
-0.046831
-0.0495084
-0.0481421
-0.0490975
-0.0394346
-0.0389254
-0.0488119
-0.0488608
-0.0527067
-0.0513758
-0.0488932
-0.0455546
-0.0484765
-0.0497448
-0.0496989
-0.0390977
-0.0485594
-0.0479701
-0.0377121
-0.037634
-0.0490471
-0.0489095
-0.0400624
-0.0407599
-0.049706
-0.0360306
-0.0491602
-0.0484192
-0.0501639
-0.040108
-0.0390912
-0.0495334
-0.0480658
-0.0493656
-0.0468958
-0.048388
-0.048794
-0.0487596
-0.0486948
-0.0494707
-0.05042
-0.0498104
-0.0482331
-0.0472485
-0.0500976
-0.0468858
-0.0482993
-0.0479791
-0.0459145
-0.0501208
-0.0498137
-0.0500335
-0.046918
-0.0469918
-0.0508365
-0.048546
-0.0487761
-0.0368406
-0.0476302
-0.0469299
-0.047419
-0.0483821
-0.049339
-0.0466889
-0.048152
-0.0479773
-0.0478642
-0.0503608
-0.047902
-0.0439555
-0.0477732
-0.0465291
-0.0468382
-0.0463659
-0.0643969
-0.0468796
-0.0493835
-0.047232
-0.0476668
-0.0472159
-0.0380311
-0.0460508
-0.0487332
-0.0365335
-0.0453987
-0.0495914
-0.047288
-0.0491425
-0.0465963
-0.0493762
-0.0500158
-0.0484685
-0.0493309
-0.0647421
-0.048549
-0.0479372
-0.0481803
-0.0501215
-0.0493643
-0.0487419
-0.0524431
-0.046464
-0.051719
-0.0504495
-0.0508951
-0.0491018
-0.0504143
-0.039323
-0.0466395
-0.0514139
-0.0457577
-0.0495669
-0.0493858
-0.0504584
-0.047894
-0.0388007
-0.0470905
-0.0387863
-0.0478376
-0.047307
-0.0393252
-0.0497057
-0.047328
-0.0480418
-0.0484072
-0.0377212
-0.0483018
-0.0487367
-0.0464003
-0.049337
-0.0496062
-0.0458294
-0.049653
-0.0455753
-0.0500485
-0.0350283
-0.0487907
-0.0476815
-0.0491948
-0.0478691
-0.0475321
-0.0469999
-0.0458961
-0.0471182
-0.0480231
-0.0467198
-0.0466843
-0.0476745
-0.0480217
-0.0488121
-0.0494441
-0.04812
-0.0437121
-0.0459764
-0.0460456
-0.0496714
-0.0491043
-0.0463547
-0.0371166
-0.0409273
-0.0366254
-0.0495275
-0.0380756
-0.0378652
-0.0455569
-0.0487048
-0.0381109
-0.0385647
-0.0396606
-0.0483552
-0.0379525
-0.0384385
-0.0361881
-0.0372646
-0.0376901
-0.0466999
-0.0375627
-0.0387564
-0.0356904
-0.0375663
-0.03668
-0.0492463
-0.0449423
-0.044365
-0.0372842
-0.0450114
-0.0490189
-0.0460797
-0.0492073
-0.0473503
-0.0472932
-0.0462363
-0.0488138
-0.052167
-0.0503807
-0.0486731
-0.0469537
-0.0494711
-0.0492925
-0.0520481
-0.0449308
-0.051381
-0.0503166
-0.0528003
-0.0490983
-0.0521128
-0.0489924
-0.0497215
-0.0495559
-0.0460814
-0.0503841
-0.0371105
-0.0384504
-0.0368264
-0.0372716
-0.0402292
-0.0373752
-0.0375225
-0.0382987
-0.0378777
-0.0368271
-0.0413407
-0.037943
-0.0376135
-0.0406539
-0.0388768
-0.0363028
-0.0392636
-0.0389647
-0.0368489
-0.0394387
-0.0479499
-0.0390555
-0.0527336
-0.0510188
-0.046421
-0.0483667
-0.0492116
-0.0478615
-0.0481071
-0.0505728
-0.0458173
-0.049438
-0.0409821
-0.0408184
-0.0407213
-0.0390047
-0.0489611
-0.038139
-0.0491812
-0.049013
-0.0504767
-0.0466444
-0.0470251
-0.0374318
-0.0361729
-0.0483849
-0.0414379
-0.0427908
-0.0501025
-0.0557804
-0.0372562
-0.0489184
-0.0487409
-0.0472714
-0.0413792
-0.0503732
-0.0366233
-0.0486523
-0.0407581
-0.0393661
-0.0406359
-0.0387419
-0.040258
-0.0482073
-0.0478357
-0.0504453
-0.0520342
-0.0496887
-0.0500004
-0.0519532
-0.0460538
-0.0483077
-0.0492117
-0.043744
-0.0496138
-0.0483609
-0.0483142
-0.0466639
-0.04755
-0.0492037
-0.0477356
-0.0492251
-0.0472667
-0.0490905
-0.0386137
-0.0498732
-0.038558
-0.0363797
-0.0398108
-0.0404538
-0.041445
-0.039007
-0.040732
-0.039184
-0.0360028
-0.0402363
-0.0405682
-0.0477407
-0.0383933
-0.0497051
-0.0466426
-0.0372128
-0.0510622
-0.0467645
-0.0383559
-0.0391485
-0.0501526
-0.047412
-0.0477852
-0.0385202
-0.0370649
-0.047846
-0.037417
-0.0377696
-0.046619
-0.0401251
-0.0492626
-0.0494877
-0.0465444
-0.0491055
-0.0524422
-0.0461863
-0.0465231
-0.0473994
-0.04816
-0.0377058
-0.0494206
-0.0480875
-0.0479248
-0.0477367
-0.0392287
