0.202711
0.202741
0.202752
0.202779
0.202715
0.202713
0.202778
0.202798
0.202757
0.202769
0.202775
0.202754
0.202737
0.202743
0.202759
0.202787
0.202783
0.202746
0.202757
0.202797
0.202791
0.202774
0.202712
0.202765
0.202785
0.202756
0.202768
0.202781
0.202751
0.202744
0.202742
0.20275
0.202754
0.202743
0.202748
0.202805
0.202748
0.202782
0.202787
0.202737
0.202762
0.202778
0.202801
0.20279
0.202752
0.202752
0.202803
0.202721
0.202759
0.202775
0.202756
0.202742
0.202771
0.202728
0.202739
0.202738
0.202754
0.202764
0.202748
0.202783
0.20276
0.202801
0.202738
0.202761
0.202745
0.202756
0.202755
0.20277
0.202745
0.202774
0.202742
0.202733
0.202765
0.202771
0.202744
0.202787
0.202787
0.202789
0.20276
0.202759
0.202814
0.202804
0.202758
0.202785
0.202759
0.202743
0.202778
0.202807
0.202776
0.202755
0.202709
0.202811
0.202829
0.202738
0.202786
0.202759
0.202776
0.202735
0.202702
0.202775
0.202776
0.202747
0.202847
0.202688
0.202762
0.202756
0.202731
0.202792
0.202767
0.202818
0.202793
0.202759
0.20278
0.202762
0.202748
0.202751
0.202781
0.202742
0.202761
0.202758
0.20279
0.202766
0.202778
0.202798
0.202814
0.202798
0.202787
0.202766
0.202752
0.202776
0.202713
0.202753
0.202748
0.202755
0.202771
0.202742
0.202736
0.202754
0.202791
0.202759
0.202705
0.20276
0.202776
0.202764
0.202753
0.202754
0.202775
0.202792
0.202772
0.202758
0.202763
0.202802
0.202747
0.202823
0.202807
0.202759
0.202781
0.202747
0.202807
0.202754
0.202787
0.202756
0.202801
0.202745
0.202747
0.202746
0.202773
0.202769
0.202768
0.20278
0.20277
0.202757
0.202789
0.202781
0.202792
0.202857
0.202733
0.202815
0.202752
0.202731
0.202734
0.202782
0.202731
0.202741
0.20277
0.202762
0.202753
0.202747
0.202737
0.202763
0.202757
0.202753
0.202723
0.20279
0.202749
0.202767
0.202754
0.202799
0.202787
0.202739
0.20273
0.202766
0.202802
0.202722
0.202781
0.20277
0.20273
0.202726
0.202726
0.202749
0.202739
0.202734
0.202765
0.20273
0.202778
0.20273
0.20272
0.202803
0.20275
0.202732
0.202742
0.202779
0.202761
0.202774
0.202729
0.202687
0.202803
0.202751
0.202727
0.202753
0.202772
0.202742
0.202779
0.202742
0.202767
0.202743
0.202745
0.202753
0.202762
0.202786
0.202808
0.20277
0.20273
0.202789
0.20275
0.202767
0.202757
0.202745
0.202746
0.202758
0.202797
0.202825
0.20279
0.202778
0.202738
0.20279
0.202725
0.202736
0.202762
0.202787
0.202755
0.202753
0.202769
0.202775
0.202764
0.202747
0.202711
0.20277
0.202775
0.202765
0.202739
0.202768
0.202752
0.202732
0.202731
0.202774
0.202772
0.202738
0.202772
0.202744
0.202756
0.202785
0.202754
0.202707
0.202752
0.202792
0.202752
0.202731
0.202716
0.202751
0.202763
0.202745
0.202755
0.202798
0.202737
0.202729
0.202781
0.202694
0.202743
0.202746
0.202751
0.202763
0.202739
0.202787
0.202724
0.202757
0.202766
0.202711
0.202762
0.202788
0.20273
0.20276
0.202737
0.202732
0.202726
0.202777
0.202766
0.202791
0.20279
0.202769
0.20276
0.20272
0.202709
0.202765
0.202722
0.202766
0.202792
0.202768
0.202791
0.202753
0.202739
0.202767
0.202772
0.202786
0.202742
0.202775
0.202743
0.202696
0.202726
0.202756
0.202739
0.202739
0.202752
0.202732
0.202749
0.202783
0.202805
0.20274
0.202759
0.202754
0.20276
0.202735
0.202769
0.202777
0.202722
0.202699
0.202719
0.20272
0.202763
0.20277
0.20273
0.202762
0.202748
0.202699
0.20277
0.20276
0.202753
0.202752
0.202743
0.202772
0.202788
0.202774
0.202751
0.202736
0.202779
0.202768
0.20275
0.202799
0.202704
0.202716
0.202787
0.202772
0.202741
0.202784
0.202771
0.202769
0.202791
0.202749
0.202814
0.202798
0.202766
0.202773
0.202821
0.202796
0.202807
0.202759
0.202775
0.202785
0.202804
0.202791
0.202803
0.202773
0.20281
0.20282
0.202774
0.20278
0.20279
0.202831
0.202776
0.202766
0.20282
0.202805
0.202797
0.202815
0.202736
0.202762
0.202797
0.202747
0.202802
0.202781
0.202802
0.202768
0.202788
0.202833
0.20277
0.202791
0.202779
0.202767
0.202788
0.202756
0.202767
0.20277
0.202806
0.202815
0.202745
0.202795
0.202758
0.202771
0.202803
0.202757
0.202805
0.202768
0.202776
0.202766
0.202802
0.202807
0.202783
0.202716
0.202794
0.20273
0.202812
0.202779
0.202764
0.202781
0.202718
0.202806
0.202761
0.202787
0.202771
0.202781
0.202774
0.202763
0.202762
0.20282
0.202768
0.202799
0.202764
0.202754
0.202812
0.202769
0.202784
0.202745
0.202825
0.202811
0.202803
0.202769
0.202751
0.202813
0.202766
0.202764
0.202793
0.202821
0.202755
0.202782
0.202807
0.202753
0.202754
0.202759
0.202755
0.202797
0.202799
0.202821
0.202831
0.202856
0.202848
0.202768
0.202779
0.202748
0.202773
0.202819
0.202733
