0
5.20269e-07
5.81212e-05
5.34114e-08
1.95771e-08
4.75502e-08
5.26476e-08
4.98888e-08
2.34072e-08
3.7921e-08
3.21236e-08
9.15843e-09
2.22159e-08
1.3606e-08
6.76043e-09
1.3552e-08
1.28098e-08
1.53904e-08
1.08988e-08
3.40989e-08
4.45129e-08
2.20551e-08
4.8865e-08
3.86166e-08
2.17592e-08
1.2593e-07
4.18378e-07
6.6998e-07
1.11563e-06
1.94605e-06
2.06558e-06
1.37859e-06
1.77529e-06
1.35026e-06
4.25553e-07
3.82531e-07
9.60099e-08
2.51893e-08
1.2838e-08
1.63239e-08
1.70845e-08
1.35206e-08
2.97016e-08
2.52995e-08
1.60618e-08
2.57351e-08
1.68155e-08
1.83979e-08
7.6847e-09
1.75972e-08
1.90206e-08
1.75036e-08
3.30712e-08
4.51376e-08
2.41633e-08
4.61889e-08
4.42151e-08
4.21847e-08
1.52813e-08
0
