0
5.20269e-07
5.76009e-05
-5.80678e-05
-3.38342e-08
2.79731e-08
5.09745e-09
-2.75884e-09
-2.64816e-08
1.45138e-08
-5.79741e-09
-2.29652e-08
1.30574e-08
-8.6099e-09
-6.84553e-09
6.7916e-09
-7.42198e-10
2.58059e-09
-4.49159e-09
2.32001e-08
1.0414e-08
-2.24578e-08
2.68099e-08
-1.02484e-08
-1.68574e-08
1.0417e-07
2.92448e-07
2.51602e-07
4.45646e-07
8.30421e-07
1.19532e-07
-6.86991e-07
3.96707e-07
-4.2503e-07
-9.24711e-07
-4.30219e-08
-2.86521e-07
-7.08205e-08
-1.23513e-08
3.48586e-09
7.60595e-10
-3.56387e-09
1.6181e-08
-4.40213e-09
-9.23768e-09
9.67327e-09
-8.91962e-09
1.58243e-09
-1.07132e-08
9.91254e-09
1.42337e-09
-1.51698e-09
1.55675e-08
1.20664e-08
-2.09743e-08
