5.20269e-07
5.81212e-05
5.34114e-08
1.89226e-08
4.26473e-08
5.26476e-08
4.98888e-08
2.34072e-08
3.7921e-08
3.21236e-08
8.39934e-09
2.22159e-08
1.33999e-08
6.76043e-09
1.3552e-08
1.21353e-08
1.53904e-08
1.00675e-08
2.51142e-08
3.81365e-08
2.20551e-08
4.46302e-08
3.86166e-08
1.77263e-08
6.44742e-08
2.35441e-07
6.28743e-07
9.92367e-07
1.70088e-06
2.06558e-06
1.30445e-06
1.66727e-06
1.35026e-06
4.25553e-07
3.82531e-07
9.60099e-08
2.51893e-08
1.2838e-08
1.63239e-08
1.25834e-08
1.00394e-08
2.8434e-08
2.52995e-08
1.60618e-08
2.57351e-08
1.68155e-08
1.62126e-08
7.6847e-09
1.75972e-08
1.41356e-08
1.23464e-08
3.22443e-08
4.31352e-08
2.41633e-08
4.61889e-08
4.42151e-08
4.21847e-08
1.52813e-08
