2.06546e-07
8.01092e-08
3.8151e-08
1.95771e-08
4.75502e-08
4.97503e-08
4.82041e-08
2.13986e-08
3.39188e-08
2.59349e-08
9.15843e-09
1.54272e-08
1.3606e-08
5.10894e-09
1.06594e-08
1.28098e-08
1.52985e-08
1.08988e-08
3.40989e-08
4.45129e-08
1.95079e-08
4.8865e-08
3.11676e-08
2.17592e-08
1.2593e-07
4.18378e-07
6.6998e-07
1.11563e-06
1.94605e-06
1.93575e-06
1.37859e-06
1.77529e-06
1.19557e-06
2.94956e-07
1.96188e-07
4.18227e-08
1.69301e-08
9.46006e-09
1.25109e-08
1.70845e-08
1.35206e-08
2.97016e-08
2.33824e-08
1.53638e-08
1.87946e-08
1.57249e-08
1.83979e-08
7.25495e-09
1.3965e-08
1.90206e-08
1.75036e-08
3.30712e-08
4.51376e-08
2.3369e-08
4.54736e-08
4.26342e-08
2.34835e-08
1.167e-08
