2.06665
2.06112
2.06159
2.05943
2.06392
2.06476
2.06456
2.06509
2.06292
2.06813
2.06201
2.06565
2.06334
2.06598
2.06603
2.06386
2.06349
2.06313
2.06613
2.06252
2.06657
2.06803
2.06432
2.06699
2.0632
2.06922
2.06129
2.06567
2.06392
2.06601
2.06209
2.06257
2.06184
2.06258
2.06471
2.06422
2.06816
2.06426
2.06512
2.06531
2.06675
2.06484
2.06461
2.06292
2.06342
2.06363
2.06125
2.06911
2.06111
2.06574
2.0649
2.06467
2.06496
2.06285
2.06379
2.06718
2.06511
2.06531
2.06313
2.0635
2.06186
2.06245
2.06572
2.06442
2.06226
2.06506
2.06239
2.06376
2.0627
2.06413
2.06298
2.06423
2.06578
2.06305
2.06508
2.06734
2.0653
2.06422
2.06874
2.0637
2.06558
2.0648
2.06366
2.06144
2.06361
2.06019
2.06562
2.06197
2.06424
2.06107
2.06082
2.06794
2.06255
2.06603
2.06388
2.06591
2.06466
2.06247
2.06736
2.06453
2.06467
2.06524
2.06703
2.06561
2.06375
2.06385
2.06703
2.06538
2.06416
2.06566
2.06203
2.0667
2.06535
2.06278
2.06235
2.06542
2.0676
2.0649
2.06746
2.06551
2.06459
2.06607
2.0644
2.06545
2.06529
2.0655
2.06503
2.06604
2.06839
2.06609
2.0642
2.06321
2.06636
2.06596
2.06473
2.066
2.0641
2.06887
2.06847
2.06338
2.06379
2.06486
2.06561
2.06493
2.06576
2.06263
2.06499
2.06185
2.06487
2.06262
2.06185
2.06378
2.06568
2.0647
2.06605
2.06663
2.06839
2.06597
2.0667
2.06587
2.06411
2.06583
2.06673
2.06337
2.06365
2.06609
2.06771
2.06792
2.06521
2.06476
2.06321
2.06332
2.06379
2.06493
2.06307
2.06693
2.06283
2.06392
2.06253
2.06604
2.06695
2.06693
2.06125
2.06473
2.06497
2.06369
2.06364
2.06387
2.06409
2.06281
2.06545
2.06724
2.06624
2.06553
2.06159
2.06353
2.06269
2.06329
2.06462
2.06459
2.06267
2.0639
2.06389
2.06625
2.0638
2.06769
2.06427
2.06473
2.06414
2.06463
2.06293
2.06631
2.0612
2.06364
2.06647
2.06781
2.06644
2.06505
2.06159
2.0618
2.06266
2.06566
2.06201
2.06765
2.06669
2.06653
2.06368
2.06454
2.06513
2.06176
2.06229
2.06431
2.06206
2.06425
2.0662
2.06609
2.06522
2.06201
2.06742
2.06416
2.06223
2.06283
2.06376
2.0649
2.06767
2.06284
2.06624
2.06527
2.06551
2.06803
2.0652
2.06368
2.06464
2.06317
2.0657
2.06552
2.06285
2.06691
2.06549
2.06324
2.06254
2.06419
2.06467
2.06484
2.06287
2.06647
2.06229
2.06403
2.06711
2.06588
2.06222
2.06318
2.06526
2.06733
2.06515
2.06204
2.06495
2.06487
2.06419
2.06715
2.06766
2.06344
2.06361
2.06609
2.06431
2.06381
2.06641
2.06425
2.06509
2.06627
2.06516
2.06501
2.06603
2.06228
2.06512
2.06241
2.06212
2.06418
2.06326
2.06697
2.0653
2.06269
2.06554
2.06602
2.06719
2.06426
2.06672
2.06432
2.06758
2.06211
2.06551
2.06303
2.0665
2.06561
2.06311
2.0627
2.06242
2.06282
2.06229
2.06393
2.06774
2.0684
2.06567
2.06554
2.07012
2.0604
2.06446
2.06421
2.06185
2.06539
2.06418
2.06342
2.06421
2.06622
2.06256
2.0659
2.0632
2.062
2.0632
2.06562
2.06529
2.062
2.06275
2.06394
2.06407
2.06059
2.065
2.06638
2.0652
2.06366
2.06298
2.06113
2.06627
2.06431
2.06577
2.06474
2.06574
2.06567
2.06201
2.06409
2.06458
2.06156
2.06595
2.06471
2.067
2.06707
2.0669
2.06425
2.06538
2.06245
2.06396
2.06403
2.06749
2.06433
2.0687
2.06383
2.0665
2.0619
2.06365
2.06457
2.06247
2.06701
2.06683
2.06424
2.0674
2.06787
2.06325
2.06782
2.0664
2.06586
2.06463
2.06545
2.06553
2.06419
2.06562
2.06455
2.06356
2.06735
2.06453
2.06326
2.06443
2.06376
2.06559
2.06481
2.06406
2.06225
2.06587
2.06627
2.06308
2.06329
2.06605
2.06496
2.06477
2.06624
2.0633
2.06367
2.06355
2.06586
2.05927
2.06725
2.06643
2.06164
2.06485
2.06664
2.06476
2.06648
2.06526
2.06473
2.0644
2.06564
2.06416
2.06465
2.06438
2.06526
2.06549
2.0635
2.06129
2.06613
2.06542
2.06195
2.06358
2.06482
2.06497
2.06179
2.06476
2.0647
2.06709
2.0673
2.06617
2.06626
2.06639
2.07021
2.0661
2.06635
2.06673
2.07086
2.06294
2.06346
2.06343
2.06548
2.06685
2.0677
2.06537
2.06501
2.06667
2.06722
2.06156
2.06385
2.06564
2.06264
2.06583
2.06407
2.06364
2.06544
2.06619
2.06264
2.06502
2.05867
2.06266
2.06133
2.06127
2.06446
2.06531
2.06504
2.06396
2.06397
2.06432
2.06159
2.06406
2.06222
2.06333
2.06504
2.0658
2.06376
2.06208
2.06467
2.06521
2.06408
2.06244
2.06362
2.06284
