0
1.31254e-07
-1.01507e-08
-2.85561e-08
5.99614e-08
-1.61823e-08
-3.50046e-08
6.62418e-08
-3.52904e-08
-3.31447e-08
-4.2126e-08
3.69844e-08
-4.57597e-09
-2.84766e-08
3.79065e-08
-4.34539e-08
3.70612e-08
-4.97815e-08
2.20292e-08
7.77409e-09
-4.60822e-09
-2.06814e-08
2.13329e-08
-1.79636e-08
-1.78857e-08
2.9668e-08
-1.63591e-08
5.82221e-09
-1.12485e-08
3.26602e-08
-5.93496e-09
-2.89216e-08
6.54273e-08
-5.20852e-08
1.99741e-08
-2.5779e-08
1.96493e-08
-8.51099e-09
-1.64162e-08
3.79589e-08
-5.30682e-09
-1.17744e-08
-2.69008e-08
2.75363e-08
-6.50018e-09
-1.41258e-08
