0.028348
-0.0290679
-0.0306311
0.0213711
0.0178827
0.0199418
-0.00828066
0.0196269
-0.0300083
-0.0100249
0.0161384
-0.0292113
0.0143942
0.00916156
-0.0112314
0.0109058
-0.0315829
0.01265
0.0295606
0.0250199
0.0257317
0.0248596
0.0231153
0.0239874
-0.0152575
-0.0204902
-0.016337
-0.0170018
-0.018746
-0.0318424
-0.0309555
-0.0190539
-0.0222344
-0.0222864
-0.0239787
-0.0257229
-0.0260194
-0.0274671
-0.0312599
0.00741734
-0.0309801
-0.031813
0.0292214
0.0293384
0.0295145
0.000440456
0.00218467
-0.0321025
-0.032074
0.0271992
0.0274759
-0.0319262
-0.0319625
0.0276705
-0.0319294
-0.0318282
0.0288868
-0.0317018
0.0039289
0.0277536
0.00567312
-0.031668
0.0266038
0.0301373
0.0298086
0.0300922
0.0292198
0.0292299
0.029262
0.0261521
-0.0117691
0.028348
0.0283129
0.0279103
0.0277229
0.0295778
-0.00304799
-0.00479221
-0.00653644
0.0292424
-0.0135133
0.0289578
-0.0317504
-0.00130377
0.0300922
-0.0222344
-0.0309555
0.0300922
0.0248596
0.0196269
0.0274759
0.0274759
0.0274759
-0.0117691
0.0239874
-0.0152575
-0.0204902
0.0266038
0.0257317
-0.0135133
0.0231153
0.0257317
0.0248596
0.0268354
0.0266038
0.0255136
0.0281448
0.0277216
0.0270846
0.0274759
0.0268315
0.0231153
0.0239874
0.0262865
-0.0309555
0.0266038
0.0266038
-0.0257229
-0.0309555
0.0248596
-0.0309555
-0.0292113
0.0257317
-0.0309555
-0.0309555
0.0143942
0.0039289
-0.0311178
0.00567312
0.028858
0.0243767
0.0264261
0.028348
0.0288572
0.0289593
0.0289519
0.0266038
0.0265189
0.0248596
0.0286919
0.0289662
0.0289269
0.0286492
0.0288099
0.0290648
0.0291083
0.0292018
-0.0309862
-0.0310763
-0.0310994
-0.0313033
0.00218467
-0.0309555
-0.031239
-0.0309453
-0.0306738
-0.0309555
-0.0309829
0.000440456
0.0274759
0.0267324
0.0275101
0.0280026
0.0257317
0.0256961
0.0109058
0.0231153
-0.0298346
-0.0292113
-0.0291411
-0.0279328
0.00741734
0.00916156
0.0239874
-0.0135133
-0.0117691
-0.0257229
0.01265
-0.0309555
-0.0255871
-0.0239787
-0.0308683
-0.0309603
-0.0309555
-0.0309555
-0.0309508
0.0213711
-0.030728
-0.0204902
-0.018746
-0.0274671
-0.0170018
-0.0301595
-0.0152575
-0.00653644
-0.00479221
0.0185225
0.0196269
0.0285181
-0.00304799
-0.00130377
0.0161384
0.0283912
0.0178827
-0.0100249
-0.00828065
0.0288753
0.0289966
-0.0222344
-0.0309555
-0.0309555
0.0274759
-0.0309555
0.00916156
0.00741734
0.028348
-0.0309555
-0.0309555
0.0239874
0.028348
-0.0309555
0.0266038
0.0231153
0.028348
-0.0274671
-0.0309555
-0.0309555
0.028348
0.0178827
0.0248596
0.0143942
0.0284827
0.0274759
0.0276917
0.0285951
0.0259445
0.0247883
0.02851
0.0263796
0.0270625
0.0257317
0.0231153
0.0284016
0.0264895
0.0239874
0.0285242
0.02865
0.0266038
0.0226393
0.028687
0.0248596
-0.00479221
0.0257317
0.028348
0.0161384
0.028348
-0.0263699
-0.0221085
-0.0208925
-0.018746
-0.0192678
0.0294596
-0.0314032
0.0258468
0.0263745
0.0255199
0.0257317
0.0257595
0.0260666
