0.0230615
0.0282942
0.0248057
0.0298688
0.0307758
0.0300384
0.0314749
0.0300925
0.02655
0.0315372
0.0314677
0.0280377
0.0313273
0.0311649
0.0317826
0.0312349
0.0195731
0.0311928
0.0143404
0.0291663
0.028738
0.0292294
0.0296368
0.0294544
0.0320847
0.0320195
0.0317826
0.031626
0.0317039
0.0178289
0.0231666
0.0317826
0.0317989
0.0317826
0.0310691
0.0301783
0.0300384
0.02945
0.0213173
0.031313
0.0230615
0.0125962
0.0195731
0.0178289
0.0160846
0.0315074
0.0314908
0.00213086
0.00387508
0.0274221
0.0270523
0.0056193
0.00736352
0.02655
0.00910775
0.010852
0.0213173
0.0143404
0.0316821
0.0256778
0.0316004
0.0160846
0.0278952
0.00387508
0.0056193
0.00495027
0.00736352
0.00910775
0.010852
0.0282942
0.0319222
0.0229743
0.0230615
0.0239336
0.0248057
0.00213086
0.0316625
0.0315765
0.0316158
0.0125962
0.0322275
0.000386634
0.000386635
0.0317174
0.00371954
0.0317826
0.0230615
0.00387508
0.0291663
0.0300384
0.02655
0.0256778
0.0248057
0.0317826
0.0291663
0.0317826
0.0317826
0.0274221
0.0282942
0.0317826
0.0291663
0.0280806
0.0286651
0.02655
0.0270341
0.0282942
0.0230615
0.0239336
0.0248057
0.0242858
0.0256778
0.0291585
0.0288997
0.0274221
0.0213173
0.02655
0.0256778
0.0300384
0.00387508
0.0282942
0.0160846
0.02655
0.0274221
0.0056193
0.0195731
0.0306918
0.0310143
0.000386635
0.0309284
0.018701
0.0282942
0.02655
0.0223576
0.0160846
0.0169567
0.0178289
0.0250726
0.0256778
0.028133
0.0143404
0.0195731
0.0204452
0.0213173
0.0125962
0.00736352
0.0056193
0.00387507
0.0143404
0.0125962
0.010852
0.00910775
0.0306882
0.0056622
0.00736352
0.0056193
0.00387508
0.0022115
0.00213086
0.0307071
0.0239733
0.0248057
0.0239336
0.0230615
0.0273754
0.0274221
0.0307185
0.0286481
0.0248057
0.0264481
0.02655
0.0282942
0.0301509
0.0301003
0.0283906
0.0311839
0.0310554
0.0299233
0.0307286
0.014515
0.0300384
0.0307853
0.0160846
0.0178289
0.0175124
0.0191313
0.0195731
0.0292516
0.0213173
0.0312809
0.0311734
0.0287656
0.0309677
0.0230615
0.0311517
0.0308843
0.0306226
0.0300384
0.029724
0.00213086
0.0307536
0.030943
0.0308816
0.000386634
0.0303106
0.0308868
0.0308689
0.010852
0.00910775
0.0310074
0.0178289
0.00213086
0.0239336
0.0143404
0.0300384
0.0300384
0.000386635
0.0125962
0.010852
0.0282942
0.00213086
0.000386634
0.0248057
0.0282942
0.0143404
0.0282942
0.00736352
0.00910775
0.0125962
0.0300384
0.0274221
0.0300384
0.018701
0.0233504
0.0230615
0.0204452
0.02655
0.0274221
0.0195731
0.0256778
0.0239336
0.0266574
0.0281292
0.0213173
0.0248057
0.028035
0.0160846
0.0169567
0.0245806
0.0282942
0.0178289
0.0273328
0.0300384
0.02655
0.0213173
0.0300384
0.0195731
-0.0170556
-0.0222883
-0.0240325
-0.0262037
-0.0257767
-0.00484604
-0.00135759
-0.0275209
-0.0266488
-0.0257767
-0.0250669
-0.0249046
-0.0240325
