0.931543
0.931556
0.931654
0.931704
0.931407
0.93137
0.931679
0.931803
0.931568
0.93163
0.931679
0.931605
0.931568
0.931617
0.931617
0.931704
0.931704
0.931531
0.931691
0.931753
0.931728
0.93163
0.931469
0.93163
0.931716
0.93158
0.93163
0.931691
0.931568
0.931506
0.931531
0.931568
0.931593
0.931543
0.931642
0.931815
0.931543
0.931704
0.931728
0.931506
0.931605
0.931679
0.931803
0.931827
0.931556
0.931556
0.931815
0.931519
0.93158
0.931728
0.931716
0.931753
0.931642
0.931568
0.931482
0.931494
0.931667
0.931617
0.931531
0.93184
0.931617
0.93179
0.93158
0.931679
0.931642
0.931593
0.931593
0.931506
0.931605
0.93179
0.931506
0.93158
0.931617
0.93163
0.931605
0.931728
0.931741
0.931778
0.931679
0.931691
0.931877
0.931803
0.931605
0.931605
0.931568
0.931531
0.931765
0.931815
0.931679
0.931556
0.93137
0.931827
0.931926
0.931605
0.931741
0.931679
0.931679
0.931667
0.93142
0.931568
0.93179
0.931679
0.931901
0.931358
0.931704
0.93163
0.931568
0.931741
0.931691
0.931877
0.931753
0.931568
0.931667
0.93163
0.931605
0.93158
0.931691
0.931704
0.931679
0.931605
0.931704
0.931642
0.931691
0.931778
0.931852
0.93179
0.931852
0.931704
0.93158
0.931667
0.93158
0.93158
0.931642
0.931679
0.931765
0.931494
0.931568
0.931642
0.93179
0.931704
0.931346
0.931593
0.931691
0.931704
0.931593
0.931568
0.931778
0.931741
0.931519
0.931482
0.931593
0.931778
0.931654
0.93179
0.93184
0.931605
0.93179
0.931654
0.931605
0.931691
0.931741
0.931679
0.931691
0.931531
0.931519
0.931568
0.931667
0.931642
0.931642
0.931679
0.931753
0.931593
0.931728
0.931728
0.931728
0.931951
0.931568
0.931827
0.931556
0.931556
0.93158
0.931691
0.931543
0.931654
0.931667
0.931617
0.931568
0.931654
0.931605
0.931617
0.931568
0.93158
0.931444
0.931778
0.931642
0.931605
0.931654
0.931778
0.931704
0.931494
0.931494
0.931679
0.93179
0.931531
0.931716
0.931667
0.931469
0.931457
0.931543
0.931543
0.931593
0.931482
0.93163
0.931469
0.931691
0.931568
0.931407
0.931803
0.931593
0.93158
0.93163
0.931691
0.931605
0.931556
0.931482
0.931333
0.931803
0.93158
0.931543
0.931617
0.931741
0.931617
0.931691
0.931494
0.931667
0.931605
0.931556
0.931679
0.93163
0.931704
0.931815
0.931654
0.931568
0.931753
0.931568
0.931642
0.931778
0.931642
0.931642
0.931556
0.931753
0.93179
0.931617
0.931704
0.931519
0.931741
0.931568
0.931482
0.931605
0.931716
0.931691
0.931667
0.931617
0.931667
0.931605
0.931556
0.931531
0.93163
0.931778
0.93158
0.931519
0.931654
0.931593
0.931531
0.931457
0.931778
0.931642
0.93158
0.931741
0.931605
0.931691
0.931728
0.93158
0.931457
0.93158
0.931741
0.93158
0.93158
0.931494
0.931556
0.931716
0.931506
0.93158
0.931778
0.931593
0.931457
0.931815
0.931444
0.931617
0.931506
0.931654
0.931617
0.931531
0.931704
0.931531
0.93158
0.931704
0.931333
0.931691
0.931728
0.931506
0.931605
0.931482
0.931444
0.931457
0.931691
0.931642
0.931753
0.931679
0.931617
0.931506
0.93142
0.931469
0.931716
0.93142
0.931482
0.931741
0.931654
0.931642
0.931568
0.93163
0.93163
0.931704
0.931543
0.931617
0.931642
0.931543
0.931284
0.931432
0.931593
0.931506
0.931617
0.931593
0.931482
0.931667
0.931605
0.931827
0.931531
0.931593
0.931568
0.93158
0.931494
0.93163
0.931716
0.931531
0.931321
0.931506
0.931506
0.931531
0.931642
0.931469
0.931617
0.931568
0.931432
0.931654
0.931605
0.931654
0.931568
0.931617
0.931531
0.931642
0.931691
0.931642
0.931469
0.931704
0.93163
0.931568
0.931691
0.931358
0.931494
0.931728
0.931617
0.931494
0.931815
0.931778
0.931679
0.931741
0.931679
0.931815
0.931679
0.931654
0.931667
0.931778
0.931765
0.931704
0.931605
0.931765
0.931803
0.93179
0.931852
0.931815
0.931654
0.93163
0.931753
0.931679
0.931704
0.931728
0.931926
0.93158
0.931519
0.931679
0.931815
0.931803
0.931741
0.931568
0.931728
0.931667
0.931543
0.931877
0.93179
0.931889
0.931642
0.931704
0.931827
0.931642
0.931728
0.931753
0.931617
0.931506
0.931568
0.931741
0.931654
0.931716
0.93184
0.931519
0.931778
0.93158
0.931642
0.931667
0.931679
0.931691
0.93163
0.931691
0.931704
0.931803
0.931815
0.931716
0.93137
0.931642
0.931556
0.931938
0.93163
0.931642
0.931815
0.931506
0.93163
0.931506
0.931827
0.931617
0.931815
0.931679
0.931617
0.931519
0.931753
0.931654
0.93179
0.931617
0.931593
0.931728
0.931654
0.931728
0.931543
0.93179
0.931803
0.931778
0.931716
0.93163
0.931642
0.93163
0.93158
0.931728
0.931889
0.931568
0.93179
0.931803
0.931556
0.931556
0.931593
0.93158
0.931765
0.931901
0.931765
0.931765
0.931951
0.931827
0.931642
0.931654
0.931568
0.931741
0.931803
0.931593
