0
4.6725e-05
8.5982e-06
3.84033e-05
1.66241e-06
4.69395e-05
9.58918e-07
3.03807e-06
3.89773e-07
5.01169e-07
2.96561e-07
2.83778e-07
1.82729e-07
1.3514e-07
1.80065e-07
1.71031e-07
1.91943e-07
1.53852e-07
1.52091e-07
1.5799e-07
1.38125e-07
1.19883e-07
1.11956e-07
1.17081e-07
5.91079e-08
7.89128e-08
9.78318e-08
8.97614e-08
1.11076e-07
1.02292e-07
9.38081e-08
1.10137e-07
6.04825e-08
7.17577e-08
5.61984e-08
5.54266e-08
6.62712e-08
7.72019e-08
9.09032e-08
8.63554e-08
5.50034e-08
8.42073e-08
9.74469e-08
6.14193e-08
6.89377e-08
5.93914e-08
8.22826e-08
6.91159e-08
6.40403e-08
7.12881e-08
7.26038e-08
7.7734e-08
8.81505e-08
7.74046e-08
6.35272e-08
5.59345e-08
9.11199e-08
7.31811e-08
6.08092e-08
1.00904e-07
6.92559e-08
5.92471e-08
8.83462e-08
8.73381e-08
1.05272e-07
1.13735e-07
8.97324e-08
7.3063e-08
7.44058e-08
7.58529e-08
8.53796e-08
4.99816e-08
5.7219e-08
5.83741e-08
3.6769e-08
6.79827e-08
6.82133e-08
1.33889e-07
2.37937e-07
3.54526e-07
4.90469e-07
6.70703e-07
9.87551e-07
1.2357e-06
1.68554e-06
2.18199e-06
2.8752e-06
6.7461e-06
1.33595e-06
6.15214e-06
6.14565e-06
6.72898e-06
7.35374e-06
8.13923e-06
7.23424e-06
6.09019e-06
4.81043e-06
2.65396e-06
1.78831e-06
2.05819e-06
1.90845e-06
0
