0
4.6725e-05
-3.81268e-05
2.98051e-05
-3.67409e-05
4.52771e-05
-4.59806e-05
2.07915e-06
-2.6483e-06
1.11396e-07
-2.04608e-07
-1.2783e-08
-1.01049e-07
-4.75889e-08
4.49255e-08
-9.03385e-09
2.09122e-08
-3.80915e-08
-1.76142e-09
5.89982e-09
-1.98657e-08
-1.82414e-08
-7.92717e-09
5.12505e-09
-5.79733e-08
1.98049e-08
1.8919e-08
-8.07034e-09
2.13147e-08
-8.78375e-09
-8.4843e-09
1.63286e-08
-4.96541e-08
1.12752e-08
-1.55593e-08
-7.71802e-10
1.08447e-08
1.09307e-08
1.37013e-08
-4.54789e-09
-3.1352e-08
2.92039e-08
1.32396e-08
-3.60276e-08
7.51844e-09
-9.54634e-09
2.28912e-08
-1.31667e-08
-5.07564e-09
7.24777e-09
1.31573e-09
5.13025e-09
1.04165e-08
-1.07459e-08
-1.38774e-08
-7.5927e-09
3.51854e-08
-1.79388e-08
-1.23719e-08
4.00944e-08
-3.16477e-08
-1.00088e-08
2.90991e-08
-1.00803e-09
1.79336e-08
8.4634e-09
-2.40027e-08
-1.66694e-08
1.34276e-09
1.44706e-09
9.52672e-09
-3.5398e-08
7.23744e-09
1.15505e-09
-2.16051e-08
3.12137e-08
2.30621e-10
6.56753e-08
1.04049e-07
1.16588e-07
1.35943e-07
1.80234e-07
3.16848e-07
2.48148e-07
4.49837e-07
4.9645e-07
6.93217e-07
3.8709e-06
-5.41015e-06
4.81619e-06
-6.49106e-09
5.83327e-07
6.24765e-07
7.85494e-07
-9.04999e-07
-1.14404e-06
-1.27977e-06
-2.15647e-06
-8.6565e-07
2.69884e-07
-1.49744e-07
-1.90845e-06
