4.6725e-05
8.5982e-06
3.84033e-05
1.66241e-06
4.69395e-05
9.58918e-07
3.03807e-06
3.89773e-07
5.01169e-07
2.85661e-07
2.83778e-07
1.82729e-07
1.24329e-07
1.76844e-07
1.4788e-07
1.91943e-07
1.53852e-07
1.52091e-07
1.5799e-07
1.2682e-07
1.15225e-07
9.56376e-08
1.17081e-07
5.91079e-08
7.81566e-08
9.78318e-08
6.80156e-08
1.11076e-07
6.43971e-08
8.58031e-08
1.10137e-07
6.04825e-08
6.08929e-08
5.61984e-08
3.96048e-08
6.62712e-08
7.72019e-08
6.05196e-08
8.63554e-08
5.50034e-08
6.59453e-08
9.74469e-08
3.82908e-08
6.12722e-08
5.93914e-08
5.84561e-08
6.64575e-08
5.22494e-08
7.12881e-08
7.26038e-08
7.7734e-08
7.77267e-08
6.79443e-08
6.35272e-08
5.429e-08
6.75622e-08
7.31811e-08
5.93777e-08
1.00904e-07
6.92559e-08
5.57961e-08
6.08096e-08
8.73381e-08
8.21496e-08
1.13735e-07
8.97324e-08
7.3063e-08
6.30835e-08
6.60892e-08
8.53796e-08
4.99816e-08
4.50556e-08
5.83741e-08
3.6769e-08
4.58108e-08
5.47304e-08
6.82074e-08
1.70597e-07
2.17378e-07
3.18652e-07
4.98605e-07
7.10133e-07
9.47303e-07
1.22116e-06
1.7828e-06
2.09253e-06
2.54765e-06
1.33595e-06
6.15214e-06
4.58564e-06
6.33563e-06
5.92478e-06
8.12702e-06
6.59241e-06
6.09019e-06
4.81043e-06
2.65396e-06
1.70869e-06
1.42453e-06
1.90845e-06
