4.28292e-05
1.22218e-06
3.6482e-05
1.58902e-06
3.01885e-06
7.98653e-07
5.17834e-07
1.88963e-07
2.75398e-07
2.96561e-07
1.76785e-07
1.64729e-07
1.3514e-07
1.80065e-07
1.71031e-07
1.36722e-07
1.49358e-07
1.37282e-07
1.4739e-07
1.38125e-07
1.19883e-07
1.11956e-07
7.11524e-08
5.85016e-08
7.89128e-08
7.85697e-08
8.97614e-08
5.94739e-08
1.02292e-07
9.38081e-08
5.13157e-08
5.52347e-08
7.17577e-08
3.83837e-08
5.54266e-08
5.14185e-08
7.00322e-08
9.09032e-08
6.40201e-08
3.94048e-08
8.42073e-08
5.07433e-08
6.14193e-08
6.89377e-08
5.61411e-08
8.22826e-08
6.91159e-08
6.40403e-08
6.48061e-08
5.6377e-08
7.69188e-08
8.81505e-08
7.74046e-08
5.5721e-08
5.59345e-08
9.11199e-08
3.93412e-08
6.08092e-08
8.72984e-08
4.62971e-08
5.92471e-08
8.83462e-08
7.54912e-08
1.05272e-07
1.02441e-07
7.03592e-08
6.51232e-08
7.44058e-08
7.58529e-08
4.96679e-08
4.64018e-08
5.7219e-08
5.30961e-08
3.39041e-08
6.79827e-08
6.82133e-08
1.33889e-07
2.37937e-07
3.54526e-07
4.90469e-07
6.70703e-07
9.87551e-07
1.2357e-06
1.68554e-06
2.18199e-06
2.8752e-06
6.7461e-06
1.21768e-06
4.13741e-06
6.14565e-06
6.72898e-06
7.35374e-06
8.13923e-06
7.23424e-06
6.07504e-06
2.78693e-06
2.15462e-06
1.78831e-06
2.05819e-06
1.53463e-06
