1 1 1 1 0.870701 1 1 1 1 1 1 1 1 1 1 1 
0.771863 0.820025 0.972117 0.48289 0.491762 0.841659 0.864385 0.795944 0.823828 1 0.994759 1 0.987216 0.964324 0.633862 0.770596 
1 0.831243 0.838084 0.945498 0.436716 0.935006 0.876853 0.418762 0.944383 0.818812 1 1 1 1 1 1 
1 1 0.963351 0.926702 0.994764 0.587696 0.891753 0.890052 0.969895 0.80297 1 1 1 0.51178 1 1 
1 0.853801 0.842105 0.5 0.529574 0.523091 0.612573 0.437135 1 1 0.926901 0.806122 1 0.921053 0.926901 1 
0.980963 0.961926 0.993988 0.994076 0.496561 0.976484 0.931691 0.984322 0.912654 1 1 1 1 1 0.986562 0.464726 
0.992048 0.930417 0.490982 0.812796 0.72077 0.870775 0.811133 0.918762 0.791991 1 1 0.996599 0.566761 1 1 0.935388 
0.698731 0.464824 0.699399 0.586493 0.899587 0.889727 0.805276 0.795226 0.384872 0.64196 1 1 0.919034 1 1 1 
1 1 1 0.736967 0.521321 1 0.977113 1 1 1 1 0.739229 1 0.929577 1 1 
0.97561 0.949936 0.955071 0.577664 0.874828 0.908858 0.907574 0.893453 0.677419 1 1 0.998716 1 1 1 1 
1 0.915138 0.854709 0.549763 1 0.884174 0.883027 0.934633 0.83426 1 1 1 1 1 1 1 
0.996226 0.90566 0.812579 0.871698 0.973585 0.994969 1 0.998742 0.932076 1 1 1 1 1 1 1 
1 1 1 0.985915 0.998592 0.9 0.928169 1 1 1 1 1 1 1 1 1 
0.98218 0.963312 0.947589 0.57652 0.878955 0.873166 0.93299 0.927673 0.830923 1 1 1 1 1 1 1 
0.978723 0.549407 0.914894 0.57346 0.993122 0.871327 0.904762 0.951368 0.789766 1 1 1 1 1 1 1 
1 1 0.934871 0.864929 1 1 0.989145 1 0.963365 0.955224 1 1 1 1 1 1 
