6.46298e-06 1.8199e-05 2.47273e-05 3.20698e-05 0.00016671 2.28429e-05 5.21641e-05 2.20143e-05 1.36385e-05 1.64791e-05 3.16377e-05 2.04799e-05 1.0136e-05 1.56028e-05 2.15102e-05 1.0895e-05 
0.000335998 0.00027435 6.26812e-05 0.00300807 0.0034718 0.000230477 0.000208453 0.000285123 0.000283788 3.87806e-05 7.77336e-05 4.38172e-05 7.14495e-05 9.14153e-05 0.0006339 0.00034049 
5.87088e-05 0.000231978 0.000195005 9.34861e-05 0.00406946 9.06567e-05 0.000164842 0.00181865 0.000126553 0.000394934 4.32943e-05 3.50467e-05 4.52925e-05 4.95692e-05 3.24944e-05 3.7867e-05 
4.41819e-05 5.11728e-05 7.22201e-05 9.67639e-05 6.49352e-05 0.00207006 0.000163526 0.00013253 8.57678e-05 0.000438992 4.37833e-05 4.23296e-05 7.47548e-05 0.0032334 4.65016e-05 4.25497e-05 
4.28629e-05 0.000228575 0.000218354 0.00296799 0.00282707 0.000919857 0.00181893 0.00403982 3.76102e-05 5.11834e-05 0.000150387 0.000361633 4.53655e-05 0.000142954 0.000134229 4.89855e-05 
8.95891e-05 7.77182e-05 7.44021e-05 7.39941e-05 0.00338422 5.85284e-05 0.000100812 6.66027e-05 0.000140442 3.97435e-05 3.69107e-05 5.95768e-05 5.11398e-05 2.87631e-05 7.67429e-05 0.00323075 
9.25113e-05 0.000111416 0.00316375 0.000362044 0.000538615 0.000163543 0.000293085 0.000123728 0.000302687 4.84461e-05 2.69974e-05 5.96837e-05 0.00256029 2.59683e-05 2.40852e-05 9.01263e-05 
0.000683702 0.00349997 0.000440125 0.000507433 0.000147881 0.000159633 0.000313204 0.000322881 0.00408642 0.000605971 2.62077e-05 2.87591e-05 0.000129833 3.88446e-05 2.72421e-05 3.70742e-05 
1.30213e-05 2.31752e-05 2.30356e-05 0.000381392 0.00283331 2.25855e-05 5.43955e-05 1.20066e-05 7.11463e-06 1.33185e-05 4.80869e-05 0.000447551 3.19041e-05 9.96611e-05 2.13606e-05 2.97503e-05 
6.77893e-05 7.04421e-05 6.43019e-05 0.00249856 0.000160116 0.00010292 9.4193e-05 0.000147959 0.000738053 7.92845e-06 7.99316e-06 2.35812e-05 2.33928e-05 1.34708e-05 1.68736e-05 5.3942e-05 
5.12489e-05 0.000121831 0.000173136 0.00255489 4.93101e-05 0.000167527 0.000179992 9.57786e-05 0.000272452 1.28873e-05 5.66025e-06 2.48695e-05 2.15333e-05 1.3407e-05 1.00484e-05 2.60703e-05 
4.50729e-05 0.000124599 0.000330725 0.00016648 8.8985e-05 3.41819e-05 3.17076e-05 2.92108e-05 0.000109424 4.99766e-05 2.19797e-05 1.02821e-05 1.79423e-05 2.46114e-05 1.51644e-05 1.54849e-05 
1.34811e-05 1.91717e-05 2.9162e-05 6.10708e-05 3.73788e-05 0.000113082 9.31451e-05 2.20043e-05 1.82582e-05 1.75402e-05 2.88338e-05 1.42239e-05 5.46948e-06 1.04927e-05 1.95509e-05 1.40202e-05 
5.65179e-05 6.36689e-05 6.92715e-05 0.00238517 0.000132043 0.000155547 0.000125769 0.000102015 0.000293267 1.77024e-05 1.71309e-05 2.37457e-05 1.47251e-05 7.45318e-06 7.43516e-06 1.98494e-05 
6.06282e-05 0.00223302 0.000104011 0.00222401 6.94266e-05 0.000184737 0.000113831 8.01388e-05 0.000350126 2.23376e-05 1.11326e-05 2.56375e-05 1.6495e-05 9.89684e-06 5.1983e-06 2.67631e-05 
2.85459e-05 3.75843e-05 9.58741e-05 0.00017782 8.08287e-05 3.56509e-05 4.01114e-05 2.26513e-05 7.92004e-05 8.58933e-05 1.64883e-05 2.25737e-05 3.8291e-05 1.56925e-05 8.44235e-06 5.89127e-06 
