0.811839 0.559289 0.762525 0.7891 0.870701 0.370405 0.34622 0.782398 0.820912 0.822772 0.345912 0.873016 1 0.872432 0.728107 0.62724 
0.588795 0.717391 0.826653 0.42654 0.496561 0.841659 0.47079 0.4294 0.354839 0.829703 0.994759 0.989796 0.987216 0.964324 0.633862 0.380824 
0.930233 0.44664 0.795591 0.945498 0.463549 0.652215 0.635739 0.418762 0.944383 0.818812 1 0.997732 1 1 0.923269 0.922043 
0.903805 0.83004 0.886774 0.840047 0.833563 0.445806 0.891753 0.902321 0.974416 0.80297 0.9413 0.995465 0.495739 0.460541 0.894912 0.903226 
0.837209 0.805336 0.483968 0.475118 0.529574 0.523091 0.379725 0.350097 0.847608 0.39802 0.430818 0.806122 0.319602 0.594595 0.387823 0.557348 
0.965116 0.910079 0.993988 0.994076 0.496561 0.830349 0.783505 0.405222 0.337041 0.925743 1 1 1 1 0.919099 0.333333 
0.501057 0.898221 0.490982 0.812796 0.72077 0.857681 0.783505 0.918762 0.791991 0.942574 1 0.996599 0.566761 1 0.929108 0.907706 
0.698731 0.425889 0.699399 0.586493 0.899587 0.889727 0.72079 0.645068 0.384872 0.414851 0.971698 0.760771 0.919034 0.975135 0.897415 0.736559 
0.762156 0.688735 0.651303 0.736967 0.521321 0.712535 0.451031 0.719536 0.619577 0.749505 0.355346 0.739229 1 0.657297 0.684737 0.709677 
0.832981 0.847826 0.849699 0.485782 0.874828 0.852026 0.53866 0.377176 0.677419 0.862376 1 0.995465 1 1 0.911593 0.862903 
0.801269 0.884387 0.854709 0.549763 1 0.862394 0.833333 0.77176 0.83426 0.871287 1 1 1 1 0.919933 0.870968 
0.921776 0.583004 0.488978 0.835308 0.922971 0.938737 0.438144 0.96325 0.717464 0.643564 0.945493 0.975057 1 0.937297 0.928274 0.905914 
0.815011 0.856719 0.908818 0.700237 0.869326 0.662582 0.63488 0.594778 0.679644 0.759406 1 0.835601 1 0.902703 0.682235 0.859319 
0.808668 0.992095 0.819639 0.507109 0.878955 0.857681 0.93299 0.388781 0.830923 0.905941 1 1 1 1 0.932444 0.864695 
0.976744 0.549407 0.834669 0.57346 0.993122 0.842601 0.79811 0.860735 0.789766 0.99802 1 1 1 1 0.929942 0.878136 
0.845666 0.5583 0.561122 0.864929 0.896836 0.872762 0.841065 0.880077 0.932147 0.869307 0.983229 0.996599 1 0.995676 0.908257 0.871864 
