1 1 1 1 0.551895 1 1 1 1 1 1 1 1 1 1 1 
0.771863 0.820025 0.972117 0.48289 0.491762 0.756654 0.864385 0.795944 0.823828 1 0.792142 1 0.697085 0.770596 0.484157 0.770596 
1 0.831243 0.838084 0.872292 0.436716 0.935006 0.876853 0.490308 0.435576 0.449259 1 1 0.379704 1 1 1 
1 1 0.963351 0.926702 0.994764 0.587696 0.874346 0.890052 0.969895 0.527487 1 1 1 0.51178 1 1 
1 0.853801 0.842105 0.5 0.467836 0.467836 0.612573 0.437135 1 1 0.926901 0.454678 1 0.921053 0.926901 1 
0.980963 0.961926 0.976484 0.446809 0.343785 0.976484 0.931691 0.984322 0.912654 1 0.93617 0.49832 0.342665 1 0.986562 0.464726 
0.992048 0.930417 0.5 0.473161 0.441352 0.870775 0.811133 0.889662 0.414513 1 1 0.994036 0.50497 1 1 0.935388 
0.44598 0.464824 0.442211 0.569095 0.478643 0.810301 0.805276 0.795226 0.453518 0.64196 1 1 0.427136 1 1 1 
1 1 1 0.596831 0.559859 1 0.977113 1 1 1 1 0.521127 0.931338 0.929577 1 1 
0.97561 0.949936 0.955071 0.577664 0.333761 0.908858 0.907574 0.893453 0.336329 1 1 0.998716 0.967908 1 1 1 
1 0.915138 0.879587 0.537844 0.37156 0.884174 0.883027 0.934633 0.360092 1 1 0.981651 1 1 1 1 
0.996226 0.90566 0.812579 0.871698 0.973585 0.994969 1 0.998742 0.932076 1 1 1 0.901887 1 1 1 
1 1 1 0.985915 0.998592 0.9 0.928169 1 1 1 1 1 1 1 1 1 
0.98218 0.963312 0.947589 0.57652 0.418239 0.873166 0.884696 0.927673 0.686583 1 1 1 0.98218 1 1 1 
0.978723 0.507599 0.914894 0.522796 0.549139 0.871327 0.904762 0.951368 0.379939 1 1 1 1 1 1 1 
1 1 0.934871 0.858887 1 1 0.989145 1 0.963365 0.955224 1 1 1 1 1 1 
