6.46298e-06 1.8199e-05 2.47273e-05 3.20698e-05 0.0032849 2.28429e-05 5.21641e-05 2.20143e-05 1.36385e-05 1.64791e-05 3.16377e-05 2.04799e-05 1.0136e-05 1.56028e-05 2.15102e-05 1.0895e-05 
0.000335998 0.00027435 6.26812e-05 0.00300807 0.0034718 0.000404812 0.000208453 0.000285123 0.000283788 3.87806e-05 0.000252472 4.38172e-05 0.000566995 0.000275658 0.00315198 0.00034049 
5.87088e-05 0.000231978 0.000195005 0.000159601 0.00406946 9.06567e-05 0.000164842 0.00338737 0.00411423 0.00394974 4.86261e-05 3.50467e-05 0.00509887 5.10764e-05 3.24944e-05 3.7867e-05 
4.41819e-05 5.11728e-05 7.22201e-05 9.67639e-05 6.49352e-05 0.00207006 0.000173539 0.00013253 8.57678e-05 0.00267066 4.37833e-05 4.23296e-05 7.47548e-05 0.0032334 4.65016e-05 4.25497e-05 
4.28629e-05 0.000228575 0.000218354 0.00296799 0.00347519 0.00354981 0.00181893 0.00403982 3.76102e-05 5.11834e-05 0.000150387 0.00376646 4.53655e-05 0.000142954 0.000134229 4.89855e-05 
8.95891e-05 7.77182e-05 7.44185e-05 0.003974 0.00546089 5.85284e-05 0.000100812 6.66027e-05 0.000140442 3.97435e-05 9.01188e-05 0.00308091 0.0060013 3.19421e-05 7.67429e-05 0.00323075 
9.25113e-05 0.000111416 0.0032626 0.00326746 0.0037856 0.000163543 0.000293085 0.000158228 0.00439407 4.84461e-05 2.69974e-05 5.96965e-05 0.00320586 3.60169e-05 2.40852e-05 9.01263e-05 
0.00401982 0.00349997 0.00412521 0.000639676 0.00412646 0.000302893 0.000313204 0.000322881 0.00454893 0.000605971 2.62077e-05 2.87591e-05 0.00469594 3.88446e-05 2.72421e-05 3.70742e-05 
1.30213e-05 2.31752e-05 2.30356e-05 0.0028003 0.00331635 2.25855e-05 5.43955e-05 1.20066e-05 7.11463e-06 1.33185e-05 4.80869e-05 0.00394732 9.43065e-05 9.96611e-05 2.13606e-05 2.97503e-05 
6.77893e-05 7.04421e-05 6.43019e-05 0.00249856 0.0061671 0.00010292 9.4193e-05 0.000147959 0.00571652 7.92845e-06 7.99316e-06 2.35812e-05 7.91104e-05 1.34708e-05 1.68736e-05 5.3942e-05 
5.12489e-05 0.000121831 0.000174439 0.00296956 0.00534267 0.000167527 0.000179992 9.57786e-05 0.00328988 1.28873e-05 5.66025e-06 5.57552e-05 4.48722e-05 1.3407e-05 1.00484e-05 2.60703e-05 
4.50729e-05 0.000124599 0.000330725 0.00016648 8.8985e-05 3.41819e-05 3.17076e-05 2.92108e-05 0.000109424 4.99766e-05 2.19797e-05 1.02821e-05 0.000126317 2.46114e-05 1.51644e-05 1.54849e-05 
1.34811e-05 1.91717e-05 2.9162e-05 6.10708e-05 3.73788e-05 0.000113082 9.31451e-05 2.20043e-05 1.82582e-05 1.75402e-05 2.88338e-05 1.42239e-05 5.71656e-06 1.04927e-05 1.95509e-05 1.40202e-05 
5.65179e-05 6.36689e-05 6.92715e-05 0.00238517 0.00409876 0.000155547 0.000135726 0.000102015 0.000498159 1.77024e-05 2.36062e-05 2.37457e-05 5.99222e-05 7.45318e-06 7.43516e-06 1.98494e-05 
6.06282e-05 0.00326483 0.000104011 0.00298169 0.00250113 0.000184737 0.000113831 8.01388e-05 0.00501585 2.23376e-05 1.1603e-05 2.56375e-05 4.64788e-05 1.24216e-05 5.1983e-06 2.67631e-05 
2.85459e-05 3.75843e-05 9.58741e-05 0.000191505 8.08287e-05 3.56509e-05 4.01114e-05 2.26513e-05 7.92004e-05 8.58933e-05 1.64883e-05 2.25737e-05 4.31399e-05 1.56925e-05 8.44235e-06 5.89127e-06 
