0.000304056 0.00137976 0.000462256 0.000296223 0.00016671 0.00466008 0.00604398 0.000310589 0.000268781 0.00035633 0.00550431 0.000182005 1.93225e-05 0.000165547 0.00064754 0.00103969 
0.00117345 0.000539165 0.000242797 0.00397353 0.00348168 0.000230477 0.0030344 0.00364047 0.00552641 0.000320149 7.77336e-05 7.14845e-05 7.14495e-05 9.14153e-05 0.0006339 0.00268005 
0.000123468 0.00361532 0.000298501 9.34861e-05 0.00420819 0.000956509 0.0010218 0.00181865 0.000126553 0.000394934 4.32943e-05 4.84521e-05 4.52925e-05 4.95692e-05 0.000160566 0.000126553 
0.000147314 0.000318842 0.000208527 0.000224682 0.000245299 0.00377223 0.000163526 0.000151028 9.06337e-05 0.000438992 0.000134516 6.31654e-05 0.00360087 0.00380402 0.0002285 0.000163283 
0.000255467 0.000272133 0.00110202 0.0030372 0.00282707 0.000919857 0.00411604 0.00475376 0.000227807 0.00328602 0.00348112 0.000361633 0.00784128 0.000709893 0.0043096 0.000964175 
0.000102689 0.00012521 7.44021e-05 7.39941e-05 0.00338422 0.000242596 0.000330032 0.00403474 0.00612329 0.000117202 3.69107e-05 5.95768e-05 5.11398e-05 2.87631e-05 0.000173447 0.00466996 
0.00124317 0.000156498 0.00316375 0.000362044 0.000538615 0.000175013 0.000349868 0.000123728 0.000302687 9.57601e-05 2.89785e-05 5.96837e-05 0.00256029 2.59683e-05 0.00011738 0.000150818 
0.000683702 0.00413533 0.000440125 0.000507433 0.000147881 0.000159633 0.000487469 0.000754595 0.00408642 0.00414507 6.87763e-05 0.000262316 0.000129833 9.12377e-05 0.000170205 0.000270195 
0.000434998 0.000597673 0.000685544 0.000381392 0.00283331 0.000485104 0.00368404 0.00049293 0.00102408 0.00032313 0.00531939 0.000447551 3.19041e-05 0.000712084 0.000612889 0.000539172 
0.000248454 0.000245791 0.000195716 0.00318613 0.000160116 0.000242816 0.00176497 0.00520167 0.000738053 0.000210849 1.59383e-05 4.79747e-05 2.33928e-05 3.03147e-05 0.000175966 0.000259039 
0.000337736 0.000152529 0.000173136 0.00255489 4.93101e-05 0.000211827 0.000234882 0.000421579 0.000272452 0.000203869 1.02667e-05 2.48695e-05 2.15333e-05 2.0517e-05 0.000128574 0.000210314 
0.000115716 0.00094759 0.00329668 0.000265305 0.000105325 9.48323e-05 0.00370715 9.16791e-05 0.000386819 0.000574542 0.000104387 4.22907e-05 1.79423e-05 0.00010033 0.000118397 0.000127978 
0.000275773 0.000185648 0.000141533 0.000507007 0.000151204 0.000892236 0.000935214 0.00129151 0.000747405 0.000347541 4.87186e-05 0.000236195 5.46948e-06 0.000113219 0.000812328 0.000205541 
0.000340453 6.49684e-05 0.000246006 0.00313605 0.000132043 0.000213373 0.000125769 0.00443281 0.000293267 0.000122043 1.71309e-05 2.95746e-05 1.47251e-05 9.08214e-06 9.74534e-05 0.000235841 
6.23418e-05 0.00223302 0.000194217 0.00222401 6.94266e-05 0.000279294 0.000338334 0.000183099 0.000350126 4.30868e-05 1.11326e-05 4.36754e-05 1.6495e-05 9.89684e-06 9.02704e-05 0.000196243 
0.000225866 0.00113564 0.00105603 0.00017782 0.000126025 0.000171353 0.000222122 0.000169079 0.000110454 0.00021315 5.39951e-05 4.01835e-05 3.8291e-05 4.57879e-05 0.00015262 0.000205506 
