0.42345 0.40796 0.435216 0.425121 0.435216 0.42317 0.430077 0.42289 
0.39874 0.382587 0.411011 0.400483 0.411011 0.398449 0.405651 0.398157 
0.407461 0.391542 0.419554 0.409179 0.419554 0.407174 0.414272 0.406887 
0.467054 0.452736 0.477931 0.468599 0.477931 0.466796 0.47318 0.466537 
0.556202 0.544279 0.565259 0.557488 0.565259 0.555986 0.561303 0.555771 
0.422481 0.406965 0.434267 0.424155 0.434267 0.422201 0.429119 0.42192 
0.359012 0.341791 0.372093 0.36087 0.372093 0.358701 0.366379 0.35839 
0.381783 0.365174 0.3944 0.383575 0.3944 0.381483 0.388889 0.381183 
0.435078 0.4199 0.446607 0.436715 0.446607 0.434804 0.441571 0.43453 
0.346899 0.329353 0.360228 0.348792 0.360228 0.346583 0.354406 0.346266 
0.445252 0.430348 0.456573 0.44686 0.456573 0.444983 0.451628 0.444714 
0.548934 0.536816 0.55814 0.550242 0.55814 0.548715 0.554119 0.548497 
0.571705 0.560199 0.580446 0.572947 0.580446 0.571498 0.576628 0.57129 
0.440891 0.425871 0.452302 0.442512 0.452302 0.44062 0.447318 0.440349 
0.343992 0.326368 0.35738 0.345894 0.35738 0.343674 0.351533 0.343356 
0.31686 0.298507 0.330802 0.318841 0.330802 0.316529 0.324713 0.316198 
