0.189638 0.0666059 0.0767148 0.0417515 0.217009 0.143216 0.18745 0.0128713 0.204301 0.0400782 0.0882353 0.152027 0.215054 0.0257143 0.131579 0.0199401 
0.189638 0.0666059 0.0767148 0.0417515 0.217009 0.143216 0.18745 0.0128713 0.204301 0.0417515 0.0882353 0.131965 0.215054 0.0257143 0.131579 0.0199401 
0.189638 0.0666059 0.0767148 0.0417515 0.217009 0.143216 0.18745 0.0128713 0.204301 0.0417515 0.0882353 0.152027 0.215054 0.0257143 0.131579 0.0199401 
0.189638 0.0666059 0.0767148 0.0417515 0.217009 0.143216 0.18745 0.0127077 0.204301 0.0417515 0.0882353 0.152027 0.215054 0.0257143 0.131579 0.0199401 
0.189638 0.0666059 0.0767148 0.0417515 0.217009 0.143216 0.18745 0.0128713 0.256757 0.0400782 0.0882353 0.131965 0.215054 0.0257143 0.131579 0.0199401 
0.189638 0.0666059 0.0767148 0.0417515 0.217009 0.143216 0.18745 0.0127077 0.204301 0.0400782 0.0882353 0.152027 0.215054 0.0257143 0.131579 0.0199401 
0.189638 0.0666059 0.0767148 0.0417515 0.217009 0.143216 0.18745 0.0128713 0.204301 0.0400782 0.0882353 0.152027 0.215054 0.0257143 0.131579 0.0199401 
0.189638 0.0666059 0.0767148 0.0417515 0.217009 0.143216 0.18745 0.0127077 0.204301 0.0417515 0.0882353 0.152027 0.215054 0.0257143 0.131579 0.0199401 
0.189638 0.0666059 0.0767148 0.0417515 0.217009 0.143216 0.18745 0.0128713 0.204301 0.0400782 0.0882353 0.131965 0.215054 0.0257143 0.131579 0.0199401 
0.189638 0.0666059 0.0767148 0.0417515 0.217009 0.143216 0.18745 0.0128713 0.256757 0.0417515 0.0882353 0.152027 0.215054 0.0257143 0.131579 0.0199401 
0.189638 0.0666059 0.0767148 0.0400782 0.217009 0.143216 0.18745 0.0128713 0.204301 0.0400782 0.0882353 0.152027 0.215054 0.0257143 0.131579 0.0199401 
0.189638 0.0666059 0.0767148 0.0417515 0.217009 0.143216 0.18745 0.0127077 0.204301 0.0417515 0.0882353 0.152027 0.215054 0.0257143 0.131579 0.0199401 
0.189638 0.0666059 0.0767148 0.0417515 0.217009 0.143216 0.18745 0.0127077 0.204301 0.0417515 0.0882353 0.152027 0.215054 0.0257143 0.131579 0.0199401 
0.189638 0.0666059 0.0767148 0.0417515 0.277154 0.143216 0.18745 0.0127077 0.204301 0.0417515 0.0882353 0.152027 0.215054 0.0257143 0.131579 0.0199401 
0.189638 0.0666059 0.083089 0.0417515 0.217009 0.143216 0.18745 0.0128713 0.204301 0.0417515 0.0882353 0.152027 0.215054 0.0257143 0.131579 0.0199401 
0.189638 0.0666059 0.0767148 0.0417515 0.217009 0.143216 0.18745 0.0127077 0.256757 0.0400782 0.0882353 0.152027 0.215054 0.0257143 0.131579 0.0199401 
