0.622093 0.61194 0.629805 0.623188 0.629805 0.62191 0.626437 0.621727 
0.523256 0.510448 0.532985 0.524638 0.532985 0.523025 0.528736 0.522793 
0.478682 0.464677 0.489321 0.480193 0.489321 0.478429 0.484674 0.478177 
0.547481 0.535323 0.556716 0.548792 0.556716 0.547261 0.552682 0.547042 
0.599806 0.589055 0.607973 0.600966 0.607973 0.599612 0.604406 0.599418 
0.480136 0.466169 0.490745 0.481642 0.490745 0.479884 0.486111 0.479631 
0.416667 0.400995 0.428571 0.418357 0.428571 0.416384 0.423372 0.416101 
0.521802 0.508955 0.531561 0.523188 0.531561 0.521571 0.527299 0.521338 
0.63469 0.624876 0.642145 0.635749 0.642145 0.634513 0.638889 0.634336 
0.515988 0.502985 0.525866 0.517391 0.525866 0.515754 0.521552 0.515519 
0.473353 0.459204 0.484101 0.474879 0.484101 0.473097 0.479406 0.472842 
0.514535 0.501493 0.524442 0.515942 0.524442 0.5143 0.520115 0.514064 
0.572674 0.561194 0.581395 0.573913 0.581395 0.572467 0.577586 0.57226 
0.450581 0.435821 0.461794 0.452174 0.461794 0.450315 0.456897 0.450049 
0.434593 0.419403 0.446132 0.436232 0.446132 0.434319 0.441092 0.434045 
0.560562 0.548756 0.56953 0.561836 0.56953 0.560349 0.565613 0.560136 
