0.140336 0.175665 0.163532 0.07 0.116812 0.141779 0.226757 0.198276 0.122642 0.241098 0.10655 0.0988184 0.15724 0.113518 0.244461 0.274468 
0.140336 0.175665 0.163532 0.07 0.116812 0.141779 0.226757 0.198276 0.122642 0.241098 0.10655 0.0988184 0.15724 0.113518 0.244461 0.274468 
0.140336 0.175665 0.163532 0.07 0.116812 0.141779 0.226757 0.198276 0.122642 0.241098 0.10655 0.0988184 0.15724 0.113518 0.244461 0.274468 
0.140336 0.175665 0.163532 0.07 0.116812 0.141779 0.226757 0.198276 0.122642 0.241098 0.10655 0.0988184 0.15724 0.113518 0.244461 0.274468 
0.140336 0.175665 0.163532 0.07 0.116812 0.141779 0.226757 0.198276 0.122642 0.241098 0.10655 0.0988184 0.15724 0.113518 0.244461 0.274468 
0.140336 0.175665 0.163532 0.07 0.116812 0.141779 0.226757 0.198276 0.122642 0.241098 0.10655 0.0988184 0.15724 0.113518 0.244461 0.274468 
0.140336 0.175665 0.163532 0.07 0.116812 0.141779 0.226757 0.198276 0.122642 0.241098 0.10655 0.0988184 0.15724 0.113518 0.244461 0.274468 
0.140336 0.175665 0.163532 0.07 0.116812 0.141779 0.226757 0.198276 0.122642 0.241098 0.10655 0.0988184 0.15724 0.113518 0.244461 0.274468 
0.140336 0.175665 0.163532 0.07 0.116812 0.141779 0.226757 0.198276 0.122642 0.241098 0.10655 0.0988184 0.15724 0.113518 0.244461 0.274468 
0.140336 0.175665 0.163532 0.07 0.116812 0.141779 0.226757 0.198276 0.122642 0.241098 0.10655 0.0988184 0.15724 0.113518 0.244461 0.274468 
0.140336 0.175665 0.163532 0.07 0.116812 0.141779 0.226757 0.198276 0.122642 0.241098 0.10655 0.0988184 0.15724 0.113518 0.244461 0.274468 
0.140336 0.175665 0.163532 0.07 0.116812 0.141779 0.226757 0.198276 0.122642 0.241098 0.10655 0.0988184 0.15724 0.113518 0.244461 0.274468 
0.140336 0.175665 0.163532 0.07 0.116812 0.141779 0.226757 0.198276 0.122642 0.241098 0.10655 0.0988184 0.15724 0.113518 0.244461 0.274468 
0.140336 0.175665 0.163532 0.07 0.116812 0.141779 0.226757 0.198276 0.122642 0.241098 0.10655 0.0988184 0.15724 0.113518 0.244461 0.274468 
0.140336 0.175665 0.163532 0.07 0.116812 0.141779 0.226757 0.198276 0.122642 0.241098 0.10655 0.0988184 0.15724 0.113518 0.244461 0.274468 
0.140336 0.175665 0.163532 0.07 0.116812 0.141779 0.226757 0.198276 0.122642 0.241098 0.10655 0.0988184 0.15724 0.113518 0.244461 0.274468 
