0.266372 0.322159 0.32711 0.247048 0.127368 0.37434 0.398403 0.322159 0.219397 0.322712 0.293265 0.231696 0.0536529 0.250452 0.397529 0.361817 
0.0300885 0.103843 0.11039 0.00454134 0.153684 0.17283 0.204644 0.103843 0.0320151 0.104575 0.0656437 0.0157553 0.251142 0.00904161 0.203488 0.156274 
0.019469 0.0940311 0.100649 0.00635791 0.166316 0.163774 0.195936 0.0940311 0.0433145 0.0947713 0.0554135 0.0268767 0.26484 0.00180829 0.194767 0.147036 
0.130973 0.197056 0.202922 0.108084 0.0336843 0.258868 0.287373 0.197056 0.0753295 0.197712 0.16283 0.089898 0.121005 0.112116 0.286337 0.244034 
0.29115 0.345053 0.349838 0.27248 0.156842 0.395472 0.418723 0.345053 0.245763 0.345588 0.317136 0.257646 0.0856164 0.275769 0.417878 0.383372 
0.0566372 0.0237122 0.0308442 0.0844687 0.256842 0.098868 0.133527 0.0237122 0.124294 0.0245098 0.0179029 0.10658 0.363014 0.079566 0.132267 0.0808314 
0.114159 0.0294359 0.0219156 0.143506 0.325263 0.0498113 0.0863571 0.0294359 0.185499 0.0285947 0.0733163 0.166821 0.437215 0.138336 0.0850291 0.0307929 
0.106195 0.174162 0.180195 0.0826522 0.0631579 0.237736 0.267054 0.174162 0.0489642 0.174837 0.13896 0.0639481 0.152968 0.0867993 0.265988 0.222479 
0.279646 0.334424 0.339286 0.260672 0.143158 0.38566 0.409289 0.334424 0.233522 0.334967 0.306053 0.245598 0.0707763 0.264014 0.40843 0.373364 
0.130973 0.197056 0.202922 0.108084 0.0336843 0.258868 0.287373 0.197056 0.0753295 0.197712 0.16283 0.089898 0.121005 0.112116 0.286337 0.244034 
0.00707966 0.0825838 0.0892857 0.0190736 0.181053 0.153208 0.185776 0.0825838 0.0564972 0.0833333 0.0434783 0.0398517 0.280822 0.0144665 0.184593 0.136259 
0.214159 0.273917 0.279221 0.19346 0.0652632 0.329811 0.355588 0.273917 0.163842 0.27451 0.242967 0.177016 0.0136986 0.197107 0.354651 0.316397 
0.289381 0.343418 0.348214 0.270663 0.154737 0.393962 0.417271 0.343418 0.243879 0.343954 0.315431 0.255792 0.0833333 0.27396 0.416424 0.381832 
0.0707965 0.141455 0.147727 0.0463215 0.105263 0.207547 0.238026 0.141455 0.0112994 0.142157 0.104859 0.0268767 0.19863 0.0506329 0.236919 0.191686 
0.0424778 0.0367948 0.0438312 0.0699364 0.24 0.110943 0.145138 0.0367948 0.109228 0.0375817 0.00426257 0.0917516 0.344749 0.0650995 0.143895 0.0931486 
0.112389 0.179886 0.185877 0.08901 0.0557895 0.243019 0.272134 0.179886 0.0555556 0.180556 0.144928 0.0704356 0.144977 0.0931284 0.271076 0.227868 
