0.303361 0.0857664 0.0689076 0.211813 0.326891 0.00335008 0.0579832 0.15126 0.315966 0.17479 0.0571429 0.253781 0.32521 0.117647 0.010084 0.157143 
0.33199 0.132299 0.107172 0.208703 0.354553 0.0393635 0.0142971 0.18614 0.344077 0.208703 0.0958904 0.284448 0.352941 0.153908 0.0507655 0.191781 
0.322159 0.115876 0.0940311 0.245417 0.345053 0.0242881 0.0285941 0.174162 0.334424 0.197056 0.0825838 0.377252 0.343418 0.141455 0.0367948 0.179886 
0.246364 0.00364959 0.00722021 0.107273 0.271818 0.0787269 0.126291 0.0818182 0.26 0.120163 0.02 0.238739 0.27 0.0454546 0.0662139 0.0967098 
0.0949782 0.164234 0.173285 0.0672098 0.143571 0.232831 0.272438 0.0930693 0.111354 0.0672098 0.183601 0.0315316 0.123362 0.127619 0.222411 0.0867398 
0.30453 0.0805369 0.0704698 0.176175 0.32802 0.00167507 0.0532168 0.152685 0.317114 0.213849 0.0587248 0.255034 0.326342 0.119128 0.011745 0.158557 
0.373394 0.207117 0.162509 0.257748 0.394558 0.0975057 0.0483749 0.236584 0.384732 0.257748 0.151927 0.328798 0.393046 0.26 0.109599 0.241875 
0.350313 0.164234 0.131661 0.230408 0.372257 0.0642633 0.0133229 0.208464 0.362069 0.230408 0.12069 0.304075 0.37069 0.215238 0.0831919 0.21395 
0.289022 0.0638686 0.0523466 0.157804 0.313036 0.0240138 0.0738682 0.154455 0.301887 0.157804 0.0392157 0.313063 0.311321 0.0994854 0.0101867 0.139794 
0.385015 0.186944 0.178042 0.271513 0.405786 0.114243 0.0660238 0.250742 0.396142 0.271513 0.167656 0.341246 0.404303 0.221068 0.126113 0.255935 
0.275983 0.0427948 0.0323144 0.142358 0.300437 0.0410385 0.090548 0.117904 0.289083 0.142358 0.0200874 0.224454 0.29869 0.0829694 0.0280136 0.124017 
0.10956 0.150547 0.159747 0.0519348 0.139635 0.282492 0.260524 0.0782178 0.125671 0.0519348 0.170232 0.0484234 0.137487 0.113333 0.209677 0.0717847 
0.0622172 0.193431 0.202166 0.0997964 0.103621 0.259632 0.297855 0.124752 0.0791855 0.0997964 0.212121 0.0045045 0.091629 0.158095 0.249576 0.118644 
0.281629 0.0502599 0.0398614 0.149047 0.305893 0.0335009 0.0833995 0.124783 0.294627 0.149047 0.0277296 0.230503 0.304159 0.0901213 0.0207973 0.130849 
0.38774 0.190547 0.181684 0.274742 0.408419 0.118168 0.0701625 0.254062 0.398818 0.274742 0.171344 0.344165 0.406942 0.22452 0.129985 0.259232 
0.412057 0.222695 0.214184 0.303546 0.431915 0.153192 0.107092 0.283688 0.422695 0.303546 0.204255 0.370213 0.430496 0.255319 0.164539 0.288652 
