0.0504202 0.089444 0.0823009 0.0265487 0.189381 0.0548673 0.145881 0.129204 0.0318584 0.161721 0.0132743 0.176106 0.217699 0.0207973 0.19823 0.198582 
0.0269828 0.0145044 0 0.100572 0.251022 0.0253475 0.0817661 0.043336 0.0466067 0.09273 0.0637776 0.238757 0.277187 0.0564187 0.107114 0.132624 
0.0340909 0.00730515 0.0073052 0.107143 0.256494 0.0335571 0.068783 0.0344828 0.0535714 0.0860534 0.0706169 0.244318 0.282468 0.0633117 0.099026 0.126241 
0.0808356 0.112812 0.0997547 0.000908256 0.201965 0.0763423 0.201635 0.158946 0.0590372 0.183234 0.0384279 0.154405 0.197094 0.048138 0.186854 0.219149 
0.201681 0.234488 0.223222 0.136364 0.037118 0.20302 0.281935 0.255486 0.227368 0.295252 0.170306 0.0204082 0.0694737 0.176776 0.298375 0.326241 
0.101887 0.0633962 0.0769811 0.169811 0.308679 0.100377 0.00150943 0.0369811 0.12 0.0170623 0.157205 0.297359 0.33283 0.129057 0.021418 0.0602837 
0.13643 0.0994195 0.112482 0.201742 0.335268 0.15604 0.0399129 0.0740203 0.153846 0.0222552 0.169086 0.324383 0.358491 0.162554 0.0174165 0.0226951 
0.0269828 0.0145044 0 0.100572 0.251022 0.0260067 0.0755858 0.041536 0.0466067 0.09273 0.0681223 0.238757 0.277187 0.059792 0.0967504 0.132624 
0.107563 0.144239 0.151601 0.0345455 0.137476 0.10906 0.197279 0.167712 0.0891938 0.212166 0.0781544 0.123352 0.167608 0.0797227 0.215657 0.246809 
0.0277778 0.0138888 0.000817001 0.101307 0.251634 0.0268457 0.0748299 0.0407524 0.0473856 0.0919881 0.0645425 0.239379 0.277778 0.0571895 0.106209 0.131915 
0.0142857 0.0547945 0.0426258 0.0622336 0.219096 0.0159396 0.113379 0.080721 0.00600338 0.129822 0.0244541 0.206309 0.246377 0.0164645 0.133678 0.168085 
0.102873 0.150139 0.133457 0.0194625 0.151066 0.0947987 0.184429 0.182576 0.0806302 0.199555 0.0576419 0.137164 0.180723 0.0649914 0.203102 0.234752 
0.263866 0.294118 0.283729 0.203636 0.0436682 0.265101 0.337868 0.31348 0.248714 0.350148 0.234935 0.0590762 0.00913239 0.240901 0.353028 0.378723 
0.0759493 0.108783 0.0956664 0.00545454 0.17179 0.0721477 0.196203 0.133229 0.0542495 0.179525 0.0340611 0.158228 0.200723 0.0415944 0.183161 0.215603 
0.135174 0.0981104 0.111192 0.200581 0.334302 0.133721 0.0385174 0.0726744 0.152616 0.0203488 0.167878 0.323401 0.357558 0.161337 0.0159883 0.0241135 
0.0915966 0.0467365 0.0585065 0.153195 0.294842 0.0823711 0.0181406 0.0177059 0.102386 0.0363501 0.118553 0.283295 0.319477 0.111624 0.0423403 0.0787234 
