0.00347626 0.19141 0.259196 0.0979167 0.0433735 0.285479 0.340442 0.20696 0.0383693 0.227475 0.267963 0.155122 0.00574052 0.226095 0.304418 0.170498 
0.249131 0.00653601 0.0778443 0.122917 0.298795 0.110561 0.178979 0.0128205 0.292566 0.0383586 0.0887574 0.0517073 0.237658 0.0366399 0.134137 0.032567 
0.432213 0.154062 0.0573139 0.2875 0.489157 0.019802 0.0586444 0.131868 0.482014 0.102587 0.0448014 0.205854 0.419059 0.104558 0.00722891 0.183908 
0.260718 0.0158731 0.06929 0.133333 0.310843 0.10231 0.171363 0.003663 0.304556 0.029438 0.0803043 0.0614634 0.249139 0.0277033 0.126104 0.0421456 
0.00811124 0.187675 0.255774 0.09375 0.0481927 0.282178 0.337395 0.203297 0.0431654 0.223907 0.264582 0.151219 0.0011481 0.22252 0.301205 0.166667 
0.224797 0.0130719 0.0958084 0.101042 0.273494 0.127888 0.194973 0.0320513 0.267386 0.0570919 0.106509 0.0312195 0.213548 0.0554066 0.151004 0.0124521 
0.502897 0.211018 0.109495 0.351042 0.562651 0.070132 0.0121858 0.187729 0.555156 0.157003 0.0963652 0.265366 0.489093 0.159071 0.0417671 0.242337 
0.334878 0.0756303 0.0145423 0.2 0.387952 0.0495049 0.12262 0.0549451 0.381295 0.0276539 0.0262046 0.123902 0.322618 0.0294906 0.0746988 0.103448 
0.0127462 0.18394 0.252352 0.0895833 0.053012 0.278878 0.334349 0.199634 0.0479616 0.220339 0.2612 0.147317 0.00344431 0.218946 0.297992 0.162835 
0.39861 0.126984 0.0325065 0.257292 0.454217 0.00412542 0.0807312 0.105311 0.447242 0.0767173 0.0202874 0.177561 0.385764 0.0786417 0.0305221 0.15613 
0.450753 0.169001 0.0710008 0.304167 0.508434 0.0330033 0.0464585 0.14652 0.501199 0.11686 0.0583262 0.221463 0.437428 0.118856 0.00562251 0.199234 
0.219003 0.0177404 0.100086 0.0958333 0.26747 0.132013 0.198781 0.03663 0.261391 0.0615522 0.110735 0.0263414 0.207807 0.0598749 0.15502 0.00766289 
0.0614136 0.144725 0.216424 0.0458333 0.103614 0.244224 0.302361 0.161172 0.0983213 0.182872 0.225697 0.106341 0.0516647 0.181412 0.264257 0.122605 
0.302433 0.0494865 0.0384945 0.170833 0.354217 0.0726073 0.143945 0.029304 0.347722 0.00267613 0.0498732 0.0965854 0.290471 0.00446832 0.0971888 0.0766283 
0.466976 0.182073 0.0829769 0.31875 0.525301 0.0445545 0.0357959 0.159341 0.517986 0.129349 0.0701606 0.235122 0.453502 0.131367 0.0168675 0.212644 
0.180765 0.0485528 0.128315 0.0614583 0.227711 0.159241 0.223915 0.0668498 0.221823 0.0909902 0.138631 0.00585365 0.16992 0.0893655 0.181526 0.0239463 
