0.272269 0.0941176 0.0386555 0.0857143 0.268908 0.111765 0.0824981 0.0319328 0.265546 0.0142857 0.0521009 0.115966 0.230252 0.0554622 0.0600316 0.143698 
0.302176 0.131346 0.00404525 0.123288 0.298952 0.148268 0.0431765 0.0717164 0.295729 0.028169 0.00878596 0.152297 0.261886 0.0942788 0.0197473 0.178888 
0.291905 0.134508 0.0105178 0.110384 0.288634 0.135732 0.0605069 0.0616319 0.285364 0.0130826 0.0237122 0.162547 0.251022 0.0809485 0.0339652 0.200196 
0.212727 0.02 0.110032 0.0110294 0.209091 0.0390909 0.151889 0.0451389 0.205455 0.0886496 0.121406 0.0456274 0.167273 0.0218182 0.131122 0.0736364 
0.0577368 0.150278 0.2589 0.158088 0.0502183 0.133396 0.293755 0.204861 0.0480549 0.241094 0.268371 0.129278 0 0.185053 0.276461 0.112445 
0.27349 0.0956376 0.0355987 0.0872483 0.270134 0.12772 0.080956 0.0335571 0.266779 0.0125839 0.0503355 0.11745 0.231544 0.057047 0.0584518 0.145134 
0.345427 0.227273 0.0657597 0.177627 0.342404 0.251656 0.0196523 0.129252 0.33938 0.0876795 0.0536659 0.204838 0.307634 0.177046 0.0450237 0.229781 
0.321317 0.155172 0.0323625 0.147335 0.318182 0.17163 0.0161912 0.0971787 0.315047 0.0571666 0.0188088 0.175549 0.282132 0.119122 0.00789893 0.201411 
0.25729 0.0816326 0.0566343 0.0716912 0.253859 0.093482 0.101002 0.0121528 0.250429 0.0339685 0.0686901 0.108365 0.214408 0.0373665 0.078989 0.144259 
0.357567 0.200297 0.0830861 0.192878 0.354599 0.215875 0.0378338 0.145401 0.351632 0.104599 0.0712166 0.219585 0.320475 0.166172 0.0608308 0.244065 
0.243668 0.0585153 0.0736246 0.0497817 0.240175 0.0768559 0.117194 0.0060764 0.236681 0.051367 0.0854633 0.0812227 0.2 0.0183406 0.0955766 0.110044 
0.0698174 0.136364 0.246764 0.144301 0.0655209 0.119205 0.28219 0.19184 0.0612245 0.228666 0.25639 0.115019 0.0161117 0.171708 0.264613 0.0863592 
0.0207852 0.179963 0.28479 0.1875 0.0160919 0.163671 0.318427 0.232639 0.0113122 0.267606 0.29393 0.159696 0.0349345 0.213523 0.301738 0.132483 
0.249567 0.0658579 0.0663431 0.0571924 0.246101 0.0840555 0.110254 0.00173312 0.242634 0.0459272 0.0782748 0.0883882 0.206239 0.0259965 0.0884676 0.116984 
0.360414 0.20384 0.0871492 0.196455 0.357459 0.21935 0.0420975 0.149188 0.354505 0.108567 0.0753323 0.223043 0.323486 0.169867 0.0649926 0.247415 
0.385816 0.235461 0.123404 0.228369 0.382979 0.250355 0.0801418 0.182979 0.380142 0.143972 0.112057 0.253901 0.350355 0.202837 0.102128 0.277305 
