0.598353 0.587562 0.60655 0.599517 0.60655 0.598158 0.602969 0.597963 
0.468992 0.454726 0.479829 0.470531 0.479829 0.468735 0.475096 0.468477 
0.463178 0.448756 0.474134 0.464734 0.474134 0.462918 0.469349 0.462658 
0.524225 0.511443 0.533934 0.525604 0.533934 0.523994 0.529693 0.523763 
0.611919 0.601493 0.619839 0.613043 0.619839 0.61173 0.616379 0.611542 
0.421512 0.40597 0.433318 0.423188 0.433318 0.421231 0.428161 0.420951 
0.390019 0.373632 0.402468 0.391787 0.402468 0.389724 0.397031 0.389428 
0.510659 0.497512 0.520645 0.512077 0.520645 0.510422 0.516284 0.510184 
0.60562 0.595025 0.613669 0.606763 0.613669 0.605429 0.610153 0.605238 
0.524225 0.511443 0.533934 0.525604 0.533934 0.523994 0.529693 0.523763 
0.456395 0.441791 0.467489 0.457971 0.467489 0.456132 0.462644 0.455868 
0.569767 0.558209 0.578548 0.571015 0.578548 0.569559 0.574713 0.56935 
0.61095 0.600497 0.618889 0.612077 0.618889 0.610761 0.615421 0.610572 
0.491279 0.477612 0.501661 0.492754 0.501661 0.491032 0.497126 0.490786 
0.429264 0.41393 0.440911 0.430918 0.440911 0.428987 0.435824 0.42871 
0.51405 0.500995 0.523968 0.515459 0.523968 0.513815 0.519636 0.513579 
