0.525641 0.20935 0.105948 0.27409 0.440678 0.10904 0.0116279 0.205674 0.578249 0.191191 0.0947562 0.187625 0.349206 0.0493827 0.0197086 0.312018 
0.591026 0.261179 0.153346 0.328694 0.502421 0.15657 0.0307308 0.257345 0.645889 0.242242 0.141674 0.238523 0.40703 0.0943563 0.0634104 0.368247 
0.567949 0.242886 0.136617 0.309422 0.48063 0.139795 0.0157807 0.239108 0.622016 0.224224 0.125115 0.220559 0.386621 0.0784832 0.0479863 0.348401 
0.410256 0.117886 0.0223048 0.17773 0.331719 0.0251631 0.0863788 0.114488 0.458886 0.101101 0.0119596 0.0978044 0.247166 0.0299824 0.0574121 0.212789 
0.174359 0.0691057 0.148699 0.019272 0.108959 0.146319 0.239203 0.0719352 0.214854 0.0830831 0.157314 0.0858284 0.0385487 0.19224 0.215081 0.00992286 
0.528205 0.211382 0.107807 0.276231 0.443099 0.110904 0.00996679 0.2077 0.580902 0.193193 0.0965961 0.189621 0.351474 0.0511464 0.0214225 0.314223 
0.696154 0.344512 0.229554 0.416488 0.601695 0.232992 0.0988373 0.340425 0.754642 0.324324 0.217111 0.320359 0.5 0.166667 0.133676 0.458655 
0.635897 0.296748 0.185874 0.366167 0.544794 0.189189 0.0598006 0.292807 0.692308 0.277277 0.173873 0.273453 0.446712 0.12522 0.0934019 0.406836 
0.494872 0.184959 0.0836431 0.248394 0.411622 0.0866729 0.0315614 0.181358 0.546419 0.167167 0.0726771 0.163673 0.321995 0.0282187 0.000856876 0.285557 
0.728205 0.369919 0.252788 0.443255 0.631961 0.256291 0.119601 0.365755 0.787798 0.349349 0.24011 0.345309 0.528345 0.188712 0.155099 0.486218 
0.467949 0.163618 0.0641264 0.22591 0.386199 0.0671016 0.0490033 0.160081 0.518568 0.146146 0.0533578 0.142715 0.298186 0.00970018 0.0188518 0.262403 
0.19359 0.0538618 0.134758 0.00321198 0.127119 0.132339 0.226744 0.0567376 0.234748 0.0680681 0.143514 0.0708583 0.0555556 0.179012 0.202228 0.0264609 
0.133333 0.101626 0.178439 0.0535332 0.070218 0.176142 0.265781 0.104357 0.172414 0.115115 0.186753 0.117764 0.0022676 0.220459 0.242502 0.0253583 
0.479487 0.172764 0.0724907 0.235546 0.397094 0.0754893 0.0415282 0.1692 0.530504 0.155155 0.0616375 0.151697 0.30839 0.0176367 0.0111397 0.272326 
0.735897 0.376016 0.258364 0.449679 0.639225 0.261883 0.124585 0.371834 0.795756 0.355355 0.24563 0.351297 0.535147 0.194004 0.16024 0.492833 
0.807692 0.432927 0.310409 0.509636 0.707022 0.314073 0.171096 0.428571 0.870026 0.411411 0.297148 0.407186 0.598639 0.243386 0.208226 0.554576 
