0.0427251 0.230983 0.329288 0.238051 0.0471264 0.215705 0.360833 0.280382 0.0514874 0.313173 0.337859 0.211977 0.0949782 0.262456 0.345182 0.186457 
0.265589 0.0166976 0.113269 0.00735295 0.25977 0.0368968 0.154973 0.0486111 0.254005 0.0919635 0.124601 0.0418251 0.196507 0.024911 0.134281 0.0755643 
0.279446 0.0278293 0.10356 0.0183823 0.273563 0.0482497 0.145721 0.0381944 0.267735 0.0820215 0.115016 0.053232 0.209607 0.0142349 0.124803 0.0873405 
0.133949 0.0890538 0.205502 0.0974265 0.128736 0.0709555 0.242868 0.147569 0.12357 0.186413 0.215655 0.0665399 0.0720524 0.126335 0.224329 0.0363101 
0.0750577 0.256957 0.351942 0.263787 0.0793104 0.242195 0.382421 0.304688 0.083524 0.336371 0.360224 0.238593 0.125546 0.287367 0.367299 0.213935 
0.378753 0.107607 0.0339806 0.0974264 0.372414 0.129612 0.079414 0.0364584 0.366133 0.0107705 0.0463259 0.134981 0.303493 0.0622776 0.056872 0.171737 
0.453811 0.167904 0.0186085 0.157169 0.447126 0.191107 0.0292984 0.0928819 0.440503 0.043082 0.00559103 0.196768 0.374454 0.120107 0.00552922 0.235525 
0.166282 0.0630798 0.182848 0.0716912 0.16092 0.0444655 0.22128 0.123264 0.155606 0.163215 0.193291 0.039924 0.10262 0.101424 0.202212 0.00883222 
0.0600462 0.244898 0.341424 0.251838 0.0643678 0.229896 0.372398 0.293403 0.0686499 0.325601 0.34984 0.226236 0.111354 0.275801 0.35703 0.201178 
0.133949 0.0890538 0.205502 0.0974265 0.128736 0.0709555 0.242868 0.147569 0.12357 0.186413 0.215655 0.0665399 0.0720524 0.126335 0.224329 0.0363101 
0.295612 0.0408163 0.092233 0.03125 0.289655 0.0614948 0.134927 0.0260417 0.283753 0.0704225 0.103834 0.0665399 0.224891 0.00177938 0.113744 0.101079 
0.0254042 0.176252 0.281553 0.183824 0.0206896 0.159886 0.315343 0.229167 0.0160183 0.264292 0.290735 0.155894 0.0305677 0.209964 0.298578 0.128557 
0.0727482 0.255102 0.350324 0.261949 0.0770115 0.240303 0.380879 0.302951 0.0812357 0.334714 0.358626 0.236692 0.123362 0.285587 0.365719 0.211973 
0.212471 0.025974 0.150485 0.0349265 0.206897 0.00662249 0.190439 0.0885417 0.201373 0.130075 0.161342 0.00190115 0.146288 0.0658363 0.170616 0.030422 
0.360277 0.0927644 0.0469255 0.0827206 0.354023 0.114475 0.0917502 0.0225694 0.347826 0.0240265 0.0591055 0.119772 0.286026 0.0480427 0.0695103 0.156035 
0.158199 0.0695733 0.188511 0.078125 0.152874 0.051088 0.226677 0.12934 0.147597 0.169014 0.198882 0.0465779 0.0949782 0.107651 0.207741 0.0157017 
