0.311538 0.0396341 0.0492565 0.0952891 0.238499 0.0465983 0.150332 0.0364741 0.356764 0.024024 0.0588776 0.0209581 0.159864 0.0978836 0.123393 0.127894 
0.311538 0.0396341 0.0492565 0.0952891 0.238499 0.0465983 0.150332 0.0364741 0.356764 0.024024 0.0588776 0.0209581 0.159864 0.0978836 0.123393 0.127894 
0.311538 0.0396341 0.0492565 0.0952891 0.238499 0.0465983 0.150332 0.0364741 0.356764 0.024024 0.0588776 0.0209581 0.159864 0.0978836 0.123393 0.127894 
0.311538 0.0396341 0.0492565 0.0952891 0.238499 0.0465983 0.150332 0.0364741 0.356764 0.024024 0.0588776 0.0209581 0.159864 0.0978836 0.123393 0.127894 
0.311538 0.0396341 0.0492565 0.0952891 0.238499 0.0465983 0.150332 0.0364741 0.356764 0.024024 0.0588776 0.0209581 0.159864 0.0978836 0.123393 0.127894 
0.311538 0.0396341 0.0492565 0.0952891 0.238499 0.0465983 0.150332 0.0364741 0.356764 0.024024 0.0588776 0.0209581 0.159864 0.0978836 0.123393 0.127894 
0.311538 0.0396341 0.0492565 0.0952891 0.238499 0.0465983 0.150332 0.0364741 0.356764 0.024024 0.0588776 0.0209581 0.159864 0.0978836 0.123393 0.127894 
0.311538 0.0396341 0.0492565 0.0952891 0.238499 0.0465983 0.150332 0.0364741 0.356764 0.024024 0.0588776 0.0209581 0.159864 0.0978836 0.123393 0.127894 
0.311538 0.0396341 0.0492565 0.0952891 0.238499 0.0465983 0.150332 0.0364741 0.356764 0.024024 0.0588776 0.0209581 0.159864 0.0978836 0.123393 0.127894 
0.311538 0.0396341 0.0492565 0.0952891 0.238499 0.0465983 0.150332 0.0364741 0.356764 0.024024 0.0588776 0.0209581 0.159864 0.0978836 0.123393 0.127894 
0.311538 0.0396341 0.0492565 0.0952891 0.238499 0.0465983 0.150332 0.0364741 0.356764 0.024024 0.0588776 0.0209581 0.159864 0.0978836 0.123393 0.127894 
0.311538 0.0396341 0.0492565 0.0952891 0.238499 0.0465983 0.150332 0.0364741 0.356764 0.024024 0.0588776 0.0209581 0.159864 0.0978836 0.123393 0.127894 
0.311538 0.0396341 0.0492565 0.0952891 0.238499 0.0465983 0.150332 0.0364741 0.356764 0.024024 0.0588776 0.0209581 0.159864 0.0978836 0.123393 0.127894 
0.311538 0.0396341 0.0492565 0.0952891 0.238499 0.0465983 0.150332 0.0364741 0.356764 0.024024 0.0588776 0.0209581 0.159864 0.0978836 0.123393 0.127894 
0.311538 0.0396341 0.0492565 0.0952891 0.238499 0.0465983 0.150332 0.0364741 0.356764 0.024024 0.0588776 0.0209581 0.159864 0.0978836 0.123393 0.127894 
0.311538 0.0396341 0.0492565 0.0952891 0.238499 0.0465983 0.150332 0.0364741 0.356764 0.024024 0.0588776 0.0209581 0.159864 0.0978836 0.123393 0.127894 
