0.0961761 0.122967 0.197955 0.0760171 0.0428737 0.195713 0.283223 0.125633 0.126304 0.136136 0.206072 0.138723 0.0220162 0.238977 0.260497 0.0485116 
0.271709 0.0812325 0.00466859 0.127918 0.228758 0.00186396 0.110465 0.0784314 0.295985 0.0672269 0.0149393 0.0644258 0.176471 0.0588236 0.0822622 0.153128 
0.332763 0.158255 0.0795552 0.201026 0.293413 0.0894688 0.0290698 0.155689 0.355004 0.145423 0.0701454 0.142857 0.245509 0.0299401 0.00171375 0.224123 
0.1875 0.0243902 0.107807 0.0270833 0.139583 0.105312 0.202658 0.0273556 0.214583 0.039039 0.116835 0.0419162 0.08125 0.153439 0.177378 0.0552083 
0.060241 0.156504 0.228625 0.111349 0.00484264 0.226468 0.310631 0.159068 0.0915663 0.169169 0.236431 0.171657 0.0589569 0.268078 0.288775 0.0848953 
0.356436 0.188119 0.112211 0.229373 0.318482 0.129543 0.00660068 0.227964 0.377888 0.175743 0.103135 0.173267 0.272277 0.0643564 0.0371287 0.25165 
0.405941 0.250571 0.180503 0.288652 0.370906 0.223672 0.0905316 0.248286 0.425743 0.239147 0.172125 0.236862 0.328256 0.136329 0.111196 0.309216 
0.285714 0.0989011 0.0148699 0.144689 0.24359 0.0177073 0.0930232 0.106383 0.309524 0.093093 0.00459981 0.0824176 0.192308 0.037037 0.0642673 0.169414 
0.0647482 0.152439 0.224907 0.107066 0.00959235 0.22274 0.307309 0.155015 0.0959232 0.165165 0.232751 0.167665 0.0544218 0.26455 0.285347 0.0804851 
0.304193 0.122212 0.0418216 0.166815 0.263158 0.0447344 0.0689369 0.119536 0.327386 0.108831 0.0303301 0.106155 0.213202 0.0114638 0.0394173 0.190901 
0.340659 0.168216 0.090448 0.210482 0.301775 0.092984 0.0174419 0.16568 0.362637 0.155537 0.0811496 0.153001 0.254438 0.0432099 0.0137104 0.233305 
0.239024 0.0416666 0.0497561 0.0887805 0.194146 0.0447344 0.148671 0.0370732 0.26439 0.0253658 0.0570377 0.022439 0.139512 0.106341 0.12168 0.115122 
0.104478 0.114837 0.19052 0.0674518 0.0516648 0.188257 0.276578 0.117528 0.134328 0.128128 0.198712 0.130738 0.0124717 0.231922 0.253642 0.0396913 
0.302949 0.137195 0.0384272 0.165326 0.261841 0.0411081 0.0759606 0.133739 0.326184 0.107239 0.0285969 0.104558 0.211796 0.0134048 0.0411311 0.189455 
0.373494 0.209639 0.135743 0.332976 0.336546 0.160298 0.0329317 0.207229 0.394378 0.19759 0.126908 0.195181 0.291566 0.0891566 0.0626506 0.271486 
0.252874 0.0574713 0.0297398 0.105364 0.208812 0.027027 0.13289 0.0545977 0.277778 0.045045 0.0395584 0.0402299 0.183674 0.0793651 0.105398 0.131226 
