0.104594 0.104594 0.104594 0.104594 0.104594 0.104594 0.104594 0.104594 0.104594 0.104594 0.104594 0.104594 0.104594 0.104594 0.104594 0.104594 
0.195503 0.195503 0.195503 0.195503 0.195503 0.195503 0.195503 0.195503 0.195503 0.195503 0.195503 0.195503 0.195503 0.195503 0.195503 0.195503 
0.204301 0.204301 0.204301 0.204301 0.204301 0.204301 0.204301 0.204301 0.204301 0.204301 0.204301 0.204301 0.204301 0.204301 0.204301 0.204301 
0.0762464 0.0762464 0.0762464 0.0762464 0.0762464 0.0762464 0.0762464 0.0762464 0.0762464 0.0762464 0.0762464 0.0762464 0.0762464 0.0762464 0.0762464 0.0762464 
0.0713587 0.0713587 0.0713587 0.0713587 0.0713587 0.0713587 0.0713587 0.0713587 0.0713587 0.0713587 0.0713587 0.0713587 0.0713587 0.0713587 0.0713587 0.0713587 
0.29521 0.29521 0.29521 0.29521 0.29521 0.29521 0.29521 0.29521 0.29521 0.29521 0.29521 0.29521 0.29521 0.29521 0.29521 0.29521 
0.347019 0.347019 0.347019 0.347019 0.347019 0.347019 0.347019 0.347019 0.347019 0.347019 0.347019 0.347019 0.347019 0.347019 0.347019 0.347019 
0.195503 0.195503 0.195503 0.195503 0.195503 0.195503 0.195503 0.195503 0.195503 0.195503 0.195503 0.195503 0.195503 0.195503 0.195503 0.195503 
0.0381231 0.0381231 0.0381231 0.0381231 0.0381231 0.0381231 0.0381231 0.0381231 0.0381231 0.0381231 0.0381231 0.0381231 0.0381231 0.0381231 0.0381231 0.0381231 
0.196481 0.196481 0.196481 0.196481 0.196481 0.196481 0.196481 0.196481 0.196481 0.196481 0.196481 0.196481 0.196481 0.196481 0.196481 0.196481 
0.146628 0.146628 0.146628 0.146628 0.146628 0.146628 0.146628 0.146628 0.146628 0.146628 0.146628 0.146628 0.146628 0.146628 0.146628 0.146628 
0.0547409 0.0547409 0.0547409 0.0547409 0.0547409 0.0547409 0.0547409 0.0547409 0.0547409 0.0547409 0.0547409 0.0547409 0.0547409 0.0547409 0.0547409 0.0547409 
0.143695 0.143695 0.143695 0.143695 0.143695 0.143695 0.143695 0.143695 0.143695 0.143695 0.143695 0.143695 0.143695 0.143695 0.143695 0.143695 
0.081134 0.081134 0.081134 0.081134 0.081134 0.081134 0.081134 0.081134 0.081134 0.081134 0.081134 0.081134 0.081134 0.081134 0.081134 0.081134 
0.345064 0.345064 0.345064 0.345064 0.345064 0.345064 0.345064 0.345064 0.345064 0.345064 0.345064 0.345064 0.345064 0.345064 0.345064 0.345064 
0.269795 0.269795 0.269795 0.269795 0.269795 0.269795 0.269795 0.269795 0.269795 0.269795 0.269795 0.269795 0.269795 0.269795 0.269795 0.269795 
