0.236283 0.294358 0.299513 0.216167 0.091579 0.348679 0.37373 0.294358 0.187382 0.294935 0.26428 0.200185 0.0150638 0.219711 0.37282 0.335643 
0.0550888 0.124285 0.130682 0.0280112 0.112979 0.191698 0.222787 0.124285 0.00840336 0.125 0.0869565 0.00746965 0.182073 0.0316456 0.221657 0.212885 
0.0345132 0.0461934 0.0511364 0.0581694 0.18734 0.117736 0.151669 0.0441537 0.0915312 0.0449346 0.00342178 0.0769889 0.250642 0.056962 0.150436 0.100077 
0.150442 0.215045 0.220779 0.128065 0.0105263 0.275472 0.303338 0.215045 0.0960452 0.215686 0.181586 0.110287 0.0875 0.152083 0.302326 0.26097 
0.265487 0.321341 0.326299 0.326506 0.126316 0.373585 0.397678 0.321341 0.218456 0.321895 0.413253 0.230769 0.0525114 0.249548 0.396802 0.361047 
0.0676568 0.00899428 0.0162337 0.100817 0.216172 0.085283 0.120464 0.00907588 0.123762 0.00980395 0.0321782 0.109736 0.277228 0.0874587 0.119186 0.0717822 
0.139375 0.0735896 0.0657468 0.161462 0.276466 0.00905663 0.0471698 0.0735896 0.191165 0.0727124 0.106626 0.178218 0.332826 0.157654 0.0457849 0.0107775 
0.0336283 0.107114 0.113636 0.00817436 0.130037 0.175849 0.207547 0.107114 0.0282485 0.107843 0.0690537 0.0120482 0.197802 0.0126582 0.206395 0.159353 
0.261947 0.31807 0.323052 0.242507 0.122105 0.370566 0.394775 0.31807 0.214689 0.318627 0.289003 0.227062 0.0479452 0.245931 0.393895 0.357968 
0.00802851 0.0834015 0.0900974 0.0181653 0.18 0.153962 0.186502 0.0834015 0.0555556 0.0841503 0.0443308 0.0389249 0.218555 0.0135624 0.18532 0.137028 
0.0469027 0.0338123 0.0397727 0.0693153 0.196957 0.10717 0.141509 0.0327064 0.113936 0.0334967 0.00845307 0.0879121 0.25951 0.0696203 0.140262 0.0892994 
0.102439 0.193171 0.201951 0.0741464 0.0731707 0.226415 0.256168 0.161897 0.0360975 0.162582 0.126172 0.0526829 0.145366 0.0790244 0.255087 0.210931 
0.229204 0.287817 0.293019 0.264064 0.0831579 0.342642 0.367925 0.287817 0.179849 0.288399 0.25746 0.192771 0.00570774 0.212477 0.367006 0.329484 
0.00973451 0.0850368 0.0917208 0.0163487 0.177895 0.184093 0.187954 0.0850368 0.0509383 0.0857843 0.0460358 0.0370713 0.217158 0.011754 0.186773 0.138568 
0.0923695 0.0176707 0.0104418 0.13079 0.310526 0.0603774 0.106827 0.0176707 0.146988 0.0171568 0.0578313 0.133333 0.296386 0.111647 0.0952035 0.0415704 
0.0761062 0.146361 0.180077 0.0517711 0.0989474 0.212075 0.24238 0.146361 0.0172414 0.172414 0.109974 0.0324374 0.191781 0.0560579 0.241279 0.196305 
