0.233628 0.0460177 0.0938053 0.0371681 0.230088 0.0690634 0.147788 0.019469 0.226549 0.0637946 0.107965 0.0690265 0.189381 0.00530976 0.120354 0.0982301 
0.291905 0.118561 0.0105178 0.124081 0.288634 0.135732 0.0570548 0.0616319 0.285364 0.0130826 0.023163 0.162547 0.251022 0.0809485 0.0351595 0.166803 
0.297078 0.125 0.00324678 0.132353 0.293831 0.142045 0.0527598 0.0694444 0.290584 0.0202922 0.0159745 0.146104 0.256494 0.0876623 0.0275974 0.209028 
0.213442 0.0208901 0.122616 0.0118074 0.209809 0.0399637 0.151118 0.0463215 0.259725 0.0878211 0.137148 0.044505 0.168029 0.0208901 0.149864 0.080471 
0.088421 0.118738 0.231392 0.145263 0.0842105 0.112632 0.26754 0.175347 0.08 0.212925 0.241214 0.0969582 0.0357895 0.183158 0.249605 0.0726316 
0.346415 0.186415 0.0671698 0.178868 0.343396 0.202264 0.0211321 0.130566 0.340377 0.0890566 0.0550944 0.206038 0.308679 0.151698 0.0445283 0.230943 
0.371553 0.217707 0.103048 0.21045 0.36865 0.232946 0.0587808 0.164006 0.365747 0.124093 0.0914369 0.236575 0.335268 0.184325 0.0884676 0.260522 
0.291905 0.118561 0.0106297 0.110384 0.288634 0.157048 0.0605069 0.058054 0.285364 0.0130826 0.0237122 0.13982 0.251022 0.0880783 0.0351595 0.166803 
0.184557 0.0148423 0.140777 0.0244821 0.180791 0.00470811 0.181187 0.078125 0.177024 0.136535 0.151757 0.00950575 0.137476 0.0551602 0.161137 0.0404896 
0.292484 0.119281 0.00980389 0.111111 0.289216 0.136438 0.0596405 0.0588235 0.285948 0.0138889 0.0228758 0.140523 0.251634 0.0816994 0.0343137 0.201178 
0.261722 0.0809889 0.0509709 0.078125 0.258312 0.0988917 0.0956053 0.0182291 0.254902 0.028169 0.063099 0.103154 0.219096 0.0417733 0.0734597 0.131287 
0.197405 0.000926793 0.127023 0.00834107 0.193698 0.0203893 0.16808 0.0633681 0.189991 0.106048 0.138179 0.0250232 0.151066 0.0417053 0.147709 0.055607 
0.0114155 0.187384 0.291262 0.194853 0.00684929 0.171239 0.324595 0.239583 0.0022831 0.274234 0.300319 0.1673 0.0436682 0.220641 0.308057 0.140334 
0.216998 0.0253165 0.105178 0.0165441 0.213382 0.0443038 0.147263 0.0399306 0.209765 0.0836785 0.116613 0.0513308 0.17179 0.0162748 0.126382 0.0786619 
0.37064 0.21657 0.101744 0.209302 0.367733 0.231831 0.0574128 0.162791 0.364826 0.12282 0.0901163 0.235465 0.334302 0.18314 0.0799419 0.259448 
0.333333 0.170131 0.0484989 0.162433 0.330254 0.186297 0.00153965 0.113164 0.327175 0.0708237 0.0361817 0.190146 0.294842 0.134719 0.0254042 0.21555 
