0.309386 0.0550888 0.0333619 0.177083 0.361446 0.0676568 0.139375 0.0347985 0.354916 0.00802851 0.0448014 0.102439 0.297359 0.00983024 0.0923695 0.0823755 
0.417149 0.141923 0.0461934 0.273958 0.473494 0.00907588 0.0685453 0.119963 0.466427 0.0909902 0.0338123 0.193171 0.404133 0.0929401 0.0176707 0.171456 
0.427578 0.150327 0.0538923 0.283333 0.484337 0.0165017 0.0616908 0.128205 0.477218 0.0990187 0.0414201 0.201951 0.414466 0.100983 0.0104418 0.180077 
0.275782 0.0280112 0.0581694 0.146875 0.326506 0.0915841 0.161462 0.00824177 0.320144 0.0178412 0.0693153 0.0741464 0.264064 0.0160858 0.115663 0.0545977 
0.100811 0.112979 0.18734 0.0104167 0.144578 0.216172 0.276466 0.130037 0.139089 0.152542 0.196957 0.0731707 0.0907004 0.151028 0.236948 0.0900383 
0.535342 0.237162 0.133447 0.380208 0.596386 0.0932343 0.00913942 0.21337 0.588729 0.18198 0.120034 0.292683 0.52124 0.184093 0.064257 0.269157 
0.596756 0.286648 0.178785 0.435417 0.660241 0.136964 0.049505 0.261905 0.652278 0.22926 0.164835 0.34439 0.58209 0.231457 0.106827 0.319923 
0.417149 0.141923 0.0461934 0.273958 0.473494 0.00907588 0.0685453 0.119963 0.466427 0.0909902 0.0338123 0.193171 0.404133 0.0929401 0.0176707 0.171456 
0.230591 0.00840336 0.0915312 0.10625 0.279518 0.123762 0.191165 0.0274726 0.273381 0.0526316 0.102282 0.0360975 0.219288 0.0509383 0.146988 0.0172414 
0.418308 0.142857 0.0470488 0.275 0.474699 0.00990105 0.0677837 0.120879 0.467626 0.0918822 0.0346576 0.194146 0.405281 0.0938338 0.0168675 0.172414 
0.359212 0.0952381 0.00342178 0.221875 0.413253 0.0321782 0.106626 0.0741758 0.406475 0.0463872 0.00845307 0.14439 0.346728 0.0482574 0.0578313 0.123563 
0.25029 0.00746965 0.0769889 0.123958 0.3 0.109736 0.178218 0.0119048 0.293765 0.0374665 0.0879121 0.0526829 0.238806 0.0357462 0.133333 0.0335249 
0.0150638 0.182073 0.250642 0.0875 0.0554217 0.277228 0.332826 0.197802 0.0503597 0.218555 0.25951 0.145366 0.00574052 0.217158 0.296386 0.16092 
0.281576 0.0326798 0.0538922 0.152083 0.33253 0.0874587 0.157654 0.0128205 0.326139 0.0133809 0.0650887 0.0790244 0.269805 0.0116175 0.111647 0.059387 
0.594438 0.284781 0.177074 0.433333 0.657831 0.135314 0.0479817 0.260073 0.64988 0.227476 0.163145 0.342439 0.579793 0.229669 0.105221 0.318008 
0.505214 0.212885 0.111206 0.353125 0.56506 0.0717822 0.0106626 0.18956 0.557554 0.158787 0.0980558 0.267317 0.491389 0.160858 0.0433735 0.244253 
