0.00347626 0.199443 0.30178 0.206801 0.00804597 0.183538 0.334618 0.250868 0.0127462 0.285004 0.310703 0.179658 0.0578603 0.232206 0.318325 0.153091 
0.19141 0.00653601 0.133495 0.0158731 0.187675 0.0130719 0.174248 0.0703125 0.18394 0.112676 0.144569 0.0177404 0.144725 0.047153 0.154028 0.0485528 
0.259196 0.0778443 0.0542071 0.06929 0.255774 0.10596 0.0986893 0.0147569 0.252352 0.031483 0.066294 0.100086 0.216424 0.0384945 0.0766193 0.128315 
0.0979167 0.109462 0.223301 0.117647 0.09375 0.0917692 0.25983 0.166667 0.0895833 0.20464 0.233227 0.0874525 0.0458333 0.170833 0.241706 0.0578999 
0.0415704 0.230056 0.328479 0.237132 0.045977 0.214759 0.360062 0.279514 0.0503433 0.312345 0.337061 0.211027 0.0938864 0.261566 0.344392 0.185476 
0.285479 0.110561 0.019802 0.10231 0.282178 0.127888 0.0655358 0.0520834 0.278878 0.00412542 0.0330033 0.132013 0.244224 0.0726073 0.042654 0.159241 
0.340442 0.178979 0.0586444 0.171363 0.509195 0.194973 0.0121858 0.12262 0.334349 0.0807312 0.0464585 0.198781 0.302361 0.143945 0.0371248 0.223915 
0.20696 0.012987 0.116505 0.00367641 0.203297 0.0320513 0.158057 0.0520833 0.199634 0.0952775 0.127796 0.0380228 0.161172 0.0284697 0.137441 0.0668498 
0.0369515 0.226345 0.325243 0.233456 0.0413793 0.210974 0.356978 0.276042 0.0457666 0.309031 0.333866 0.207224 0.0895197 0.258007 0.341232 0.181551 
0.227475 0.0398887 0.0930421 0.029438 0.223907 0.0570919 0.135698 0.0276539 0.220339 0.071251 0.104633 0.0615522 0.182872 0.00266904 0.114534 0.0909902 
0.267963 0.0887574 0.0428802 0.0803043 0.264582 0.106509 0.0878952 0.0262046 0.353547 0.019884 0.0551118 0.110735 0.225697 0.0498732 0.0655608 0.138631 
0.155122 0.0517073 0.170712 0.0614634 0.151219 0.0312195 0.209715 0.110243 0.147317 0.150787 0.18131 0.0256654 0.106341 0.0880783 0.190363 0.00585365 
0.00577366 0.192022 0.295307 0.199449 0.00114942 0.17597 0.32845 0.243924 0.00343251 0.278376 0.304313 0.172053 0.0491266 0.225089 0.312006 0.14524 
0.226095 0.0366399 0.0946602 0.0284927 0.22252 0.0554066 0.13724 0.0286458 0.218946 0.072908 0.10623 0.0636882 0.181412 0.00446832 0.116114 0.0981355 
0.304418 0.134137 0.00722891 0.126104 0.301205 0.151004 0.0400925 0.0746988 0.297992 0.0305221 0.00559103 0.15502 0.264257 0.0971888 0.0165877 0.181526 
0.170498 0.0315399 0.15534 0.0421456 0.166667 0.0122989 0.195066 0.09375 0.162835 0.135046 0.166134 0.00760454 0.122605 0.0711744 0.175355 0.0239463 
