0.10641 0.122967 0.197955 0.0760171 0.0447942 0.195713 0.283223 0.125633 0.144562 0.136136 0.206072 0.138723 0.021542 0.238977 0.260497 0.0485116 
0.373077 0.0884147 0.00464684 0.146681 0.29661 0.00186396 0.110465 0.0851064 0.420424 0.072072 0.0147194 0.0688623 0.214286 0.0555556 0.0822622 0.180816 
0.498718 0.188008 0.0864313 0.251606 0.415254 0.0894688 0.0290698 0.184397 0.550398 0.17017 0.0754369 0.166667 0.325397 0.0308642 0.00171375 0.288864 
0.230769 0.0243902 0.107807 0.0278373 0.162228 0.105312 0.202658 0.0273556 0.27321 0.039039 0.116835 0.0419162 0.0884354 0.153439 0.177378 0.0584344 
0.0641025 0.156504 0.228625 0.111349 0.00484264 0.226468 0.310631 0.159068 0.100796 0.169169 0.236431 0.171657 0.0589569 0.268078 0.288775 0.0848953 
0.553846 0.231707 0.126394 0.297644 0.467312 0.129543 0.00664449 0.227964 0.607427 0.213213 0.114995 0.209581 0.37415 0.068783 0.0385604 0.336273 
0.683333 0.33435 0.22026 0.405782 0.589588 0.223672 0.0905316 0.330294 0.741379 0.314314 0.207912 0.310379 0.488662 0.157848 0.125107 0.44763 
0.4 0.109756 0.0148699 0.169165 0.322034 0.0177073 0.0930232 0.106383 0.448276 0.093093 0.00459981 0.0898204 0.238095 0.037037 0.0642673 0.203969 
0.0692308 0.152439 0.224907 0.107066 0.00968528 0.22274 0.307309 0.155015 0.106101 0.165165 0.232751 0.167665 0.0544218 0.26455 0.285347 0.0804851 
0.437179 0.139228 0.0418216 0.200214 0.357143 0.0447344 0.0689369 0.135765 0.486737 0.122122 0.0312787 0.118762 0.270975 0.0114638 0.0394173 0.235943 
0.516667 0.202236 0.0994424 0.266595 0.432203 0.102516 0.0174419 0.198582 0.568966 0.184184 0.0883164 0.180639 0.34127 0.0432099 0.0137104 0.3043 
0.314103 0.0416666 0.0473978 0.0974303 0.24092 0.0447344 0.148671 0.0385005 0.359416 0.026026 0.0570377 0.0229541 0.162132 0.0961199 0.12168 0.130099 
0.116667 0.114837 0.19052 0.0674518 0.0544794 0.188257 0.276578 0.117528 0.155172 0.128128 0.198712 0.130738 0.0124717 0.231922 0.253642 0.0396913 
0.434615 0.137195 0.0399628 0.198073 0.354722 0.0428704 0.070598 0.133739 0.484085 0.12012 0.0294389 0.116766 0.268708 0.0132275 0.0411311 0.233738 
0.596154 0.265244 0.157063 0.332976 0.507264 0.160298 0.0340532 0.261398 0.651194 0.246246 0.145354 0.242515 0.411565 0.0978836 0.066838 0.372657 
0.338462 0.0609756 0.0297398 0.117773 0.263923 0.027027 0.13289 0.0577507 0.384615 0.045045 0.0395584 0.0419161 0.183674 0.0793651 0.105398 0.151047 
