0.27479 0.304593 0.294358 0.215455 0.0578603 0.276007 0.347695 0.323668 0.259863 0.359792 0.246288 0.0730398 0.0243337 0.252166 0.362629 0.387943 
0.111111 0.15873 0.141923 0.0270776 0.144725 0.112979 0.235294 0.19141 0.0887022 0.20549 0.0646288 0.130719 0.174603 0.0719237 0.264239 0.316527 
0.0179641 0.0580177 0.0441537 0.0590248 0.216424 0.0192953 0.116402 0.0838558 0.00256628 0.132789 0.0205303 0.203593 0.243798 0.0129982 0.136632 0.170922 
0.193277 0.22643 0.273958 0.145833 0.0458333 0.194631 0.274376 0.247649 0.176672 0.287834 0.161572 0.0302083 0.0791667 0.168111 0.29099 0.319149 
0.302521 0.331185 0.321341 0.245455 0.103614 0.303691 0.372638 0.34953 0.288165 0.384273 0.379518 0.108486 0.061086 0.280763 0.387001 0.411348 
0.0184875 0.0239275 0.00907588 0.0924093 0.244224 0.0167785 0.0839002 0.0528053 0.0379538 0.10089 0.0552805 0.231848 0.270627 0.0478548 0.104874 0.140426 
0.0936786 0.0548363 0.0685453 0.162224 0.302361 0.0921554 0.00755858 0.0289968 0.111957 0.0259644 0.127951 0.290937 0.326733 0.121097 0.0302806 0.0687943 
0.0897436 0.120064 0.119963 0.00732601 0.161172 0.0838926 0.174603 0.144201 0.0677656 0.189911 0.0462882 0.147436 0.190476 0.0537262 0.193501 0.225532 
0.29916 0.327961 0.31807 0.241818 0.0895197 0.300336 0.369615 0.346395 0.284734 0.381306 0.271616 0.104189 0.0565611 0.277296 0.384047 0.408511 
0.0579832 0.0966962 0.0909902 0.0187333 0.182872 0.0595638 0.180196 0.121473 0.0385935 0.168398 0.0209607 0.204082 0.211418 0.0285962 0.172083 0.204965 
0.00588238 0.0467365 0.0327064 0.0701606 0.225697 0.00755036 0.10582 0.0786136 0.0143703 0.122404 0.0321217 0.213018 0.252747 0.02513 0.126292 0.160993 
0.160976 0.210732 0.193171 0.0731708 0.106341 0.140101 0.225246 0.244878 0.137561 0.239614 0.104804 0.0917073 0.137561 0.111785 0.242984 0.27305 
0.268067 0.298147 0.287817 0.208182 0.0491266 0.269295 0.341648 0.317398 0.253002 0.353858 0.239301 0.0644468 0.0147059 0.245234 0.356721 0.38227 
0.0634495 0.0983078 0.0850368 0.0172727 0.181412 0.0612416 0.182306 0.123041 0.0420018 0.169881 0.0227074 0.168007 0.210009 0.0303293 0.17356 0.206383 
0.0441767 0.00321287 0.0176707 0.116466 0.264257 0.044463 0.0589569 0.0248996 0.0634538 0.0827309 0.0803213 0.252209 0.28996 0.0730923 0.0805022 0.117021 
0.122689 0.158743 0.146361 0.0536399 0.122605 0.124161 0.210884 0.181818 0.116858 0.225519 0.0882096 0.108238 0.180995 0.0953206 0.228951 0.259574 
