0.0993072 0.276438 0.368932 0.283088 0.103448 0.262062 0.398612 0.322917 0.107552 0.35377 0.376997 0.258555 0.148472 0.30605 0.383886 0.234544 
0.119919 0.0955285 0.203883 0.0955882 0.115854 0.074187 0.241326 0.170732 0.111789 0.184756 0.214058 0.0691057 0.0691057 0.124555 0.222749 0.0355691 
0.195167 0.00185531 0.12945 0.0111524 0.19145 0.017658 0.170393 0.070632 0.187732 0.108534 0.140575 0.0223048 0.148699 0.0427046 0.150079 0.052974 
0.0728052 0.133581 0.244337 0.141544 0.0685225 0.116367 0.279877 0.189236 0.0642398 0.226181 0.253994 0.112167 0.0196507 0.169039 0.262243 0.0834151 
0.0484262 0.233766 0.331715 0.240809 0.0505747 0.218543 0.363146 0.282986 0.0581114 0.315659 0.340256 0.214829 0.108959 0.265125 0.347551 0.233656 
0.192917 0.00465989 0.131877 0.0139796 0.189189 0.0149115 0.172706 0.0736253 0.185461 0.124884 0.166822 0.0195713 0.146319 0.0475303 0.17987 0.0503262 
0.280731 0.104651 0.0265781 0.0963455 0.277409 0.139073 0.0772425 0.0431893 0.274086 0.00248551 0.0398672 0.126246 0.239203 0.0711744 0.0489731 0.153654 
0.122594 0.0921986 0.201456 0.0928309 0.118541 0.0662252 0.239013 0.143229 0.114488 0.18227 0.211661 0.0617871 0.0719352 0.121886 0.220379 0.0324215 
0.12933 0.300557 0.389968 0.306985 0.133333 0.28666 0.418658 0.345486 0.1373 0.375311 0.397764 0.28327 0.176856 0.329181 0.404423 0.260059 
0.133133 0.0732839 0.191748 0.0818015 0.129129 0.058058 0.229761 0.132812 0.125125 0.172328 0.202077 0.0503802 0.0830831 0.11121 0.2109 0.02002 
0.203312 0.00827968 0.12055 0.000919104 0.199632 0.0275989 0.161912 0.0564236 0.195952 0.0994201 0.131789 0.0321987 0.157314 0.0329182 0.14139 0.0625575 
0.135729 0.0758483 0.18932 0.0790441 0.131737 0.0548903 0.227448 0.130208 0.127744 0.169843 0.199681 0.0475285 0.0858284 0.108541 0.208531 0.016683 
0.0181406 0.181818 0.286408 0.23356 0.0137931 0.165563 0.319969 0.234375 0.00915337 0.269263 0.295527 0.161597 0.0371179 0.215302 0.303318 0.134446 
0.236332 0.0493827 0.0825243 0.0405644 0.232804 0.0679013 0.125675 0.015625 0.229277 0.0604805 0.0942492 0.0723104 0.19224 0.00881833 0.104265 0.112856 
0.257926 0.0762639 0.0558252 0.0726103 0.254499 0.0942588 0.100231 0.0130209 0.251071 0.0342759 0.0678914 0.0985433 0.215081 0.0368466 0.078199 0.126821 
0.045204 0.158627 0.266181 0.16636 0.0407938 0.141911 0.300694 0.212674 0.0363837 0.24855 0.275559 0.137833 0.00992286 0.193061 0.28357 0.109912 
