0 0.19666 0.299353 0.204044 0.00459772 0.1807 0.332305 0.248264 0.00923789 0.282519 0.308307 0.176806 0.0545852 0.229537 0.315956 0.150147 
0.19666 0 0.127832 0.00919116 0.19295 0.0194805 0.168851 0.0642361 0.189239 0.106877 0.138978 0.0247148 0.150278 0.0409253 0.148499 0.0579 
0.299353 0.127832 0 0.119741 0.296117 0.144822 0.0470316 0.0679612 0.29288 0.0234628 0.0127795 0.148867 0.2589 0.0906149 0.0236967 0.175566 
0.204044 0.00919116 0.119741 0 0.200368 0.0284926 0.161141 0.0555556 0.196691 0.0985916 0.13099 0.0342206 0.158088 0.0320285 0.1406 0.0634191 
0.00459772 0.19295 0.296117 0.200368 0 0.176916 0.329221 0.244792 0.00459766 0.279205 0.305112 0.173004 0.0502183 0.225979 0.312796 0.146222 
0.1807 0.0194805 0.144822 0.0284926 0.176916 0 0.185042 0.0824653 0.173132 0.124275 0.155751 0.00473034 0.133396 0.0596085 0.165087 0.0359508 
0.332305 0.168851 0.0470316 0.161141 0.329221 0.185042 0 0.111796 0.326137 0.0693909 0.0346954 0.188897 0.293755 0.133385 0.0244865 0.214341 
0.248264 0.0642361 0.0679612 0.0555556 0.244792 0.0824653 0.111796 0 0.241319 0.0455675 0.0798722 0.0868056 0.204861 0.0243056 0.0900474 0.115451 
0.00915331 0.189239 0.29288 0.196691 0.00459766 0.173132 0.326137 0.241319 0 0.275891 0.301917 0.169201 0.0458515 0.22242 0.309637 0.142296 
0.282519 0.106877 0.0234628 0.0985916 0.279205 0.124275 0.0693909 0.0455675 0.275891 0 0.0359425 0.128418 0.241094 0.0687655 0.0466035 0.155758 
0.308307 0.138978 0.0127795 0.13099 0.305112 0.155751 0.0346954 0.0798722 0.301917 0.0359425 0 0.159744 0.268371 0.102236 0.0110584 0.186102 
0.176806 0.0247148 0.148867 0.0342206 0.173004 0.00473034 0.188897 0.0868056 0.169201 0.128418 0.159744 0 0.129278 0.0640569 0.169036 0.0313688 
0.0545852 0.150278 0.2589 0.158088 0.0502183 0.133396 0.293755 0.204861 0.0458515 0.241094 0.268371 0.129278 0 0.185053 0.276461 0.101079 
0.229537 0.0409253 0.0906149 0.0330882 0.225979 0.0596085 0.133385 0.0243056 0.22242 0.0687655 0.102236 0.0640569 0.185053 0 0.112164 0.0934164 
0.315956 0.148499 0.0236967 0.1406 0.312796 0.165087 0.0244865 0.0900474 0.309637 0.0466035 0.0110584 0.169036 0.276461 0.112164 0 0.195103 
0.150147 0.0579 0.175566 0.0634191 0.146222 0.0372914 0.214341 0.115451 0.142296 0.155758 0.186102 0.0313688 0.101079 0.0934164 0.195103 0 
