0.0427251 0.209854 0.218412 0.118126 0.0811485 0.274707 0.312153 0.142574 0.0600462 0.118126 0.228164 0.0247748 0.0727482 0.175238 0.264856 0.13659 
0.230983 0.0164233 0.0270758 0.0977597 0.256957 0.0971524 0.143765 0.0673268 0.244898 0.0890538 0.0392157 0.176252 0.255102 0.025974 0.0848897 0.0695733 
0.329288 0.113269 0.10356 0.205502 0.543071 0.0351759 0.0182685 0.182848 0.341424 0.205502 0.092233 0.281553 0.350324 0.150485 0.0469255 0.188511 
0.238051 0.00729924 0.0183823 0.0974265 0.263787 0.0974264 0.135822 0.0716912 0.251838 0.0974265 0.030303 0.183824 0.354919 0.0361905 0.0764007 0.078125 
0.0471264 0.206204 0.214801 0.114053 0.0793104 0.271357 0.308975 0.138614 0.0643678 0.114053 0.289655 0.0202703 0.0770115 0.171429 0.26146 0.132602 
0.215705 0.0355839 0.0460289 0.0709555 0.242195 0.11474 0.160445 0.0444655 0.229896 0.0709555 0.0579323 0.159886 0.240303 0.00666666 0.102716 0.051088 
0.360833 0.154973 0.145721 0.242868 0.382421 0.079414 0.0292984 0.22128 0.372398 0.242868 0.134927 0.315343 0.380879 0.190439 0.0917502 0.226677 
0.280382 0.0486111 0.0381944 0.147569 0.304688 0.0364584 0.0849881 0.123264 0.293403 0.147569 0.0260417 0.229167 0.302951 0.0885417 0.0220713 0.12934 
0.0542823 0.202555 0.211191 0.10998 0.083524 0.268007 0.305798 0.134653 0.0686499 0.10998 0.221034 0.0157658 0.0812357 0.167619 0.258065 0.128614 
0.313173 0.0919635 0.0820215 0.229124 0.336371 0.0108877 0.0413026 0.163215 0.325601 0.186413 0.0704225 0.264292 0.334714 0.130075 0.0240265 0.169014 
0.337859 0.124601 0.115016 0.215655 0.360224 0.0463259 0.00559103 0.193291 0.34984 0.215655 0.103834 0.290735 0.358626 0.161342 0.0591055 0.198882 
0.211977 0.040146 0.0505415 0.0665399 0.238593 0.118928 0.164416 0.039924 0.226236 0.0665399 0.0623886 0.155894 0.236692 0.00190115 0.106961 0.0465779 
0.0949782 0.164234 0.173285 0.0672098 0.125546 0.232831 0.272438 0.0930693 0.111354 0.0672098 0.183601 0.0315316 0.123362 0.127619 0.222411 0.0867398 
0.262456 0.024911 0.0142349 0.126335 0.287367 0.0586265 0.107228 0.101424 0.275801 0.126335 0.00178254 0.209964 0.285587 0.0658363 0.0458404 0.107651 
0.345182 0.134281 0.124803 0.224329 0.367299 0.056872 0.00552922 0.202212 0.35703 0.224329 0.113744 0.298578 0.365719 0.170616 0.0695103 0.207741 
0.186457 0.0702555 0.0803249 0.0363101 0.213935 0.146566 0.190627 0.00883222 0.201178 0.0376782 0.0918003 0.128557 0.211973 0.0295238 0.134975 0.0159521 
