0.266372 0.031022 0.019469 0.130973 0.29115 0.0536013 0.102462 0.118812 0.279646 0.130973 0.00707966 0.214159 0.289381 0.0707965 0.0424778 0.112389 
0.322159 0.103843 0.0940311 0.245417 0.345053 0.0237122 0.0294359 0.174162 0.334424 0.197056 0.0825838 0.273917 0.343418 0.141455 0.0367948 0.179886 
0.32711 0.124088 0.111913 0.254583 0.349838 0.0308442 0.0219156 0.180195 0.339286 0.202922 0.0892857 0.279221 0.348214 0.147727 0.0458404 0.185877 
0.247048 0.00456202 0.00631768 0.108084 0.374532 0.0778894 0.125496 0.0826522 0.260672 0.108084 0.0187166 0.19346 0.270663 0.0463215 0.0699364 0.08901 
0.127368 0.133212 0.142599 0.0336843 0.156842 0.204355 0.245433 0.0631579 0.143158 0.0336843 0.153298 0.0698198 0.154737 0.105263 0.24 0.0557895 
0.37434 0.17283 0.163774 0.258868 0.395472 0.098868 0.0498113 0.237736 0.38566 0.258868 0.153208 0.329811 0.393962 0.207547 0.110943 0.243019 
0.398403 0.204644 0.195936 0.287373 0.418723 0.154104 0.0863571 0.267054 0.409289 0.287373 0.185776 0.355588 0.417271 0.238026 0.145138 0.272134 
0.322159 0.115876 0.0940311 0.197056 0.345053 0.0237122 0.0285941 0.174162 0.334424 0.245417 0.0825838 0.273917 0.343418 0.141455 0.0367948 0.179886 
0.219397 0.0310219 0.0415162 0.0753295 0.245763 0.110553 0.156473 0.0489642 0.233522 0.0753295 0.0564972 0.163842 0.243879 0.0114286 0.098472 0.0588236 
0.322712 0.104575 0.0947713 0.197712 0.345588 0.0245098 0.0285947 0.174837 0.334967 0.197712 0.0833333 0.27451 0.343954 0.142157 0.0375817 0.180556 
0.293265 0.0656437 0.0554135 0.16283 0.317136 0.017588 0.0683082 0.13896 0.306053 0.16283 0.0434783 0.242967 0.315431 0.104859 0.00424451 0.144928 
0.231696 0.015511 0.0268767 0.089898 0.257646 0.0963149 0.142971 0.0639481 0.245598 0.089898 0.0398517 0.177016 0.255792 0.0268767 0.0840408 0.0704356 
0.0536529 0.20073 0.209386 0.107943 0.0856164 0.266332 0.30421 0.132673 0.0707763 0.107943 0.219251 0.0135135 0.0833333 0.165714 0.256367 0.12662 
0.250452 0.00904161 0.00180829 0.126273 0.275769 0.0737019 0.121525 0.0867993 0.264014 0.112116 0.0142602 0.245495 0.27396 0.0506329 0.0611206 0.0931284 
0.397529 0.203488 0.194767 0.286337 0.417878 0.132267 0.0850291 0.265988 0.40843 0.286337 0.184593 0.354651 0.416424 0.236919 0.143895 0.271076 
0.361817 0.185219 0.147036 0.244034 0.383372 0.0808314 0.0307929 0.222479 0.373364 0.244034 0.136259 0.316397 0.381832 0.191686 0.0931486 0.227868 
