0.303361 0.33199 0.322159 0.246364 0.0949782 0.30453 0.373394 0.350313 0.289022 0.385015 0.275983 0.10956 0.0622172 0.281629 0.38774 0.412057 
0.0789916 0.116841 0.103843 0.00363636 0.196507 0.0805369 0.17158 0.141066 0.0600343 0.186944 0.0427948 0.177229 0.239819 0.0502599 0.190547 0.222695 
0.0689076 0.107172 0.0940311 0.00727272 0.209607 0.0704698 0.162509 0.131661 0.0497427 0.178042 0.0323144 0.190118 0.253394 0.0398614 0.181684 0.214184 
0.17479 0.208703 0.197056 0.107273 0.0720524 0.176175 0.257748 0.230408 0.157804 0.271513 0.142358 0.0547798 0.11086 0.149047 0.274742 0.303546 
0.326891 0.354553 0.345053 0.271818 0.125546 0.32802 0.394558 0.372257 0.313036 0.405786 0.300437 0.139635 0.0938914 0.305893 0.408419 0.431915 
0.00336134 0.0378727 0.0237122 0.0854546 0.303493 0.00167787 0.0975057 0.0642633 0.0240138 0.114243 0.0427947 0.282492 0.350679 0.034662 0.118168 0.153192 
0.0579832 0.0145044 0.0294359 0.144545 0.374454 0.056208 0.0483749 0.0133229 0.0797598 0.0660238 0.0995634 0.352309 0.424208 0.0909879 0.0701625 0.107092 
0.15126 0.18614 0.174162 0.0818182 0.10262 0.152685 0.236584 0.208464 0.133791 0.250742 0.117904 0.084855 0.142534 0.124783 0.254062 0.283688 
0.315966 0.344077 0.334424 0.26 0.111354 0.317114 0.384732 0.362069 0.301887 0.396142 0.289083 0.125671 0.0791855 0.294627 0.398818 0.422695 
0.17479 0.208703 0.197056 0.107273 0.0720524 0.176175 0.257748 0.230408 0.157804 0.271513 0.142358 0.0547798 0.11086 0.149047 0.274742 0.303546 
0.0571429 0.0958904 0.0825838 0.02 0.224891 0.0587248 0.151927 0.12069 0.0377358 0.167656 0.0200874 0.205156 0.269231 0.0277296 0.171344 0.204255 
0.253781 0.284448 0.273917 0.192727 0.0305677 0.255034 0.328798 0.304075 0.238422 0.341246 0.224454 0.0461869 0.00452495 0.230503 0.344165 0.370213 
0.32521 0.352941 0.343418 0.27 0.123362 0.326342 0.393046 0.37069 0.311321 0.404303 0.29869 0.137487 0.091629 0.304159 0.406942 0.430496 
0.117647 0.153908 0.141455 0.0454546 0.146288 0.119128 0.206349 0.177116 0.0994854 0.221068 0.0829694 0.12782 0.187783 0.0901213 0.22452 0.255319 
0.010084 0.0507655 0.0367948 0.0709091 0.286026 0.011745 0.109599 0.0768025 0.0102916 0.126113 0.028821 0.265306 0.332579 0.0207973 0.129985 0.164539 
0.157143 0.191781 0.179886 0.0881818 0.0949782 0.158557 0.241875 0.21395 0.139794 0.255935 0.124017 0.0773362 0.134615 0.130849 0.259232 0.288652 
