0.448718 0.148374 0.0501859 0.20985 0.368039 0.053122 0.0614618 0.144884 0.498674 0.131131 0.0395584 0.127745 0.281179 0.00352734 0.0317052 0.245865 
0.567949 0.242886 0.136617 0.309422 0.48063 0.139795 0.0157807 0.239108 0.622016 0.224224 0.125115 0.220559 0.386621 0.0784832 0.0479863 0.348401 
0.579487 0.252033 0.144981 0.319058 0.491525 0.148183 0.0232558 0.248227 0.633952 0.233233 0.133395 0.229541 0.396825 0.0864197 0.0556984 0.358324 
0.411538 0.118902 0.0232342 0.178801 0.33293 0.026095 0.0855482 0.115502 0.460212 0.102102 0.0128795 0.0988024 0.248299 0.0291005 0.0565553 0.213892 
0.217949 0.0345529 0.1171 0.0171306 0.150121 0.114632 0.210963 0.0374873 0.259947 0.049049 0.126035 0.0518962 0.0770975 0.162257 0.185947 0.0474091 
0.698718 0.346545 0.231413 0.41863 0.604116 0.234856 0.100498 0.342452 0.757294 0.326326 0.218951 0.322355 0.502268 0.16843 0.13539 0.46086 
0.766667 0.400406 0.280669 0.475375 0.668281 0.28425 0.144518 0.39615 0.827586 0.379379 0.267709 0.37525 0.562358 0.215168 0.180805 0.519294 
0.567949 0.242886 0.136617 0.309422 0.48063 0.139795 0.0157807 0.239108 0.622016 0.224224 0.125115 0.220559 0.386621 0.0784832 0.0479863 0.348401 
0.361538 0.0792683 0.0130112 0.137045 0.285714 0.0102516 0.11794 0.0759878 0.408488 0.063063 0.0229991 0.0598803 0.204082 0.0634921 0.0899743 0.170893 
0.569231 0.243902 0.137546 0.310493 0.48184 0.140727 0.0166113 0.240122 0.623342 0.225225 0.126035 0.221557 0.387755 0.0793651 0.0488431 0.349504 
0.503846 0.192073 0.0901487 0.255889 0.420097 0.0931966 0.0257475 0.18845 0.555703 0.174174 0.0791168 0.170659 0.329932 0.0343915 0.00514138 0.293275 
0.383333 0.0965447 0.00278807 0.155246 0.306295 0.00559175 0.103821 0.0932118 0.431034 0.08008 0.00735968 0.0768464 0.223356 0.0485009 0.075407 0.189636 
0.123077 0.109756 0.185874 0.0620985 0.0605327 0.183597 0.272425 0.112462 0.161804 0.123123 0.194112 0.125749 0.00680274 0.227513 0.249357 0.0341786 
0.417949 0.123984 0.027881 0.184154 0.338983 0.0307549 0.0813953 0.120567 0.466843 0.107107 0.0174793 0.103792 0.253968 0.0246913 0.0522708 0.219405 
0.764103 0.398374 0.27881 0.473233 0.66586 0.282386 0.142857 0.394124 0.824934 0.377377 0.265869 0.373253 0.560091 0.213404 0.179092 0.517089 
0.665385 0.320122 0.207249 0.390792 0.572639 0.210624 0.0789037 0.316109 0.722812 0.3003 0.195032 0.296407 0.472789 0.145503 0.113111 0.432194 
