0.0628206 0.15752 0.229554 0.11242 0.00363195 0.2274 0.311462 0.160081 0.0994695 0.17017 0.237351 0.172655 0.0600907 0.268959 0.289632 0.0859978 
0.405128 0.113821 0.0185874 0.173447 0.326877 0.0214353 0.089701 0.110436 0.453581 0.097097 0.00827968 0.0938123 0.24263 0.0335097 0.0608398 0.208379 
0.420513 0.126016 0.0297397 0.186296 0.341404 0.0326189 0.0797342 0.122594 0.469496 0.109109 0.0193192 0.105788 0.256236 0.0229277 0.050557 0.22161 
0.258974 0.00203252 0.0873606 0.0513918 0.188862 0.0848089 0.184385 0.00506586 0.302387 0.017017 0.0965961 0.0199601 0.113379 0.134039 0.158526 0.0826902 
0.0269231 0.185976 0.255576 0.142398 0.0302663 0.253495 0.334718 0.18845 0.0623342 0.198198 0.26311 0.200599 0.0918368 0.293651 0.313625 0.116869 
0.530769 0.213415 0.109665 0.278373 0.445521 0.112768 0.00830567 0.209726 0.583554 0.195195 0.0984361 0.191617 0.353742 0.0529101 0.0231363 0.316428 
0.614103 0.279472 0.170074 0.347966 0.524213 0.173346 0.0456811 0.275583 0.669761 0.26026 0.158234 0.256487 0.427438 0.110229 0.0788347 0.388093 
0.294872 0.0264227 0.0613383 0.0813705 0.22276 0.0587139 0.16113 0.0233029 0.339523 0.011011 0.0708371 0.00798404 0.145125 0.109347 0.134533 0.113561 
0.0435897 0.172764 0.243494 0.12848 0.0145279 0.241379 0.32392 0.175279 0.0795755 0.185185 0.25115 0.187625 0.0770975 0.282187 0.302485 0.102536 
0.258974 0.00203252 0.0873606 0.0513918 0.188862 0.0848089 0.184385 0.00506586 0.302387 0.017017 0.0965961 0.0199601 0.113379 0.134039 0.158526 0.0826902 
0.438462 0.140244 0.042751 0.201285 0.358353 0.0456663 0.0681063 0.136778 0.488064 0.123123 0.0321987 0.119761 0.272109 0.010582 0.0385604 0.237045 
0.138462 0.097561 0.174721 0.0492505 0.0750605 0.172414 0.262458 0.100304 0.177719 0.111111 0.183073 0.113772 0.00680268 0.216931 0.239075 0.0209482 
0.0294871 0.183943 0.253717 0.140257 0.027845 0.251631 0.333056 0.186423 0.0649867 0.196196 0.26127 0.198603 0.0895692 0.291887 0.311911 0.114664 
0.346154 0.0670732 0.0241635 0.124197 0.271186 0.0214352 0.127907 0.0638298 0.392573 0.051051 0.0340387 0.0479041 0.190476 0.0740741 0.100257 0.157663 
0.510256 0.197155 0.0947956 0.261242 0.42615 0.0978565 0.0215947 0.193516 0.562334 0.179179 0.0837166 0.175649 0.335601 0.0388007 0.00942588 0.298787 
0.285897 0.0193089 0.0678439 0.0738758 0.214286 0.0652376 0.166944 0.0162108 0.330239 0.004004 0.0772769 0.00099802 0.137188 0.11552 0.140531 0.105843 
