0.419322 0.42081 0.418724 0.416021 0.444717 0.42081 0.438091 0.409613 
0.371531 0.373142 0.370885 0.367959 0.399017 0.373142 0.391845 0.361024 
0.366906 0.368529 0.366255 0.363307 0.394595 0.368529 0.387369 0.356322 
0.434224 0.435674 0.433642 0.431008 0.458968 0.435674 0.452511 0.424765 
0.511819 0.51307 0.511317 0.509044 0.53317 0.51307 0.527598 0.503657 
0.319116 0.320861 0.318416 0.315245 0.348894 0.320861 0.341124 0.307733 
0.291881 0.293696 0.291152 0.287855 0.32285 0.293696 0.314769 0.280042 
0.371531 0.373142 0.370885 0.367959 0.399017 0.373142 0.391845 0.361024 
0.454265 0.455664 0.453704 0.451163 0.478133 0.455664 0.471905 0.445141 
0.371017 0.372629 0.37037 0.367442 0.398526 0.372629 0.391348 0.360502 
0.397225 0.39877 0.396605 0.393798 0.423587 0.39877 0.416708 0.387147 
0.445529 0.44695 0.444959 0.442377 0.469779 0.44695 0.463451 0.436259 
0.549846 0.551 0.549383 0.547287 0.569533 0.551 0.564396 0.54232 
0.431655 0.433111 0.43107 0.428424 0.456511 0.433111 0.450025 0.422153 
0.292909 0.294721 0.292181 0.288889 0.323833 0.294721 0.315763 0.281087 
0.332477 0.334188 0.33179 0.328682 0.361671 0.334188 0.354053 0.321317 
