0.374134 0.103896 0.0372168 0.09375 0.367816 0.125828 0.0824981 0.0329862 0.361556 0.0140845 0.0495208 0.131179 0.299127 0.0587189 0.0600316 0.167812 
0.433025 0.151206 0.00404525 0.140625 0.426437 0.174078 0.0431765 0.0772569 0.419909 0.028169 0.00878596 0.179658 0.354803 0.104092 0.0197473 0.217861 
0.41224 0.134508 0.0105178 0.124081 0.405747 0.157048 0.0570548 0.0616319 0.399313 0.013256 0.023163 0.162547 0.335153 0.0880783 0.0339652 0.200196 
0.270208 0.0204082 0.110032 0.0110294 0.264368 0.0406811 0.151889 0.0451389 0.258581 0.0886496 0.121406 0.0456274 0.200873 0.0213523 0.131122 0.0794897 
0.0577368 0.150278 0.2589 0.158088 0.0528736 0.133396 0.293755 0.204861 0.0480549 0.241094 0.268371 0.129278 0 0.185053 0.276461 0.101079 
0.376443 0.105751 0.0355987 0.0955882 0.370115 0.12772 0.080956 0.0347222 0.363844 0.0124275 0.0479233 0.13308 0.30131 0.0604982 0.0584518 0.169774 
0.527714 0.227273 0.0703883 0.215993 0.52069 0.251656 0.0200462 0.148438 0.51373 0.0961061 0.0567093 0.257605 0.444323 0.177046 0.0450237 0.298332 
0.473441 0.183674 0.0323625 0.172794 0.466667 0.20719 0.0161912 0.107639 0.459954 0.0571666 0.0191693 0.212928 0.393013 0.135231 0.00789893 0.252208 
0.34642 0.0816326 0.0566343 0.0716912 0.34023 0.103122 0.101002 0.0121528 0.334096 0.0339685 0.0686901 0.108365 0.272926 0.0373665 0.078989 0.144259 
0.556582 0.250464 0.0906149 0.238971 0.549425 0.275307 0.0393215 0.170139 0.542334 0.116819 0.0766773 0.281369 0.471616 0.199288 0.0647709 0.322866 
0.322171 0.0621521 0.0736246 0.0523897 0.316092 0.0832545 0.117194 0.0060764 0.310069 0.051367 0.0854633 0.088403 0.25 0.0186833 0.0955766 0.123651 
0.0750577 0.136364 0.246764 0.144301 0.070115 0.119205 0.28219 0.19184 0.0652174 0.228666 0.25639 0.115019 0.0163755 0.171708 0.264613 0.0863592 
0.0207852 0.179963 0.28479 0.1875 0.0160919 0.163671 0.318427 0.232639 0.0114416 0.267606 0.29393 0.159696 0.0349345 0.213523 0.301738 0.132483 
0.332564 0.070501 0.0663431 0.0606618 0.326437 0.0917691 0.110254 0.00173616 0.320366 0.0439105 0.0782748 0.0969582 0.259825 0.0266904 0.0884676 0.132483 
0.56351 0.25603 0.0954692 0.244485 0.556322 0.280984 0.0439476 0.175347 0.549199 0.12179 0.0814697 0.287072 0.478166 0.204626 0.0695102 0.328754 
0.628175 0.307978 0.140777 0.295956 0.62069 0.333964 0.0871241 0.223958 0.613272 0.168186 0.126198 0.340304 0.539301 0.254448 0.113744 0.38371 
