0.0393975 0.225957 0.290847 0.136458 0.00120485 0.316007 0.368621 0.240842 0.00599521 0.260482 0.299239 0.19122 0.0482205 0.25916 0.334137 0.205939 
0.269988 0.0233427 0.0624465 0.141667 0.320482 0.0957096 0.16527 0.00366306 0.314149 0.0223015 0.0735418 0.0692683 0.258324 0.0205541 0.119679 0.0498084 
0.283893 0.0345472 0.0521814 0.154167 0.33494 0.0858086 0.156131 0.014652 0.328537 0.0115968 0.0633981 0.0809757 0.272101 0.00983018 0.11004 0.0613027 
0.137891 0.0830999 0.159966 0.0229167 0.183133 0.189769 0.252094 0.100733 0.177458 0.123996 0.169907 0.0419512 0.12744 0.122431 0.211245 0.059387 
0.0718424 0.252101 0.314799 0.165625 0.0349398 0.339109 0.389947 0.266484 0.0395684 0.285459 0.322908 0.218537 0.0803674 0.284182 0.356627 0.232759 
0.383546 0.114846 0.0213858 0.24375 0.438554 0.0148515 0.0906321 0.0934066 0.431655 0.0651205 0.00929844 0.164878 0.370838 0.0670241 0.0409638 0.143678 
0.458864 0.175537 0.0769889 0.311458 0.516868 0.0387789 0.0411272 0.15293 0.509592 0.123104 0.0642434 0.228293 0.445465 0.125112 0.011245 0.205939 
0.170336 0.0569561 0.136014 0.0520834 0.216867 0.166667 0.230769 0.0750916 0.211031 0.0990188 0.146238 0.0146341 0.159587 0.0974084 0.188755 0.032567 
0.0567787 0.239963 0.303678 0.152083 0.0192771 0.328383 0.380046 0.254579 0.0239808 0.273863 0.311919 0.205854 0.065442 0.272565 0.346185 0.220307 
0.137891 0.0830999 0.159966 0.0229167 0.183133 0.189769 0.252094 0.100733 0.177458 0.123996 0.169907 0.0419512 0.12744 0.122431 0.211245 0.059387 
0.300116 0.0476191 0.0402053 0.16875 0.351807 0.0742574 0.145468 0.0274725 0.345324 0.000892043 0.0515638 0.0946342 0.288175 0.00268102 0.0987952 0.0747126 
0.0289687 0.170868 0.240376 0.075 0.0698795 0.267327 0.323686 0.186813 0.0647482 0.20785 0.249366 0.133659 0.0195178 0.206434 0.286747 0.149425 
0.0695249 0.250233 0.313088 0.163542 0.0325301 0.337459 0.388423 0.264652 0.0371703 0.283675 0.321217 0.216585 0.0780712 0.282395 0.35502 0.230843 
0.216686 0.0196078 0.101796 0.09375 0.26506 0.133663 0.200305 0.0384616 0.258993 0.0633363 0.112426 0.0243902 0.205511 0.0616622 0.156627 0.00574708 
0.365006 0.0999067 0.00769889 0.227083 0.419277 0.0280528 0.102818 0.0787545 0.41247 0.0508474 0.00422657 0.149268 0.352468 0.0527257 0.0538152 0.128353 
0.162225 0.0634921 0.142002 0.0447917 0.208434 0.172442 0.236101 0.0815018 0.202638 0.105263 0.152156 0.0214634 0.15155 0.103664 0.194377 0.039272 
