0.233628 0.291905 0.297078 0.213442 0.088421 0.346415 0.371553 0.291905 0.184557 0.292484 0.261722 0.197405 0.0114155 0.216998 0.37064 0.333333 
0.0460177 0.118561 0.125 0.0208901 0.134737 0.186415 0.217707 0.118561 0.0150659 0.119281 0.0809889 0.000926793 0.230594 0.0253165 0.21657 0.170131 
0.0938053 0.0106297 0.00324678 0.122616 0.301053 0.0671698 0.103048 0.0106297 0.163842 0.00980389 0.0537084 0.145505 0.410959 0.117541 0.101744 0.0484989 
0.0371681 0.110384 0.116883 0.0118074 0.145263 0.178868 0.21045 0.110384 0.0244821 0.111111 0.0724638 0.00834107 0.242009 0.0162749 0.209302 0.162433 
0.230088 0.288634 0.293831 0.209809 0.0842105 0.343396 0.36865 0.288634 0.180791 0.289216 0.258312 0.193698 0.00684929 0.213382 0.367733 0.330254 
0.0646018 0.135732 0.142045 0.0399637 0.112632 0.202264 0.232946 0.135732 0.00470811 0.136438 0.0988917 0.0203893 0.206621 0.0443038 0.231831 0.186297 
0.147788 0.0605069 0.0527598 0.17802 0.365263 0.0211321 0.0587808 0.0605069 0.221281 0.0596405 0.105712 0.202039 0.480594 0.172694 0.0574128 0.00153965 
0.019469 0.058054 0.0649351 0.0463215 0.212632 0.130566 0.164006 0.058054 0.0847458 0.0588235 0.0179028 0.0676552 0.315068 0.0415913 0.162791 0.113164 
0.226549 0.285364 0.290584 0.206176 0.08 0.340377 0.365747 0.285364 0.177024 0.285948 0.254902 0.189991 0.0022831 0.209765 0.364826 0.327175 
0.0681416 0.0130826 0.0202922 0.0962762 0.270526 0.0890566 0.124093 0.0130826 0.136535 0.0138889 0.0289855 0.118628 0.377854 0.09132 0.12282 0.0708237 
0.107965 0.0237122 0.0162338 0.137148 0.317895 0.0550944 0.0914369 0.0237122 0.178908 0.0228758 0.0673487 0.160334 0.429224 0.132007 0.0901163 0.0361817 
0.0690265 0.13982 0.146104 0.044505 0.107368 0.206038 0.236575 0.13982 0.00941622 0.140523 0.103154 0.0250232 0.200913 0.0488246 0.235465 0.190146 
0.189381 0.251022 0.256494 0.168029 0.0357895 0.308679 0.335268 0.251022 0.137476 0.251634 0.219096 0.151066 0.045662 0.17179 0.334302 0.294842 
0.00530976 0.0809485 0.0876623 0.0208901 0.183158 0.151698 0.184325 0.0809485 0.0583804 0.0816994 0.0417733 0.0417053 0.283105 0.0162748 0.18314 0.134719 
0.120354 0.0351595 0.0275974 0.149864 0.332632 0.0445283 0.0812772 0.0351595 0.19209 0.0343137 0.0792838 0.173309 0.445205 0.144665 0.0799419 0.0254042 
0.0982301 0.166803 0.17289 0.0744777 0.0726316 0.230943 0.260522 0.166803 0.0404896 0.167484 0.131287 0.055607 0.163242 0.0786619 0.259448 0.21555 
