0.344538 0.371475 0.362224 0.290909 0.148472 0.345638 0.410431 0.388715 0.331046 0.421365 0.318777 0.162191 0.117647 0.32409 0.423929 0.446809 
0.173109 0.261179 0.195421 0.117886 0.0691057 0.174497 0.344512 0.22884 0.156089 0.27003 0.140611 0.0538618 0.101626 0.147314 0.273264 0.302128 
0.105948 0.153346 0.120196 0.0223048 0.148699 0.0973154 0.186697 0.15674 0.0771869 0.20178 0.060262 0.134758 0.178439 0.067591 0.205318 0.236879 
0.215126 0.247381 0.236304 0.17773 0.019272 0.216443 0.294029 0.268025 0.198971 0.307122 0.18428 0.00321198 0.0535332 0.235546 0.310192 0.337589 
0.305882 0.334408 0.324612 0.249091 0.0982533 0.307047 0.375661 0.352665 0.291595 0.38724 0.278603 0.112782 0.0656109 0.284229 0.389956 0.414184 
0.0983194 0.15657 0.122649 0.0245454 0.146319 0.110904 0.232992 0.159091 0.0866729 0.204006 0.0671016 0.132339 0.176142 0.0701907 0.207533 0.239007 
0.0116279 0.0307308 0.0157807 0.0863788 0.239203 0.0100671 0.0988373 0.0598006 0.03259 0.106825 0.0490033 0.226744 0.265781 0.0433276 0.110783 0.146099 
0.205674 0.257345 0.239108 0.102727 0.0719352 0.17198 0.340425 0.226489 0.181358 0.267804 0.137991 0.0567376 0.104357 0.1692 0.271049 0.3 
0.366387 0.392425 0.383483 0.314545 0.176856 0.36745 0.430083 0.409091 0.353345 0.440653 0.341485 0.190118 0.147059 0.34662 0.443131 0.465248 
0.160504 0.195004 0.183156 0.101101 0.0830831 0.161913 0.244898 0.217085 0.143225 0.258902 0.127511 0.0680681 0.115115 0.134315 0.262186 0.291489 
0.0865546 0.124093 0.111202 0.0119596 0.157314 0.0880873 0.178382 0.148119 0.067753 0.19362 0.050655 0.143514 0.186753 0.0580589 0.197194 0.229078 
0.157983 0.192587 0.220559 0.0978044 0.0858284 0.159396 0.24263 0.214734 0.140652 0.256677 0.124891 0.0708583 0.117764 0.131716 0.25997 0.289362 
0.258824 0.289283 0.278823 0.198182 0.0371179 0.260067 0.333333 0.308777 0.243568 0.345697 0.229694 0.0526316 0.00226247 0.235702 0.348597 0.374468 
0.0470588 0.0862208 0.0727718 0.0309091 0.19224 0.0486577 0.166667 0.12522 0.0282187 0.158754 0.00960696 0.179012 0.220459 0.017331 0.162482 0.195745 
0.0193278 0.0596293 0.0457891 0.0574121 0.215081 0.0209731 0.117914 0.0854232 0.000856876 0.134273 0.0188518 0.202228 0.242502 0.0112652 0.138109 0.17234 
0.237815 0.269138 0.258381 0.175455 0.00992286 0.239094 0.314437 0.289185 0.222127 0.327151 0.20786 0.0264609 0.0253583 0.214038 0.330133 0.356738 
