0 0.19666 0.299353 0.204044 0.00459772 0.1807 0.332305 0.248264 0.00915331 0.282519 0.308307 0.176806 0.0545852 0.229537 0.315956 0.150147 
0.244804 0 0.127832 0.00919116 0.23908 0.0198675 0.168851 0.0642361 0.23341 0.106877 0.138978 0.0247148 0.176856 0.0409253 0.148499 0.0579 
0.427252 0.146568 0 0.136029 0.42069 0.169347 0.0470316 0.0729166 0.414188 0.0240265 0.0127795 0.174905 0.349345 0.0996442 0.0236967 0.212954 
0.256351 0.00927639 0.119741 0 0.250575 0.0293283 0.161141 0.0555556 0.244851 0.0985916 0.13099 0.0342206 0.187773 0.0320285 0.1406 0.0677135 
0.00461888 0.19295 0.296117 0.200368 0 0.176916 0.329221 0.244792 0.00457668 0.279205 0.305112 0.173004 0.0502183 0.225979 0.312796 0.146222 
0.220554 0.0194805 0.144822 0.0284926 0.214943 0 0.185042 0.0824653 0.209382 0.124275 0.155751 0.00475287 0.15393 0.0596085 0.165087 0.0372914 
0.497691 0.203154 0.0493528 0.192096 0.490805 0.227058 0 0.125868 0.483982 0.0745651 0.0359424 0.23289 0.415939 0.153915 0.0244865 0.272817 
0.330254 0.0686456 0.0679612 0.0588236 0.324138 0.089877 0.111796 0 0.318078 0.0455675 0.0798722 0.095057 0.257642 0.024911 0.0900474 0.13052 
0.00923789 0.189239 0.29288 0.196691 0.00459766 0.173132 0.326137 0.241319 0 0.275891 0.301917 0.169201 0.0458515 0.22242 0.309637 0.142296 
0.393764 0.119666 0.0234628 0.109375 0.387356 0.141911 0.0693909 0.0477431 0.381007 0 0.0359425 0.147338 0.317686 0.0738434 0.0466035 0.184495 
0.445727 0.16141 0.0129449 0.150735 0.43908 0.184484 0.0346954 0.0868056 0.432494 0.0372825 0 0.190114 0.366812 0.113879 0.0110584 0.228656 
0.214781 0.0241187 0.148867 0.0330882 0.209195 0.00473034 0.188897 0.0868056 0.203661 0.128418 0.159744 0 0.148472 0.0640569 0.169036 0.0323846 
0.0577368 0.150278 0.2589 0.158088 0.0528736 0.133396 0.293755 0.204861 0.0480549 0.241094 0.268371 0.129278 0 0.185053 0.276461 0.101079 
0.297921 0.0426716 0.0906149 0.0330882 0.291954 0.0633869 0.133385 0.0243056 0.286041 0.0687655 0.102236 0.068441 0.227074 0 0.112164 0.103042 
0.461894 0.174397 0.0242718 0.163603 0.455172 0.197729 0.0239013 0.0989584 0.448513 0.0488815 0.0111821 0.203422 0.382096 0.126335 0 0.242394 
0.176674 0.054731 0.175566 0.0634191 0.171264 0.0359508 0.214341 0.115451 0.165904 0.155758 0.186102 0.0313688 0.112445 0.0934164 0.195103 0 
