0.378911 0.111111 0.0179641 0.239583 0.433735 0.0181518 0.0936786 0.0897436 0.426859 0.0615522 0.00591719 0.160976 0.366246 0.0634495 0.0441767 0.139847 
0.438007 0.15873 0.0615911 0.292708 0.495181 0.0239275 0.0548363 0.136447 0.48801 0.107047 0.0490279 0.210732 0.424799 0.109026 0.00321287 0.188697 
0.417149 0.141923 0.0461934 0.273958 0.473494 0.00907588 0.0685453 0.119963 0.466427 0.0909902 0.0338123 0.193171 0.404133 0.0929401 0.0176707 0.171456 
0.274623 0.0270776 0.0590248 0.145833 0.325301 0.0924093 0.162224 0.00732601 0.318945 0.0187333 0.0701606 0.0731708 0.262916 0.0169795 0.116466 0.0536399 
0.0614136 0.144725 0.216424 0.0458333 0.103614 0.244224 0.302361 0.161172 0.0983213 0.182872 0.225697 0.106341 0.0516647 0.181412 0.264257 0.122605 
0.381228 0.112979 0.0196749 0.241667 0.436145 0.0165017 0.0921554 0.0915751 0.429257 0.0633363 0.00760782 0.162927 0.368542 0.0652368 0.0425703 0.141762 
0.533024 0.235294 0.131737 0.378125 0.593976 0.0915842 0.00761616 0.211538 0.586331 0.180196 0.118343 0.290732 0.518944 0.182306 0.0626506 0.267241 
0.478563 0.19141 0.0915313 0.329167 0.537349 0.0528053 0.0281798 0.168498 0.529976 0.138269 0.0786136 0.244878 0.464983 0.140304 0.0248996 0.222222 
0.351101 0.0887022 0.00256628 0.214583 0.404819 0.0379538 0.111957 0.0677656 0.398082 0.0401428 0.0143703 0.137561 0.338691 0.0420018 0.0634538 0.116858 
0.561993 0.258637 0.153122 0.404167 0.624096 0.112211 0.0266565 0.234432 0.616307 0.202498 0.139476 0.315122 0.547646 0.204647 0.0827309 0.291188 
0.326767 0.0690943 0.0205303 0.192708 0.379518 0.0552805 0.127951 0.0485348 0.372902 0.0214095 0.0321217 0.117073 0.314581 0.0232351 0.0803213 0.0967433 
0.078795 0.130719 0.203593 0.0302083 0.121687 0.231848 0.290937 0.147436 0.116307 0.169492 0.213018 0.0917073 0.0688863 0.168007 0.252209 0.108238 
0.0243337 0.174603 0.243798 0.0791667 0.0650603 0.270627 0.326733 0.190476 0.059952 0.211418 0.252747 0.137561 0.0149254 0.210009 0.28996 0.153257 
0.337196 0.0774977 0.0128315 0.202083 0.390361 0.0478548 0.121097 0.0567765 0.383693 0.029438 0.024514 0.125854 0.324914 0.0312779 0.0730923 0.105364 
0.568946 0.264239 0.158255 0.410417 0.631325 0.117162 0.0312262 0.239927 0.623501 0.20785 0.144548 0.320976 0.554535 0.210009 0.0875502 0.296935 
0.633835 0.316527 0.206159 0.46875 0.698795 0.163366 0.0738766 0.291209 0.690647 0.257806 0.191885 0.37561 0.618829 0.260054 0.13253 0.350575 
