0.15347 0.15347 0.15347 0.15347 0.15347 0.15347 0.15347 0.15347 0.15347 0.15347 0.15347 0.15347 0.15347 0.15347 0.15347 0.15347 
0.0537634 0.0537634 0.0537634 0.0537634 0.0537634 0.0537634 0.0537634 0.0537634 0.0537634 0.0537634 0.0537634 0.0537634 0.0537634 0.0537634 0.0537634 0.0537634 
0.208211 0.208211 0.208211 0.208211 0.208211 0.208211 0.208211 0.208211 0.208211 0.208211 0.208211 0.208211 0.208211 0.208211 0.208211 0.208211 
0.0635387 0.0635387 0.0635387 0.0635387 0.0635387 0.0635387 0.0635387 0.0635387 0.0635387 0.0635387 0.0635387 0.0635387 0.0635387 0.0635387 0.0635387 0.0635387 
0.14956 0.14956 0.14956 0.14956 0.14956 0.14956 0.14956 0.14956 0.14956 0.14956 0.14956 0.14956 0.14956 0.14956 0.14956 0.14956 
0.0332355 0.0332355 0.0332355 0.0332355 0.0332355 0.0332355 0.0332355 0.0332355 0.0332355 0.0332355 0.0332355 0.0332355 0.0332355 0.0332355 0.0332355 0.0332355 
0.26784 0.26784 0.26784 0.26784 0.26784 0.26784 0.26784 0.26784 0.26784 0.26784 0.26784 0.26784 0.26784 0.26784 0.26784 0.26784 
0.1261 0.1261 0.1261 0.1261 0.1261 0.1261 0.1261 0.1261 0.1261 0.1261 0.1261 0.1261 0.1261 0.1261 0.1261 0.1261 
0.14565 0.14565 0.14565 0.14565 0.14565 0.14565 0.14565 0.14565 0.14565 0.14565 0.14565 0.14565 0.14565 0.14565 0.14565 0.14565 
0.179863 0.179863 0.179863 0.179863 0.179863 0.179863 0.179863 0.179863 0.179863 0.179863 0.179863 0.179863 0.179863 0.179863 0.179863 0.179863 
0.223851 0.223851 0.223851 0.223851 0.223851 0.223851 0.223851 0.223851 0.223851 0.223851 0.223851 0.223851 0.223851 0.223851 0.223851 0.223851 
0.028348 0.028348 0.028348 0.028348 0.028348 0.028348 0.028348 0.028348 0.028348 0.028348 0.028348 0.028348 0.028348 0.028348 0.028348 0.028348 
0.104594 0.104594 0.104594 0.104594 0.104594 0.104594 0.104594 0.104594 0.104594 0.104594 0.104594 0.104594 0.104594 0.104594 0.104594 0.104594 
0.0987293 0.0987293 0.0987293 0.0987293 0.0987293 0.0987293 0.0987293 0.0987293 0.0987293 0.0987293 0.0987293 0.0987293 0.0987293 0.0987293 0.0987293 0.0987293 
0.237537 0.237537 0.237537 0.237537 0.237537 0.237537 0.237537 0.237537 0.237537 0.237537 0.237537 0.237537 0.237537 0.237537 0.237537 0.237537 
0.00391006 0.00391006 0.00391006 0.00391006 0.00391006 0.00391006 0.00391006 0.00391006 0.00391006 0.00391006 0.00391006 0.00391006 0.00391006 0.00391006 0.00391006 0.00391006 
