0.1854 0.0448179 0.124893 0.065625 0.23253 0.155941 0.220868 0.0631868 0.226619 0.087422 0.135249 0.00195122 0.174512 0.0857909 0.178313 0.020115 
0.1854 0.0448179 0.124893 0.065625 0.23253 0.155941 0.220868 0.0631868 0.226619 0.087422 0.135249 0.00195122 0.174512 0.0857909 0.178313 0.020115 
0.1854 0.0448179 0.124893 0.065625 0.23253 0.155941 0.220868 0.0631868 0.226619 0.087422 0.135249 0.00195122 0.174512 0.0857909 0.178313 0.020115 
0.1854 0.0448179 0.124893 0.065625 0.23253 0.155941 0.220868 0.0631868 0.226619 0.087422 0.135249 0.00195122 0.174512 0.0857909 0.178313 0.020115 
0.1854 0.0448179 0.124893 0.065625 0.23253 0.155941 0.220868 0.0631868 0.226619 0.087422 0.135249 0.00195122 0.174512 0.0857909 0.178313 0.020115 
0.1854 0.0448179 0.124893 0.065625 0.23253 0.155941 0.220868 0.0631868 0.226619 0.087422 0.135249 0.00195122 0.174512 0.0857909 0.178313 0.020115 
0.1854 0.0448179 0.124893 0.065625 0.23253 0.155941 0.220868 0.0631868 0.226619 0.087422 0.135249 0.00195122 0.174512 0.0857909 0.178313 0.020115 
0.1854 0.0448179 0.124893 0.065625 0.23253 0.155941 0.220868 0.0631868 0.226619 0.087422 0.135249 0.00195122 0.174512 0.0857909 0.178313 0.020115 
0.1854 0.0448179 0.124893 0.065625 0.23253 0.155941 0.220868 0.0631868 0.226619 0.087422 0.135249 0.00195122 0.174512 0.0857909 0.178313 0.020115 
0.1854 0.0448179 0.124893 0.065625 0.23253 0.155941 0.220868 0.0631868 0.226619 0.087422 0.135249 0.00195122 0.174512 0.0857909 0.178313 0.020115 
0.1854 0.0448179 0.124893 0.065625 0.23253 0.155941 0.220868 0.0631868 0.226619 0.087422 0.135249 0.00195122 0.174512 0.0857909 0.178313 0.020115 
0.1854 0.0448179 0.124893 0.065625 0.23253 0.155941 0.220868 0.0631868 0.226619 0.087422 0.135249 0.00195122 0.174512 0.0857909 0.178313 0.020115 
0.1854 0.0448179 0.124893 0.065625 0.23253 0.155941 0.220868 0.0631868 0.226619 0.087422 0.135249 0.00195122 0.174512 0.0857909 0.178313 0.020115 
0.1854 0.0448179 0.124893 0.065625 0.23253 0.155941 0.220868 0.0631868 0.226619 0.087422 0.135249 0.00195122 0.174512 0.0857909 0.178313 0.020115 
0.1854 0.0448179 0.124893 0.065625 0.23253 0.155941 0.220868 0.0631868 0.226619 0.087422 0.135249 0.00195122 0.174512 0.0857909 0.178313 0.020115 
0.1854 0.0448179 0.124893 0.065625 0.23253 0.155941 0.220868 0.0631868 0.226619 0.087422 0.135249 0.00195122 0.174512 0.0857909 0.178313 0.020115 
