0 0.0760425 0.0827922 0.0263397 0.189474 0.14717 0.179971 0.0760425 0.0640302 0.0767974 0.0366582 0.047266 0.289954 0.0216998 0.178779 0.1301 
0.0823009 0 0.0073052 0.110808 0.287368 0.0769811 0.112482 0 0.151601 0.000817001 0.0426258 0.133457 0.396119 0.105787 0.111192 0.0585065 
0.0902655 0.00735891 0 0.118983 0.296842 0.0701887 0.105951 0.00735891 0.160075 0.00653601 0.0502983 0.141798 0.406393 0.113924 0.104651 0.0515782 
0.0256637 0.0997547 0.106331 0 0.158947 0.169057 0.201016 0.0997547 0.0367231 0.10049 0.0613811 0.0203892 0.256849 0.00452077 0.199855 0.152425 
0.159292 0.223222 0.228896 0.137148 0 0.283019 0.310595 0.223222 0.105461 0.223856 0.190111 0.119555 0.0844749 0.141049 0.309593 0.268668 
0.172566 0.0834014 0.075487 0.203451 0.394737 0 0.0384616 0.0834014 0.247646 0.0825163 0.129582 0.227989 0.512557 0.198011 0.037064 0.0200154 
0.219469 0.126737 0.118507 0.251589 0.450526 0.04 0 0.126737 0.297552 0.125817 0.174766 0.277108 0.573059 0.245931 0.00145352 0.060816 
0.0823009 0 0.0073052 0.110808 0.287368 0.0769811 0.112482 0 0.151601 0.000817001 0.0426258 0.133457 0.396119 0.105787 0.111192 0.0585065 
0.060177 0.131643 0.137987 0.0354223 0.117895 0.198491 0.229318 0.131643 0 0.132353 0.0946292 0.0157554 0.212329 0.039783 0.228198 0.182448 
0.0831858 0.000817657 0.00649351 0.111717 0.288421 0.0762264 0.111756 0.000817657 0.152542 0 0.0434783 0.134384 0.39726 0.106691 0.110465 0.0577367 
0.0380532 0.0408831 0.0478896 0.0653951 0.234737 0.114717 0.148766 0.0408831 0.10452 0.0416667 0 0.0871177 0.339041 0.0605787 0.147529 0.0969977 
0.0451328 0.117743 0.124188 0.0199819 0.13579 0.18566 0.216981 0.117743 0.0160075 0.118464 0.0801364 0 0.231735 0.0244123 0.215843 0.169361 
0.224779 0.283729 0.288961 0.20436 0.0778947 0.338868 0.364296 0.283729 0.175141 0.284314 0.253197 0.188137 0 0.207957 0.363372 0.325635 
0.0212389 0.0956664 0.102273 0.00454128 0.164211 0.165283 0.197388 0.0956664 0.0414313 0.0964052 0.0571185 0.0250232 0.262557 0 0.196221 0.148576 
0.217699 0.125102 0.116883 0.249773 0.448421 0.0384905 0.00145137 0.125102 0.295669 0.124183 0.173061 0.275255 0.570776 0.244123 0 0.0592763 
0.149557 0.0621423 0.0543832 0.179837 0.367368 0.0196226 0.0573295 0.0621423 0.223164 0.0612745 0.107417 0.203892 0.482877 0.174503 0.0559593 0 
