0.189638 0.189638 0.189638 0.189638 0.189638 0.189638 0.189638 0.189638 0.189638 0.189638 0.189638 0.189638 0.189638 0.189638 0.189638 0.189638 
0.0713588 0.0713588 0.0713588 0.0713588 0.0713588 0.0713588 0.0713588 0.0713588 0.0713588 0.0713588 0.0713588 0.0713588 0.0713588 0.0713588 0.0713588 0.0713588 
0.083089 0.083089 0.083089 0.083089 0.083089 0.083089 0.083089 0.083089 0.083089 0.083089 0.083089 0.083089 0.083089 0.083089 0.083089 0.083089 
0.0400782 0.0400782 0.0400782 0.0400782 0.0400782 0.0400782 0.0400782 0.0400782 0.0400782 0.0400782 0.0400782 0.0400782 0.0400782 0.0400782 0.0400782 0.0400782 
0.217009 0.217009 0.217009 0.217009 0.217009 0.217009 0.217009 0.217009 0.217009 0.217009 0.217009 0.217009 0.217009 0.217009 0.217009 0.217009 
0.167155 0.167155 0.167155 0.167155 0.167155 0.167155 0.167155 0.167155 0.167155 0.167155 0.167155 0.167155 0.167155 0.167155 0.167155 0.167155 
0.230694 0.230694 0.230694 0.230694 0.230694 0.230694 0.230694 0.230694 0.230694 0.230694 0.230694 0.230694 0.230694 0.230694 0.230694 0.230694 
0.0127077 0.0127077 0.0127077 0.0127077 0.0127077 0.0127077 0.0127077 0.0127077 0.0127077 0.0127077 0.0127077 0.0127077 0.0127077 0.0127077 0.0127077 0.0127077 
0.204301 0.204301 0.204301 0.204301 0.204301 0.204301 0.204301 0.204301 0.204301 0.204301 0.204301 0.204301 0.204301 0.204301 0.204301 0.204301 
0.0400782 0.0400782 0.0400782 0.0400782 0.0400782 0.0400782 0.0400782 0.0400782 0.0400782 0.0400782 0.0400782 0.0400782 0.0400782 0.0400782 0.0400782 0.0400782 
0.0967742 0.0967742 0.0967742 0.0967742 0.0967742 0.0967742 0.0967742 0.0967742 0.0967742 0.0967742 0.0967742 0.0967742 0.0967742 0.0967742 0.0967742 0.0967742 
0.131965 0.131965 0.131965 0.131965 0.131965 0.131965 0.131965 0.131965 0.131965 0.131965 0.131965 0.131965 0.131965 0.131965 0.131965 0.131965 
0.215054 0.215054 0.215054 0.215054 0.215054 0.215054 0.215054 0.215054 0.215054 0.215054 0.215054 0.215054 0.215054 0.215054 0.215054 0.215054 
0.0263929 0.0263929 0.0263929 0.0263929 0.0263929 0.0263929 0.0263929 0.0263929 0.0263929 0.0263929 0.0263929 0.0263929 0.0263929 0.0263929 0.0263929 0.0263929 
0.151515 0.151515 0.151515 0.151515 0.151515 0.151515 0.151515 0.151515 0.151515 0.151515 0.151515 0.151515 0.151515 0.151515 0.151515 0.151515 
0.0195503 0.0195503 0.0195503 0.0195503 0.0195503 0.0195503 0.0195503 0.0195503 0.0195503 0.0195503 0.0195503 0.0195503 0.0195503 0.0195503 0.0195503 0.0195503 
