0.573998 0.57509 0.57356 0.571576 0.592629 0.57509 0.587767 0.566876 
0.436793 0.438237 0.436214 0.433592 0.461425 0.438237 0.454998 0.427377 
0.430627 0.432086 0.430041 0.42739 0.455528 0.432086 0.44903 0.421108 
0.495375 0.496668 0.494856 0.492506 0.517445 0.496668 0.511686 0.486938 
0.588386 0.589441 0.587963 0.586047 0.606388 0.589441 0.601691 0.581505 
0.386434 0.388006 0.385802 0.382946 0.413268 0.388006 0.406266 0.376176 
0.353032 0.35469 0.352366 0.349354 0.381327 0.35469 0.373943 0.342215 
0.480987 0.482317 0.480453 0.478036 0.503685 0.482317 0.497762 0.472309 
0.581706 0.582778 0.581276 0.579328 0.6 0.582778 0.595226 0.574713 
0.495375 0.496668 0.494856 0.492506 0.517445 0.496668 0.511686 0.486938 
0.423433 0.42491 0.42284 0.420155 0.448649 0.42491 0.442069 0.413793 
0.543679 0.544849 0.54321 0.541085 0.563636 0.544849 0.558429 0.53605 
0.587359 0.588416 0.586934 0.585013 0.605405 0.588416 0.600696 0.58046 
0.460432 0.461814 0.459877 0.457364 0.484029 0.461814 0.477872 0.451411 
0.394656 0.396207 0.394033 0.391214 0.42113 0.396207 0.414222 0.384535 
0.484584 0.485905 0.484053 0.481654 0.507125 0.485905 0.501243 0.475967 
