0.0946903 0.0946903 0.0946903 0.0946903 0.0946903 0.0946903 0.0946903 0.0946903 0.0946903 0.0946903 0.0946903 0.0946903 0.0946903 0.0946903 0.0946903 0.0946903 
0.163532 0.163532 0.163532 0.163532 0.163532 0.163532 0.163532 0.163532 0.163532 0.163532 0.163532 0.163532 0.163532 0.163532 0.163532 0.163532 
0.169643 0.169643 0.169643 0.169643 0.169643 0.169643 0.169643 0.169643 0.169643 0.169643 0.169643 0.169643 0.169643 0.169643 0.169643 0.169643 
0.0708447 0.0708447 0.0708447 0.0708447 0.0708447 0.0708447 0.0708447 0.0708447 0.0708447 0.0708447 0.0708447 0.0708447 0.0708447 0.0708447 0.0708447 0.0708447 
0.0768421 0.0768421 0.0713587 0.0768421 0.0768421 0.0768421 0.0768421 0.0768421 0.0768421 0.0768421 0.0768421 0.0768421 0.0768421 0.0768421 0.0768421 0.0768421 
0.227925 0.227925 0.227925 0.227925 0.227925 0.227925 0.227925 0.227925 0.227925 0.227925 0.227925 0.227925 0.227925 0.227925 0.227925 0.227925 
0.25762 0.25762 0.25762 0.25762 0.25762 0.25762 0.25762 0.25762 0.25762 0.25762 0.25762 0.25762 0.25762 0.25762 0.25762 0.25762 
0.163532 0.163532 0.163532 0.163532 0.163532 0.163532 0.163532 0.163532 0.163532 0.163532 0.163532 0.163532 0.163532 0.163532 0.163532 0.163532 
0.0367231 0.0367231 0.0367231 0.0367231 0.0367231 0.0367231 0.0367231 0.0367231 0.0367231 0.0367231 0.0367231 0.0367231 0.0367231 0.0367231 0.0367231 0.0367231 
0.164216 0.164216 0.164216 0.164216 0.164216 0.164216 0.164216 0.164216 0.164216 0.164216 0.164216 0.164216 0.164216 0.164216 0.164216 0.164216 
0.127877 0.127877 0.127877 0.127877 0.127877 0.127877 0.127877 0.127877 0.127877 0.127877 0.127877 0.127877 0.127877 0.127877 0.127877 0.127877 
0.0518999 0.0518999 0.0518999 0.0518999 0.0518999 0.0518999 0.0518999 0.0518999 0.0518999 0.0518999 0.0518999 0.0518999 0.0518999 0.0518999 0.0518999 0.0518999 
0.143695 0.143695 0.143695 0.143695 0.143695 0.143695 0.143695 0.143695 0.143695 0.143695 0.143695 0.143695 0.143695 0.143695 0.143695 0.143695 
0.0750452 0.0750452 0.0750452 0.0750452 0.0750452 0.0750452 0.0750452 0.0750452 0.0750452 0.0750452 0.0750452 0.0750452 0.0750452 0.0750452 0.0750452 0.0750452 
0.256541 0.256541 0.256541 0.256541 0.256541 0.256541 0.256541 0.256541 0.256541 0.256541 0.256541 0.256541 0.256541 0.256541 0.256541 0.256541 
0.212471 0.212471 0.212471 0.212471 0.212471 0.212471 0.212471 0.212471 0.212471 0.212471 0.212471 0.212471 0.212471 0.212471 0.212471 0.212471 
