0.15347 0.0510204 0.17233 0.0597426 0.14956 0.0321665 0.211257 0.111979 0.14565 0.152444 0.182907 0.0275666 0.104594 0.0898576 0.191943 0.00392544 
0.15347 0.0510204 0.17233 0.0597426 0.14956 0.0321665 0.211257 0.111979 0.14565 0.152444 0.182907 0.0275666 0.104594 0.0898576 0.191943 0.00392544 
0.15347 0.0510204 0.17233 0.0597426 0.14956 0.0321665 0.211257 0.111979 0.14565 0.152444 0.182907 0.0275666 0.104594 0.0898576 0.191943 0.00392544 
0.15347 0.0510204 0.17233 0.0597426 0.14956 0.0321665 0.211257 0.111979 0.14565 0.152444 0.182907 0.0275666 0.104594 0.0898576 0.191943 0.00392544 
0.15347 0.0537634 0.17233 0.0597426 0.14956 0.0321665 0.211257 0.111979 0.14565 0.152444 0.182907 0.0275666 0.104594 0.0898576 0.191943 0.00392544 
0.15347 0.0510204 0.17233 0.0597426 0.14956 0.0332355 0.211257 0.111979 0.14565 0.152444 0.182907 0.0275666 0.104594 0.0898576 0.191943 0.00392544 
0.15347 0.0537634 0.17233 0.0597426 0.14956 0.0321665 0.211257 0.111979 0.14565 0.152444 0.182907 0.0275666 0.104594 0.0898576 0.191943 0.00392544 
0.15347 0.0537634 0.17233 0.0597426 0.14956 0.0321665 0.211257 0.111979 0.14565 0.152444 0.182907 0.0275666 0.104594 0.0898576 0.191943 0.00392544 
0.15347 0.0510204 0.17233 0.0597426 0.14956 0.0332355 0.211257 0.111979 0.14565 0.152444 0.182907 0.0275666 0.104594 0.0898576 0.191943 0.00392544 
0.15347 0.0510204 0.17233 0.0597426 0.14956 0.0321665 0.211257 0.111979 0.17048 0.152444 0.182907 0.0275666 0.104594 0.0898576 0.191943 0.00392544 
0.15347 0.0510204 0.17233 0.0597426 0.14956 0.0321665 0.211257 0.111979 0.14565 0.152444 0.182907 0.0275666 0.104594 0.0898576 0.191943 0.00392544 
0.15347 0.0510204 0.17233 0.0597426 0.14956 0.0321665 0.211257 0.111979 0.14565 0.152444 0.182907 0.0275666 0.104594 0.0898576 0.191943 0.00392544 
0.15347 0.0510204 0.17233 0.0597426 0.14956 0.0321665 0.211257 0.111979 0.17048 0.152444 0.182907 0.0275666 0.104594 0.0898576 0.191943 0.00392544 
0.15347 0.0537634 0.17233 0.0597426 0.14956 0.0321665 0.211257 0.111979 0.14565 0.152444 0.182907 0.0275666 0.104594 0.0898576 0.191943 0.00392544 
0.15347 0.0510204 0.17233 0.0597426 0.14956 0.0321665 0.211257 0.111979 0.14565 0.152444 0.182907 0.0275666 0.104594 0.0898576 0.191943 0.00392544 
0.15347 0.0510204 0.17233 0.0597426 0.14956 0.0321665 0.211257 0.111979 0.14565 0.152444 0.182907 0.0275666 0.104594 0.0898576 0.191943 0.00392544 
