0.0530974 0.0269828 0.0340909 0.0808356 0.252632 0.101887 0.13643 0.0269828 0.120527 0.0277778 0.0144928 0.102873 0.358447 0.0759493 0.135174 0.0839107 
0.0982301 0.0147179 0.00730515 0.127157 0.306316 0.0633962 0.0994195 0.0147179 0.16855 0.0138888 0.057971 0.150139 0.416667 0.122061 0.0981104 0.0446497 
0.0823009 0 0.0073052 0.110808 0.287368 0.0769811 0.112482 0 0.151601 0.000817001 0.0426258 0.133457 0.396119 0.105787 0.111192 0.0585065 
0.0265487 0.100572 0.107143 0.000908256 0.157895 0.169811 0.201742 0.100572 0.0357815 0.101307 0.0622336 0.0194625 0.255708 0.00542498 0.200581 0.153195 
0.189381 0.251022 0.256494 0.168029 0.0357895 0.308679 0.335268 0.251022 0.137476 0.251634 0.219096 0.151066 0.045662 0.17179 0.334302 0.294842 
0.0548673 0.0253475 0.0324675 0.0826521 0.254737 0.100377 0.134978 0.0253475 0.122411 0.0261438 0.0161978 0.104727 0.360731 0.0777577 0.133721 0.0823711 
0.170797 0.0817661 0.0738636 0.201635 0.392632 0.00150943 0.0399129 0.0817661 0.245763 0.0808823 0.127877 0.226135 0.510274 0.196203 0.0385174 0.0184758 
0.129204 0.043336 0.0357143 0.158946 0.343158 0.0369811 0.0740203 0.043336 0.201507 0.0424837 0.0878091 0.182576 0.456621 0.153707 0.0726744 0.0177059 
0.0318584 0.0466067 0.0535714 0.0590372 0.227368 0.12 0.153846 0.0466067 0.0979284 0.0473856 0.00596762 0.0806302 0.33105 0.0542495 0.152616 0.102386 
0.19292 0.102208 0.0941558 0.224342 0.418947 0.0173585 0.0217707 0.102208 0.269303 0.101307 0.14919 0.249305 0.538813 0.218807 0.0203488 0.0377213 
0.0132743 0.0637776 0.0706169 0.0399637 0.205263 0.135849 0.169086 0.0637776 0.0781544 0.0645425 0.0238704 0.0611677 0.307078 0.0352622 0.167878 0.118553 
0.176106 0.238757 0.244318 0.154405 0.02 0.297359 0.324383 0.238757 0.123352 0.239379 0.206309 0.137164 0.0627854 0.158228 0.323401 0.283295 
0.217699 0.277187 0.282468 0.197094 0.0694737 0.33283 0.358491 0.277187 0.167608 0.277778 0.246377 0.180723 0.00913239 0.200723 0.357558 0.319477 
0.0212389 0.0564187 0.0633117 0.048138 0.214737 0.129057 0.162554 0.0564187 0.086629 0.0571895 0.0161978 0.0695088 0.317352 0.0433997 0.161337 0.111624 
0.19823 0.107114 0.099026 0.229791 0.425263 0.0218868 0.0174165 0.107114 0.274953 0.106209 0.154305 0.254866 0.545662 0.224231 0.0159883 0.0423403 
0.247788 0.152903 0.14448 0.280654 0.48421 0.0641509 0.0232221 0.152903 0.327684 0.151961 0.202046 0.306766 0.609589 0.274864 0.0247093 0.0854503 
