0.237537 0.237537 0.237537 0.237537 0.237537 0.237537 0.237537 0.237537 0.237537 0.237537 0.237537 0.237537 0.237537 0.237537 0.237537 0.237537 
0.0381232 0.0381232 0.0381232 0.0381232 0.0381232 0.0381232 0.0381232 0.0381232 0.0381232 0.0381232 0.0381232 0.0381232 0.0381232 0.0381232 0.0381232 0.0381232 
0.0518084 0.0518084 0.0518084 0.0518084 0.0518084 0.0518084 0.0518084 0.0518084 0.0518084 0.0518084 0.0518084 0.0518084 0.0518084 0.0518084 0.0518084 0.0518084 
0.086999 0.086999 0.086999 0.086999 0.086999 0.086999 0.086999 0.086999 0.086999 0.086999 0.086999 0.086999 0.086999 0.086999 0.086999 0.086999 
0.192571 0.192571 0.192571 0.192571 0.192571 0.192571 0.192571 0.192571 0.192571 0.192571 0.192571 0.192571 0.192571 0.192571 0.192571 0.192571 
0.0488758 0.0488758 0.0488758 0.0488758 0.0488758 0.0488758 0.0488758 0.0488758 0.0488758 0.0488758 0.0488758 0.0488758 0.0488758 0.0488758 0.0488758 0.0488758 
0.176931 0.176931 0.176931 0.176931 0.176931 0.176931 0.176931 0.176931 0.176931 0.176931 0.176931 0.176931 0.176931 0.176931 0.176931 0.176931 
0.0351906 0.0351906 0.0351906 0.0351906 0.0351906 0.0351906 0.0351906 0.0351906 0.0351906 0.0351906 0.0351906 0.0351906 0.0351906 0.0351906 0.0351906 0.0351906 
0.262952 0.262952 0.262952 0.262952 0.262952 0.262952 0.262952 0.262952 0.262952 0.262952 0.262952 0.262952 0.262952 0.262952 0.262952 0.262952 
0.0234604 0.0234604 0.0234604 0.0234604 0.0234604 0.0234604 0.0234604 0.0234604 0.0234604 0.0234604 0.0234604 0.0234604 0.0234604 0.0234604 0.0234604 0.0234604 
0.0625612 0.0625612 0.0625612 0.0625612 0.0625612 0.0625612 0.0625612 0.0625612 0.0625612 0.0625612 0.0625612 0.0625612 0.0625612 0.0625612 0.0625612 0.0625612 
0.0205278 0.0205278 0.0205278 0.0205278 0.0205278 0.0205278 0.0205278 0.0205278 0.0205278 0.0205278 0.0205278 0.0205278 0.0205278 0.0205278 0.0205278 0.0205278 
0.13783 0.13783 0.13783 0.13783 0.13783 0.13783 0.13783 0.13783 0.13783 0.13783 0.13783 0.13783 0.13783 0.13783 0.13783 0.13783 
0.108504 0.108504 0.108504 0.108504 0.108504 0.108504 0.108504 0.108504 0.108504 0.108504 0.108504 0.108504 0.108504 0.108504 0.108504 0.108504 
0.140762 0.140762 0.140762 0.140762 0.140762 0.140762 0.140762 0.140762 0.140762 0.140762 0.140762 0.140762 0.140762 0.140762 0.140762 0.140762 
0.113392 0.113392 0.113392 0.113392 0.113392 0.113392 0.113392 0.113392 0.113392 0.113392 0.113392 0.113392 0.113392 0.113392 0.113392 0.113392 
