0.110256 0.119919 0.195167 0.0728052 0.0484262 0.192917 0.280731 0.122594 0.148541 0.133133 0.203312 0.135729 0.0181406 0.236332 0.257926 0.045204 
0.382051 0.0955285 0.00185871 0.154176 0.305085 0.00465989 0.104651 0.0921986 0.429708 0.079079 0.00827968 0.0758483 0.222222 0.0493827 0.0762639 0.188534 
0.584615 0.256098 0.148699 0.32334 0.496368 0.151911 0.0265781 0.25228 0.639257 0.237237 0.137074 0.233533 0.401361 0.0899471 0.059126 0.362734 
0.394872 0.105691 0.0111524 0.164882 0.317191 0.0139796 0.0963455 0.10233 0.442971 0.089089 0.000919938 0.0858283 0.23356 0.0405644 0.067695 0.199559 
0.115385 0.115854 0.19145 0.0685225 0.0532688 0.189189 0.277409 0.118541 0.153846 0.129129 0.199632 0.131737 0.0136054 0.232804 0.254499 0.0407938 
0.355128 0.074187 0.017658 0.131692 0.279661 0.0149115 0.122093 0.070922 0.401857 0.058058 0.0275989 0.0548903 0.198413 0.0679013 0.0942588 0.16538 
0.66282 0.318089 0.20539 0.388651 0.570218 0.20876 0.0772425 0.314083 0.720159 0.298298 0.193192 0.294411 0.470522 0.143739 0.111397 0.429989 
0.476923 0.170732 0.070632 0.233405 0.394673 0.0736253 0.0431893 0.167173 0.527851 0.153153 0.0597976 0.149701 0.306122 0.0158731 0.0128534 0.270121 
0.120513 0.111789 0.187732 0.0642398 0.0581114 0.185461 0.274086 0.114488 0.159151 0.125125 0.195952 0.127744 0.00907028 0.229277 0.251071 0.0363837 
0.547436 0.226626 0.121747 0.292291 0.461259 0.124884 0.00249171 0.222898 0.600796 0.208208 0.110396 0.204591 0.368481 0.0643739 0.0342759 0.330761 
0.605128 0.272358 0.163569 0.340471 0.515738 0.166822 0.0398672 0.26849 0.660477 0.253253 0.151794 0.249501 0.419501 0.104056 0.0728363 0.380375 
0.348718 0.0691057 0.0223048 0.126338 0.273608 0.0195713 0.126246 0.0658561 0.395225 0.053053 0.0321987 0.0499002 0.192744 0.0723104 0.0985433 0.159868 
0.174359 0.0691057 0.148699 0.019272 0.108959 0.146319 0.239203 0.0719352 0.214854 0.0830831 0.157314 0.0858284 0.0385487 0.19224 0.215081 0.00992286 
0.441026 0.142276 0.0446097 0.203426 0.360775 0.0475303 0.0664452 0.138804 0.490716 0.125125 0.0340387 0.121756 0.274376 0.00881833 0.0368466 0.23925 
0.623077 0.286585 0.17658 0.35546 0.532688 0.17987 0.0514951 0.282675 0.679045 0.267267 0.164673 0.263473 0.435374 0.116402 0.0848329 0.39581 
0.30641 0.0355691 0.052974 0.0910064 0.233656 0.0503262 0.153654 0.0324215 0.351459 0.02002 0.0625575 0.0169661 0.155329 0.101411 0.126821 0.123484 
