0.0591074 0.288321 0.296029 0.205703 0.0262172 0.346734 0.380461 0.227723 0.041769 0.205703 0.304813 0.121622 0.0286426 0.257143 0.337861 0.222333 
0.15752 0.10219 0.111913 0.00203252 0.185976 0.175879 0.218427 0.0264227 0.172764 0.00203252 0.122995 0.097561 0.183943 0.0670732 0.164686 0.0193089 
0.229554 0.0182482 0.0297397 0.0873606 0.255576 0.0988275 0.145353 0.0613383 0.243494 0.0873606 0.0409982 0.211712 0.253717 0.0241635 0.0865874 0.0678439 
0.126659 0.14781 0.15704 0.0488799 0.142398 0.278373 0.258141 0.0752475 0.12848 0.0513918 0.167558 0.0518018 0.140257 0.110476 0.207131 0.0687936 
0.00363195 0.326877 0.341404 0.158859 0.0302663 0.308208 0.343924 0.182178 0.0145279 0.158859 0.263815 0.0698198 0.027845 0.213333 0.298812 0.176471 
0.2274 0.0209854 0.0326189 0.0848089 0.253495 0.10134 0.147736 0.0587139 0.241379 0.0848089 0.0456663 0.172414 0.251631 0.0214352 0.0978565 0.0652376 
0.311462 0.089701 0.0797342 0.184385 0.334718 0.00837517 0.0436854 0.16113 0.32392 0.226069 0.0681063 0.262458 0.333056 0.127907 0.0220714 0.166944 
0.160081 0.0994526 0.109206 0.00506586 0.18845 0.209726 0.216044 0.0233029 0.175279 0.00506586 0.120321 0.100304 0.186423 0.06 0.162139 0.0159522 
0.0904704 0.312044 0.319495 0.232179 0.0586767 0.368509 0.401112 0.253465 0.0737101 0.232179 0.327986 0.150901 0.0610211 0.281905 0.359932 0.330239 
0.17017 0.0885037 0.0983754 0.017017 0.198198 0.163317 0.206513 0.011011 0.185185 0.017017 0.109626 0.111111 0.196196 0.0485714 0.151952 0.004004 
0.311218 0.00821167 0.0193192 0.0965961 0.26311 0.0896147 0.136616 0.0708371 0.335381 0.0965961 0.0311943 0.183073 0.26127 0.0352381 0.0772496 0.0772769 
0.172655 0.0857664 0.0956679 0.0203665 0.200599 0.160804 0.20413 0.0079208 0.187625 0.0199601 0.106952 0.113772 0.198603 0.0457143 0.149406 0.000997007 
0.0600907 0.195255 0.203971 0.101833 0.0918368 0.261307 0.299444 0.126733 0.0770975 0.101833 0.213904 0.00675678 0.0895692 0.16 0.251273 0.120638 
0.268959 0.0346715 0.0234658 0.134039 0.293651 0.0502512 0.0992851 0.109347 0.282187 0.134039 0.010582 0.216931 0.291887 0.0740741 0.0373514 0.11552 
0.289632 0.0647811 0.0532491 0.158526 0.313625 0.022613 0.0730739 0.134533 0.302485 0.158526 0.0385604 0.239075 0.311911 0.100257 0.00933784 0.140531 
0.0859978 0.208379 0.181408 0.0763748 0.116869 0.240368 0.279587 0.113561 0.102536 0.0763748 0.191622 0.0209482 0.114664 0.13619 0.230051 0.0957128 
