0.156403 0.156403 0.156403 0.156403 0.156403 0.156403 0.156403 0.156403 0.156403 0.156403 0.156403 0.156403 0.156403 0.156403 0.156403 0.156403 
0.0448179 0.0448179 0.0448179 0.0448179 0.0448179 0.0448179 0.0448179 0.0448179 0.0448179 0.0448179 0.0448179 0.0448179 0.0448179 0.0448179 0.0448179 0.0448179 
0.124893 0.124893 0.124893 0.124893 0.124893 0.124893 0.124893 0.124893 0.124893 0.124893 0.124893 0.124893 0.124893 0.124893 0.124893 0.124893 
0.0615836 0.0615836 0.0615836 0.0615836 0.065625 0.065625 0.065625 0.065625 0.0615836 0.0615836 0.0615836 0.0615836 0.065625 0.0615836 0.0615836 0.065625 
0.188661 0.188661 0.188661 0.188661 0.188661 0.188661 0.188661 0.188661 0.188661 0.188661 0.188661 0.188661 0.188661 0.188661 0.188661 0.188661 
0.155941 0.155941 0.155941 0.155941 0.155941 0.155941 0.155941 0.155941 0.155941 0.155941 0.155941 0.155941 0.155941 0.155941 0.155941 0.155941 
0.220868 0.220868 0.220868 0.220868 0.220868 0.220868 0.220868 0.220868 0.220868 0.220868 0.220868 0.220868 0.220868 0.220868 0.220868 0.220868 
0.0631868 0.0631868 0.0631868 0.0631868 0.0631868 0.0631868 0.0631868 0.0631868 0.0631868 0.0631868 0.0631868 0.0631868 0.0631868 0.0631868 0.0631868 0.0631868 
0.184751 0.184751 0.184751 0.184751 0.184751 0.226619 0.184751 0.184751 0.184751 0.184751 0.184751 0.184751 0.184751 0.184751 0.184751 0.184751 
0.087422 0.087422 0.087422 0.087422 0.087422 0.087422 0.087422 0.087422 0.0957967 0.087422 0.087422 0.0957967 0.0957967 0.087422 0.087422 0.087422 
0.135249 0.135249 0.135249 0.135249 0.135249 0.135249 0.135249 0.135249 0.135249 0.135249 0.135249 0.135249 0.135249 0.135249 0.135249 0.135249 
0.00195122 0.00195122 0.00195122 0.00195122 0.00195122 0.00195122 0.00195122 0.00195122 0.00195122 0.00195122 0.00195122 0.00195122 0.00195122 0.00195122 0.00195122 0.00195122 
0.148583 0.148583 0.148583 0.148583 0.148583 0.148583 0.148583 0.148583 0.148583 0.148583 0.148583 0.148583 0.148583 0.148583 0.148583 0.148583 
0.0857909 0.0857909 0.0857909 0.0857909 0.0857909 0.0857909 0.0857909 0.0857909 0.0857909 0.0857909 0.0857909 0.0857909 0.0857909 0.0857909 0.0857909 0.0857909 
0.178313 0.178313 0.178313 0.178313 0.178313 0.178313 0.178313 0.178313 0.178313 0.178313 0.178313 0.178313 0.178313 0.178313 0.178313 0.178313 
0.020115 0.020115 0.020115 0.020115 0.020115 0.020115 0.020115 0.020115 0.020115 0.020115 0.020115 0.020115 0.020115 0.020115 0.020115 0.020115 
