0.0504202 0.089444 0.0760425 0.0272727 0.233624 0.0520134 0.145881 0.11442 0.0308748 0.161721 0.0131004 0.213749 0.27828 0.0207973 0.165436 0.198582 
0.0277311 0.0145044 0 0.111818 0.335153 0.0260067 0.0755858 0.041536 0.0488851 0.09273 0.0681223 0.313641 0.383484 0.059792 0.0967504 0.132624 
0.0352942 0.00725222 0.00735891 0.12 0.344978 0.0335571 0.068783 0.0344828 0.0566038 0.0860534 0.0759826 0.323308 0.393665 0.067591 0.0901034 0.126241 
0.0747899 0.112812 0.0997547 0.00090909 0.201965 0.0763423 0.1678 0.137147 0.0557461 0.183234 0.0384279 0.182599 0.245475 0.0459272 0.186854 0.219149 
0.201681 0.234488 0.223222 0.136364 0.037118 0.20302 0.281935 0.255486 0.185249 0.295252 0.170306 0.0204082 0.0746607 0.176776 0.298375 0.326241 
0.113445 0.0676874 0.0834014 0.204545 0.446507 0.111577 0.00151169 0.0384012 0.136364 0.0170623 0.157205 0.423201 0.498869 0.14818 0.021418 0.0602837 
0.157983 0.110395 0.126737 0.252727 0.504367 0.15604 0.0415722 0.0799373 0.181818 0.0222552 0.203493 0.480129 0.558824 0.194107 0.0177252 0.0226951 
0.0277311 0.0145044 0 0.111818 0.335153 0.0260067 0.0755858 0.041536 0.0488851 0.09273 0.0681223 0.313641 0.383484 0.059792 0.0967504 0.132624 
0.107563 0.144239 0.131643 0.0345455 0.159389 0.10906 0.197279 0.167712 0.0891938 0.212166 0.0724891 0.140709 0.201357 0.0797227 0.215657 0.246809 
0.0285715 0.0136986 0.000817657 0.112727 0.336245 0.0268457 0.0748299 0.0407524 0.0497427 0.0919881 0.0689956 0.314715 0.384615 0.0606586 0.0960118 0.131915 
0.0142857 0.0547945 0.0408831 0.0663637 0.280568 0.0159396 0.113379 0.080721 0.00600338 0.129822 0.0244541 0.259935 0.326923 0.0164645 0.133678 0.168085 
0.0932773 0.13054 0.117743 0.0190909 0.177948 0.0947987 0.184429 0.154389 0.074614 0.199555 0.0576419 0.158969 0.220588 0.0649914 0.203102 0.234752 
0.263866 0.294118 0.283729 0.203636 0.0436682 0.265101 0.337868 0.31348 0.248714 0.350148 0.234935 0.0590762 0.00904977 0.240901 0.353028 0.378723 
0.0705882 0.108783 0.0956664 0.00545454 0.207424 0.0721477 0.164021 0.133229 0.051458 0.179525 0.0340611 0.18797 0.251131 0.0415944 0.183161 0.215603 
0.156303 0.108783 0.125102 0.250909 0.502183 0.154362 0.0400605 0.0783699 0.180103 0.0207715 0.201747 0.477981 0.556561 0.192374 0.0162481 0.0241135 
0.0915966 0.0467365 0.0621423 0.180909 0.418122 0.0897651 0.0181406 0.018025 0.114065 0.0363501 0.134498 0.395274 0.469457 0.12565 0.0406204 0.0787234 
