0.0393975 0.212591 0.221119 0.121181 0.0718424 0.277219 0.314535 0.145545 0.0567787 0.121181 0.230838 0.0281532 0.0695249 0.178095 0.267402 0.139581 
0.225957 0.0228102 0.0345472 0.0830999 0.252101 0.103015 0.149325 0.0569561 0.239963 0.0830999 0.0454546 0.170868 0.250233 0.0196078 0.0908319 0.0634921 
0.290847 0.0624465 0.0521814 0.159966 0.314799 0.020938 0.0714853 0.136014 0.303678 0.159966 0.0402053 0.240376 0.313088 0.101796 0.00764006 0.142002 
0.136458 0.124088 0.133574 0.0224032 0.165625 0.19598 0.23749 0.0495049 0.152083 0.0224032 0.144385 0.075 0.163542 0.09375 0.185059 0.0428714 
0.00120628 0.242701 0.250903 0.154786 0.0362047 0.304858 0.340747 0.178218 0.0192771 0.154786 0.26025 0.0653153 0.0336239 0.209524 0.295416 0.172483 
0.316007 0.0957096 0.0858086 0.189769 0.339109 0.0148515 0.0373312 0.166667 0.328383 0.189769 0.0742574 0.267327 0.337459 0.133663 0.0280528 0.172442 
0.368621 0.16527 0.156131 0.252094 0.389947 0.0906321 0.0411272 0.230769 0.380046 0.252094 0.145468 0.323686 0.388423 0.200305 0.102818 0.236101 
0.240842 0.00364965 0.0144404 0.100733 0.266484 0.0854272 0.132645 0.0750916 0.254579 0.100733 0.026738 0.186813 0.3599 0.04 0.0730051 0.0887338 
0.00603139 0.239051 0.247292 0.150713 0.0395684 0.301508 0.337569 0.174257 0.0239808 0.150713 0.256684 0.0608108 0.0386052 0.205714 0.29202 0.168495 
0.352232 0.0228102 0.0115968 0.123996 0.285459 0.061139 0.109611 0.0990188 0.273863 0.123996 0.000891268 0.20785 0.396015 0.0633363 0.0483871 0.105263 
0.299239 0.0735418 0.0633981 0.169907 0.322908 0.00921273 0.0603654 0.146238 0.453317 0.169907 0.0515638 0.249366 0.321217 0.112426 0.00424445 0.152156 
0.19122 0.064781 0.0749097 0.0419512 0.218537 0.141541 0.185862 0.0146341 0.205854 0.0419512 0.0864528 0.133659 0.216585 0.0238096 0.149268 0.0214634 
0.0482205 0.205292 0.213899 0.113035 0.0873908 0.270519 0.308181 0.137624 0.065442 0.113035 0.223708 0.0191441 0.0780712 0.170476 0.260611 0.131605 
0.25916 0.0205541 0.00983018 0.139511 0.284182 0.0628141 0.111199 0.107921 0.272565 0.122431 0.00268102 0.260135 0.282395 0.0616622 0.0500849 0.103664 
0.334137 0.119679 0.11004 0.211245 0.356627 0.0427135 0.01112 0.188755 0.346185 0.211245 0.0987952 0.286747 0.35502 0.156627 0.0538152 0.194377 
0.205939 0.0474452 0.0577617 0.059387 0.232759 0.125628 0.17077 0.032567 0.220307 0.0631365 0.0747126 0.149425 0.300125 0.0057143 0.113752 0.039272 
