0 0.194211 0.261762 0.101042 0.039759 0.287954 0.342727 0.209707 0.0347722 0.230152 0.270499 0.158049 0.00918484 0.228776 0.306827 0.173372 
0.24102 0 0.0838323 0.115625 0.290361 0.116337 0.184311 0.0192308 0.284173 0.044603 0.0946745 0.044878 0.229621 0.0428954 0.139759 0.0258621 
0.354577 0.0915033 0 0.217708 0.408434 0.0354785 0.109672 0.0705128 0.401679 0.0428189 0.0118343 0.140488 0.342135 0.0446827 0.0610442 0.119732 
0.112399 0.103641 0.178785 0 0.156626 0.207921 0.26885 0.120879 0.151079 0.143622 0.188504 0.0634146 0.102181 0.142091 0.228916 0.0804598 
0.0382387 0.225023 0.289991 0.135417 0 0.315181 0.36786 0.239927 0.00479615 0.25959 0.298394 0.190244 0.0470724 0.258266 0.333333 0.204981 
0.404403 0.131653 0.0367836 0.2625 0.460241 0 0.0769231 0.10989 0.453237 0.0811775 0.024514 0.182439 0.391504 0.08311 0.026506 0.16092 
0.521437 0.225957 0.123182 0.367708 0.581928 0.0833334 0 0.202381 0.574341 0.171276 0.10989 0.280976 0.507463 0.173369 0.0546185 0.257663 
0.265353 0.0196079 0.0658683 0.1375 0.315663 0.0990099 0.168317 0 0.309353 0.0258698 0.0769231 0.0653659 0.253731 0.0241287 0.122892 0.045977 
0.0336037 0.221289 0.28657 0.13125 0.00481927 0.311881 0.364813 0.236264 0 0.256021 0.295013 0.186341 0.0424799 0.254692 0.330121 0.201149 
0.298957 0.0466853 0.0410607 0.167708 0.350602 0.0750825 0.14623 0.0265567 0.344125 0 0.0524091 0.0936586 0.287026 0.0017873 0.0995984 0.0737548 
0.3708 0.104575 0.011976 0.232292 0.425301 0.0239274 0.0990099 0.0833334 0.418465 0.0553077 0 0.154146 0.358209 0.0571939 0.0497992 0.133142 
0.187717 0.0429505 0.123182 0.0677084 0.23494 0.15429 0.219345 0.0613553 0.229017 0.0856378 0.133559 0 0.176808 0.0840036 0.176707 0.0181992 
0.00926995 0.186741 0.254919 0.0927083 0.0493976 0.281353 0.336634 0.202381 0.0443645 0.223015 0.263736 0.150244 0 0.221626 0.300402 0.165709 
0.29664 0.0448179 0.0427716 0.165625 0.348193 0.0767327 0.147753 0.0247253 0.341727 0.00178415 0.0540997 0.0917073 0.28473 0 0.101205 0.0718391 
0.442642 0.162465 0.0650128 0.296875 0.5 0.0272278 0.0517898 0.14011 0.492806 0.110615 0.0524092 0.214634 0.429392 0.112601 0 0.192529 
0.209733 0.0252101 0.106929 0.0875 0.257831 0.138614 0.204874 0.043956 0.251799 0.0686887 0.117498 0.0185366 0.198622 0.0670241 0.161446 0 
