0.0961761 0.271709 0.332763 0.1875 0.060241 0.356436 0.405941 0.285714 0.0647482 0.304193 0.340659 0.239024 0.104478 0.302949 0.373494 0.252874 
0.140209 0.0812325 0.158255 0.025 0.185542 0.188119 0.250571 0.0989011 0.179856 0.122212 0.168216 0.04 0.129736 0.120643 0.209639 0.0574713 
0.246813 0.00466859 0.0795552 0.120833 0.296386 0.112211 0.180503 0.014652 0.290168 0.0401427 0.090448 0.0497561 0.235362 0.0384272 0.135743 0.0306513 
0.0822711 0.127918 0.201026 0.0270833 0.125301 0.229373 0.288652 0.144689 0.119904 0.166815 0.210482 0.0887805 0.0723307 0.165326 0.249799 0.105364 
0.0428737 0.228758 0.293413 0.139583 0.00481927 0.318482 0.370906 0.24359 0.00959235 0.263158 0.301775 0.194146 0.0516648 0.261841 0.336546 0.208812 
0.243337 0.00186741 0.0821215 0.117708 0.292771 0.114686 0.182788 0.0173993 0.286571 0.0428189 0.092984 0.0468292 0.231917 0.0411081 0.138153 0.0277778 
0.395133 0.124183 0.0299401 0.254167 0.450602 0.00660068 0.083016 0.102564 0.443645 0.074041 0.0177515 0.174634 0.382319 0.0759606 0.0329317 0.153257 
0.143685 0.0784314 0.155689 0.028125 0.189157 0.185644 0.248286 0.0961539 0.183453 0.119536 0.16568 0.0370732 0.13318 0.117962 0.207229 0.0545977 
0.126304 0.295985 0.355004 0.214583 0.0915663 0.377888 0.425743 0.309524 0.0959232 0.327386 0.362637 0.26439 0.134328 0.326184 0.394378 0.277778 
0.15759 0.0672269 0.145423 0.040625 0.203614 0.175743 0.239147 0.0851648 0.197842 0.108831 0.155537 0.0253658 0.146958 0.107239 0.19759 0.0431035 
0.25956 0.0149393 0.0701454 0.132292 0.309639 0.103135 0.172125 0.00457877 0.303357 0.0303301 0.0811496 0.0604877 0.247991 0.0285969 0.126908 0.0411878 
0.161066 0.0644258 0.142857 0.04375 0.207229 0.173267 0.236862 0.0824176 0.201439 0.106155 0.153001 0.022439 0.150402 0.104558 0.195181 0.0402299 
0.0220162 0.176471 0.245509 0.08125 0.0626506 0.272277 0.328256 0.192308 0.057554 0.213202 0.254438 0.139512 0.0126292 0.211796 0.291566 0.155172 
0.314021 0.0588236 0.0299401 0.18125 0.366265 0.0643564 0.136329 0.0384616 0.359712 0.0115968 0.0414201 0.106341 0.301952 0.0134048 0.0891566 0.0862069 
0.35226 0.0896358 0.00171089 0.215625 0.406024 0.0371287 0.111196 0.0686814 0.399281 0.0410348 0.0135249 0.138537 0.339839 0.0428954 0.0626506 0.117816 
0.050985 0.153128 0.224123 0.0552083 0.0927711 0.25165 0.309216 0.169414 0.08753 0.190901 0.233305 0.115122 0.0413318 0.189455 0.271486 0.131226 
