0.599178 0.600205 0.598765 0.596899 0.616708 0.600205 0.612133 0.592476 
0.494347 0.495643 0.493827 0.491473 0.516462 0.495643 0.510691 0.485893 
0.447071 0.448488 0.446502 0.443928 0.471253 0.448488 0.464943 0.437827 
0.520041 0.521271 0.519547 0.517313 0.541032 0.521271 0.535554 0.512017 
0.57554 0.576627 0.575103 0.573127 0.594103 0.576627 0.589259 0.568443 
0.448613 0.450026 0.448045 0.445478 0.472727 0.450026 0.466435 0.439394 
0.381295 0.382881 0.380658 0.377778 0.408354 0.382881 0.401293 0.370951 
0.492806 0.494106 0.492284 0.489922 0.514988 0.494106 0.509199 0.484326 
0.612539 0.613532 0.61214 0.610336 0.629484 0.613532 0.625062 0.606061 
0.486639 0.487955 0.486111 0.483721 0.509091 0.487955 0.503232 0.478056 
0.441418 0.44285 0.440844 0.438243 0.465848 0.44285 0.459473 0.432079 
0.485098 0.486417 0.484568 0.482171 0.507617 0.486417 0.50174 0.476489 
0.546763 0.547924 0.546296 0.544186 0.566585 0.547924 0.561412 0.539185 
0.417266 0.41876 0.416667 0.413953 0.442752 0.41876 0.436101 0.407524 
0.400308 0.401845 0.399691 0.396899 0.426536 0.401845 0.419692 0.390282 
0.533916 0.53511 0.533436 0.531266 0.5543 0.53511 0.548981 0.526123 
