0.272269 0.302176 0.291905 0.212727 0.0545852 0.27349 0.345427 0.321317 0.25729 0.357567 0.243668 0.0698174 0.020362 0.249567 0.360414 0.385816 
0.0941176 0.131346 0.118561 0.02 0.176856 0.0956376 0.185185 0.155172 0.0754717 0.200297 0.0585153 0.157895 0.219457 0.0658579 0.20384 0.235461 
0.0386555 0.00402904 0.0106297 0.123636 0.349345 0.0369128 0.0657597 0.031348 0.0600343 0.0830861 0.079476 0.327605 0.39819 0.0710572 0.0871492 0.123404 
0.0857143 0.123288 0.110384 0.0109091 0.187773 0.0872483 0.177627 0.147335 0.0668954 0.192878 0.0497817 0.168636 0.230769 0.0571924 0.196455 0.228369 
0.268908 0.298952 0.288634 0.209091 0.0502183 0.270134 0.342404 0.318182 0.253859 0.354599 0.240175 0.0655209 0.0158371 0.246101 0.357459 0.382979 
0.111765 0.148268 0.135732 0.0390909 0.15393 0.113255 0.201058 0.17163 0.093482 0.215875 0.0768559 0.135338 0.195701 0.0840555 0.21935 0.250355 
0.089916 0.0451249 0.0605069 0.179091 0.415939 0.0880872 0.0196523 0.0164577 0.11235 0.0378338 0.132751 0.393126 0.467195 0.123917 0.0420975 0.0801418 
0.0319328 0.0717164 0.058054 0.0472727 0.257642 0.0335571 0.129252 0.0971787 0.0120069 0.145401 0.00611353 0.237379 0.303167 0.00173312 0.149188 0.182979 
0.265546 0.295729 0.285364 0.205455 0.0458515 0.266779 0.33938 0.315047 0.250429 0.351632 0.236681 0.0612245 0.0113122 0.242634 0.354505 0.380142 
0.0142857 0.0273973 0.0130826 0.0972728 0.317686 0.0125839 0.0876795 0.0540752 0.0351629 0.104599 0.0541484 0.296455 0.365385 0.0459272 0.108567 0.143972 
0.0521009 0.00886381 0.0237122 0.138182 0.366812 0.0503355 0.0536659 0.0188088 0.0737565 0.0712166 0.0934498 0.344791 0.41629 0.084922 0.0753323 0.112057 
0.115966 0.152297 0.13982 0.0436364 0.148472 0.11745 0.204838 0.175549 0.0977702 0.219585 0.0812227 0.129968 0.190045 0.0883882 0.223043 0.253901 
0.230252 0.261886 0.251022 0.167273 0 0.231544 0.307634 0.282132 0.214408 0.320475 0.2 0.0161117 0.0361991 0.206239 0.323486 0.350355 
0.0554622 0.0942788 0.0809485 0.0218182 0.227074 0.057047 0.150416 0.119122 0.0360206 0.166172 0.0183406 0.207304 0.271493 0.0259965 0.169867 0.202837 
0.0638655 0.0201451 0.0351595 0.150909 0.382096 0.0620805 0.0430839 0.007837 0.0857633 0.0608308 0.105677 0.359828 0.432127 0.0970538 0.0649926 0.102128 
0.143698 0.178888 0.166803 0.0736364 0.112445 0.145134 0.229781 0.201411 0.126072 0.244065 0.110044 0.094522 0.152715 0.116984 0.247415 0.277305 
