0.474306 0.475654 0.473765 0.471318 0.497297 0.475654 0.491298 0.465517 
0.474306 0.475654 0.473765 0.471318 0.497297 0.475654 0.491298 0.465517 
0.474306 0.475654 0.473765 0.471318 0.497297 0.475654 0.491298 0.465517 
0.474306 0.475654 0.473765 0.471318 0.497297 0.475654 0.491298 0.465517 
0.474306 0.475654 0.473765 0.471318 0.497297 0.475654 0.491298 0.465517 
0.474306 0.475654 0.473765 0.471318 0.497297 0.475654 0.491298 0.465517 
0.474306 0.475654 0.473765 0.471318 0.497297 0.475654 0.491298 0.465517 
0.474306 0.475654 0.473765 0.471318 0.497297 0.475654 0.491298 0.465517 
0.474306 0.475654 0.473765 0.471318 0.497297 0.475654 0.491298 0.465517 
0.474306 0.475654 0.473765 0.471318 0.497297 0.475654 0.491298 0.465517 
0.474306 0.475654 0.473765 0.471318 0.497297 0.475654 0.491298 0.465517 
0.474306 0.475654 0.473765 0.471318 0.497297 0.475654 0.491298 0.465517 
0.474306 0.475654 0.473765 0.471318 0.497297 0.475654 0.491298 0.465517 
0.474306 0.475654 0.473765 0.471318 0.497297 0.475654 0.491298 0.465517 
0.474306 0.475654 0.473765 0.471318 0.497297 0.475654 0.491298 0.465517 
0.474306 0.475654 0.473765 0.471318 0.497297 0.475654 0.491298 0.465517 
