0.309735 0.362224 0.366883 0.291553 0.178947 0.411321 0.433962 0.362224 0.265537 0.362745 0.335038 0.277108 0.109589 0.294756 0.43314 0.399538 
0.129204 0.242886 0.201299 0.106267 0.0357895 0.257358 0.285922 0.242886 0.0734463 0.196078 0.161125 0.0880445 0.109756 0.123984 0.284884 0.320122 
0.0477876 0.136617 0.126623 0.0232342 0.1171 0.187925 0.219158 0.120196 0.0131826 0.120915 0.0826939 0.00278038 0.185874 0.0271248 0.218023 0.17167 
0.173451 0.236304 0.241883 0.15168 0.0168421 0.295094 0.322206 0.236304 0.120527 0.236928 0.203751 0.134384 0.0620985 0.155515 0.321221 0.280985 
0.269027 0.324612 0.329545 0.33293 0.130526 0.376604 0.400581 0.324612 0.222222 0.325163 0.295823 0.234476 0.0605327 0.253165 0.399709 0.364126 
0.053122 0.122649 0.129058 0.026095 0.114632 0.190189 0.221335 0.122649 0.0102516 0.123366 0.0931966 0.00559175 0.183597 0.0307549 0.220203 0.17398 
0.0614618 0.0155356 0.0227273 0.0855482 0.210963 0.0913208 0.12627 0.0155356 0.11794 0.0163399 0.026428 0.103821 0.272425 0.0886075 0.125 0.0731332 
0.126549 0.192968 0.198864 0.103542 0.0389473 0.255094 0.283745 0.192968 0.0759878 0.193627 0.158568 0.0852641 0.126712 0.120567 0.282703 0.240185 
0.332743 0.383483 0.387987 0.315168 0.206316 0.430943 0.45283 0.383483 0.290019 0.383987 0.357204 0.301205 0.139269 0.318264 0.452035 0.419554 
0.131131 0.183156 0.189123 0.092643 0.049049 0.246038 0.275036 0.183156 0.0593221 0.183824 0.148338 0.0741428 0.123123 0.096745 0.273983 0.230947 
0.0380531 0.111202 0.117695 0.0128795 0.126035 0.179623 0.211176 0.111202 0.0235405 0.111928 0.0733163 0.00741422 0.194112 0.017179 0.210029 0.163202 
0.113274 0.180703 0.186688 0.0899183 0.0518962 0.243774 0.272859 0.180703 0.0598803 0.181373 0.14578 0.0713624 0.125749 0.103792 0.271802 0.228637 
0.219469 0.278823 0.284091 0.19891 0.0715789 0.33434 0.359942 0.278823 0.169492 0.279412 0.248082 0.182576 0.00680274 0.202532 0.359012 0.321016 
0.0035398 0.0727718 0.0795454 0.0299728 0.162257 0.144151 0.177068 0.0784832 0.0634921 0.0735294 0.0332481 0.0509732 0.227513 0.0253165 0.175872 0.127021 
0.0327433 0.0457891 0.0556984 0.0599455 0.228421 0.119245 0.15312 0.0457891 0.0899743 0.0465686 0.00514138 0.081557 0.249357 0.0522708 0.15189 0.101617 
0.197345 0.258381 0.263799 0.176203 0.0452632 0.315472 0.3418 0.258381 0.145951 0.258987 0.226769 0.159407 0.0341786 0.179928 0.340843 0.301771 
