0.237537 0.237537 0.237537 0.237537 0.237537 0.237537 0.237537 0.237537 0.237537 0.237537 0.237537 0.237537 0.237537 0.237537 0.237537 0.237537 
0.0396341 0.0396341 0.0396341 0.0396341 0.0396341 0.0396341 0.0396341 0.0396341 0.0396341 0.0396341 0.0396341 0.0396341 0.0381232 0.0396341 0.0396341 0.0381232 
0.0492565 0.0492565 0.0492565 0.0492565 0.0492565 0.0492565 0.0492565 0.0492565 0.0492565 0.0492565 0.0492565 0.0492565 0.0492565 0.0492565 0.0492565 0.0492565 
0.086999 0.0952891 0.0952891 0.0952891 0.0952891 0.0952891 0.0952891 0.0952891 0.0952891 0.0952891 0.0952891 0.0952891 0.0952891 0.086999 0.0952891 0.0952891 
0.192571 0.192571 0.192571 0.192571 0.192571 0.192571 0.192571 0.192571 0.192571 0.192571 0.192571 0.192571 0.192571 0.192571 0.192571 0.192571 
0.0465983 0.0465983 0.0465983 0.0465983 0.0465983 0.0465983 0.0465983 0.0488758 0.0465983 0.0465983 0.0465983 0.0465983 0.0465983 0.0465983 0.0465983 0.0465983 
0.150332 0.150332 0.150332 0.150332 0.150332 0.150332 0.150332 0.150332 0.150332 0.150332 0.150332 0.150332 0.150332 0.150332 0.150332 0.150332 
0.0364741 0.0364741 0.0364741 0.0364741 0.0364741 0.0364741 0.0364741 0.0364741 0.0364741 0.0364741 0.0364741 0.0364741 0.0364741 0.0364741 0.0364741 0.0364741 
0.262952 0.262952 0.262952 0.262952 0.262952 0.262952 0.262952 0.262952 0.262952 0.262952 0.262952 0.262952 0.262952 0.262952 0.262952 0.262952 
0.0234604 0.024024 0.024024 0.024024 0.024024 0.0234604 0.024024 0.024024 0.0234604 0.024024 0.024024 0.0234604 0.024024 0.024024 0.024024 0.024024 
0.0588776 0.0588776 0.0588776 0.0588776 0.0588776 0.0588776 0.0588776 0.0588776 0.0588776 0.0588776 0.0588776 0.0588776 0.0588776 0.0588776 0.0588776 0.0588776 
0.0209581 0.0205278 0.0209581 0.0209581 0.0209581 0.0205278 0.0205278 0.0205278 0.0205278 0.0205278 0.0205278 0.0209581 0.0205278 0.0209581 0.0209581 0.0209581 
0.13783 0.13783 0.13783 0.13783 0.13783 0.13783 0.13783 0.13783 0.13783 0.13783 0.13783 0.13783 0.13783 0.13783 0.13783 0.13783 
0.0978836 0.0978836 0.0978836 0.0978836 0.0978836 0.0978836 0.0978836 0.0978836 0.0978836 0.0978836 0.0978836 0.0978836 0.0978836 0.0978836 0.0978836 0.0978836 
0.123393 0.123393 0.123393 0.123393 0.123393 0.123393 0.123393 0.123393 0.123393 0.123393 0.123393 0.123393 0.123393 0.123393 0.123393 0.123393 
0.113392 0.113392 0.113392 0.113392 0.113392 0.113392 0.113392 0.113392 0.113392 0.113392 0.113392 0.113392 0.113392 0.113392 0.113392 0.113392 
