0.27479 0.304593 0.294358 0.215455 0.0578603 0.276007 0.347695 0.323668 0.259863 0.359792 0.246288 0.0730398 0.0237557 0.252166 0.362629 0.387943 
0.1 0.136986 0.124285 0.0263636 0.169214 0.10151 0.190476 0.160658 0.0814751 0.20549 0.0646288 0.150376 0.211538 0.0719237 0.20901 0.240426 
0.0176471 0.0580177 0.0441537 0.0627273 0.276201 0.0192953 0.116402 0.0838558 0.00257289 0.132789 0.0209607 0.255639 0.322398 0.0129982 0.136632 0.170922 
0.193277 0.22643 0.215045 0.127273 0.0480349 0.194631 0.274376 0.247649 0.176672 0.287834 0.161572 0.0311493 0.0859729 0.168111 0.29099 0.319149 
0.302521 0.331185 0.321341 0.245455 0.0938864 0.303691 0.372638 0.34953 0.288165 0.384273 0.275109 0.108486 0.061086 0.280763 0.387001 0.411348 
0.0184875 0.0233682 0.00899428 0.101818 0.323144 0.0167785 0.0839002 0.0501567 0.0394511 0.10089 0.0585153 0.301826 0.371041 0.0502599 0.104874 0.140426 
0.103361 0.0580177 0.0735896 0.193636 0.433406 0.10151 0.00755858 0.0289968 0.126072 0.0259644 0.146725 0.410311 0.485294 0.137782 0.0302806 0.0687943 
0.0823529 0.120064 0.107114 0.00727272 0.19214 0.0838926 0.174603 0.144201 0.0634648 0.189911 0.0462882 0.172932 0.235294 0.0537262 0.193501 0.225532 
0.29916 0.327961 0.31807 0.241818 0.0895197 0.300336 0.369615 0.346395 0.284734 0.381306 0.271616 0.104189 0.0565611 0.277296 0.384047 0.408511 
0.0579832 0.0966962 0.0834015 0.0190909 0.223799 0.0595638 0.152683 0.121473 0.0385935 0.168398 0.0209607 0.204082 0.2681 0.0285962 0.172083 0.204965 
0.00588238 0.0467365 0.0327064 0.0754546 0.291485 0.00755036 0.10582 0.072884 0.0145798 0.122404 0.0331877 0.270677 0.338235 0.02513 0.126292 0.160993 
0.138655 0.174053 0.161897 0.0681818 0.118996 0.140101 0.225246 0.196708 0.120926 0.239614 0.104804 0.100967 0.159502 0.111785 0.242984 0.27305 
0.268067 0.298147 0.287817 0.208182 0.0491266 0.269295 0.341648 0.317398 0.253002 0.353858 0.239301 0.0644468 0.0147059 0.245234 0.356721 0.38227 
0.0596639 0.0983078 0.0850368 0.0172727 0.221616 0.0612416 0.154195 0.123041 0.0403088 0.169881 0.0227074 0.201933 0.265837 0.0303293 0.17356 0.206383 
0.0462185 0.00322318 0.0179886 0.131818 0.35917 0.044463 0.0589569 0.0242947 0.067753 0.0764095 0.0873363 0.337272 0.408371 0.0788561 0.0805022 0.117021 
0.122689 0.158743 0.146361 0.0509091 0.139738 0.124161 0.210884 0.181818 0.104631 0.225519 0.0882096 0.121375 0.180995 0.0953206 0.228951 0.259574 
