0.0410132 0.212591 0.221119 0.121181 0.0774032 0.277219 0.314535 0.145545 0.0601965 0.121181 0.230838 0.0281532 0.0747198 0.178095 0.267402 0.139581 
0.291918 0.0228102 0.0333935 0.0906314 0.337079 0.103015 0.149325 0.0603961 0.315725 0.0906314 0.0454546 0.206081 0.333748 0.02 0.0908319 0.0677966 
0.410133 0.0666058 0.0550542 0.190428 0.459426 0.020938 0.0714853 0.157426 0.436118 0.190428 0.0418894 0.316441 0.455791 0.113333 0.00764006 0.165504 
0.158022 0.124088 0.133574 0.0224032 0.198502 0.19598 0.23749 0.0495049 0.179361 0.0224032 0.144385 0.081081 0.195517 0.0857143 0.185059 0.0428714 
0.00120628 0.242701 0.250903 0.154786 0.0362047 0.304858 0.340747 0.178218 0.0196561 0.154786 0.26025 0.0653153 0.0336239 0.209524 0.295416 0.172483 
0.462002 0.105839 0.0938628 0.234216 0.513109 0.0150753 0.0373312 0.2 0.488943 0.234216 0.0802139 0.364865 0.50934 0.154286 0.0288625 0.208375 
0.583836 0.197993 0.185018 0.337067 0.639201 0.099665 0.0428911 0.3 0.613022 0.337067 0.170232 0.478604 0.635118 0.250476 0.114601 0.309073 
0.31725 0.00364965 0.0144404 0.112016 0.363296 0.0854272 0.132645 0.0811881 0.341523 0.112016 0.026738 0.22973 0.3599 0.04 0.0730051 0.0887338 
0.00603139 0.239051 0.247292 0.150713 0.0411985 0.301508 0.337569 0.174257 0.02457 0.150713 0.256684 0.0608108 0.0386052 0.205714 0.29202 0.168495 
0.352232 0.0228102 0.0117328 0.141548 0.399501 0.061139 0.109611 0.109901 0.37715 0.141548 0.000891268 0.262387 0.396015 0.0676191 0.0483871 0.117647 
0.427021 0.0793796 0.0676895 0.204684 0.476904 0.00921273 0.0603654 0.171287 0.453317 0.204684 0.0543672 0.332207 0.473225 0.126667 0.00424445 0.179462 
0.236429 0.064781 0.0749097 0.0437882 0.27965 0.141541 0.185862 0.0148515 0.259214 0.0437882 0.0864528 0.154279 0.276463 0.0238096 0.129881 0.0219342 
0.0506635 0.205292 0.213899 0.113035 0.0873908 0.270519 0.308181 0.137624 0.0700246 0.113035 0.223708 0.0191441 0.0846825 0.170476 0.260611 0.131605 
0.349819 0.0209854 0.00992775 0.139511 0.397004 0.0628141 0.111199 0.107921 0.374693 0.139511 0.0026738 0.260135 0.393524 0.0657142 0.0500849 0.115653 
0.501809 0.135949 0.123646 0.267821 0.554307 0.0427135 0.01112 0.232673 0.529484 0.267821 0.109626 0.402027 0.550436 0.185714 0.0568761 0.241276 
0.259349 0.0474452 0.0577617 0.0631365 0.303371 0.125628 0.17077 0.0336634 0.282555 0.0631365 0.0695187 0.175676 0.300125 0.0057143 0.113752 0.0408773 
