0.554985 0.556125 0.554527 0.552455 0.574447 0.556125 0.569368 0.547544 
0.446043 0.447463 0.445473 0.442894 0.47027 0.447463 0.463948 0.436782 
0.364851 0.366479 0.364198 0.36124 0.392629 0.366479 0.38538 0.354232 
0.440904 0.442337 0.440329 0.437726 0.465356 0.442337 0.458976 0.431557 
0.552929 0.554075 0.552469 0.550388 0.572482 0.554075 0.567379 0.545455 
0.456835 0.458227 0.456276 0.453747 0.48059 0.458227 0.474391 0.447753 
0.333505 0.335213 0.332819 0.329716 0.362654 0.335213 0.355047 0.322362 
0.408016 0.409534 0.407407 0.404651 0.433907 0.409534 0.427151 0.398119 
0.550874 0.552025 0.550412 0.54832 0.570516 0.552025 0.56539 0.543365 
0.379753 0.381343 0.379115 0.376227 0.40688 0.381343 0.399801 0.369384 
0.356629 0.358278 0.355967 0.352972 0.384767 0.358278 0.377424 0.345873 
0.459404 0.460789 0.458848 0.456331 0.483047 0.460789 0.476877 0.450366 
0.529291 0.530497 0.528807 0.526615 0.549877 0.530497 0.544505 0.521421 
0.422405 0.423885 0.421811 0.419121 0.447666 0.423885 0.441074 0.412748 
0.349435 0.351102 0.348765 0.345736 0.377887 0.351102 0.370462 0.338558 
0.476362 0.477704 0.475823 0.473385 0.499263 0.477704 0.493287 0.467607 
