0.0363109
0.0363109
0.000605299
0.00596114
0.00239058
0.00774642
0.00417586
0.033388
0.0333986
0.0334478
0.0335457
0.0291698
0.0273845
0.0320716
0.0309551
0.0292256
0.0334008
0.0334277
0.0334431
0.0351022
0.0355552
0.0362097
0.0359105
0.000605299
0.0238139
0.00596113
0.0131023
0.0328352
0.011317
0.00953169
0.0293823
0.0309551
0.00774641
0.0148875
0.0343287
0.0343005
0.034032
0.033619
0.0315343
0.0327403
0.00417585
0.00239056
0.0362466
0.0220286
0.0202434
0.0184581
0.0166728
0.0333143
0.0333336
0.0335733
0.0336796
0.0255992
0.0337024
0.0337995
0.0340424
0.0342486
0.011317
0.0095317
0.008813
0.033371
0.0345256
0.0343354
0.00239058
0.0346761
0.00774642
0.0340105
0.0337434
0.0327403
0.00596114
0.00417586
0.0273845
0.0255992
0.0291698
0.0184581
0.0238139
0.0202434
0.0220287
0.0166728
0.035545
0.0359765
0.0361744
0.0348687
0.0345256
0.0338371
0.0131023
0.0148875
0.000605287
0.0095317
0.0291698
0.0327403
0.0291698
0.0345256
0.011317
0.0131023
0.0309551
0.00417585
0.00596113
0.00774641
0.0358437
0.0309551
0.035904
0.00953169
0.011317
0.0131023
0.0148875
0.03094
0.0316172
0.0220287
0.0309551
0.0339286
0.0338807
0.0336243
0.0331693
0.0352208
0.0356321
0.0327403
0.0334196
0.0345256
0.000605287
0.034544
0.00239056
0.0291698
0.0166728
0.0285823
0.0184581
0.0202434
0.0220286
0.0273845
0.0255992
0.0238139
0.0330641
0.0332261
0.0333219
0.0329885
0.0327403
0.0323439
0.0329814
0.0330335
0.0330509
0.0330607
0.0202434
0.0334324
0.0336158
0.0330395
0.0330468
0.0331544
0.00417586
0.0184581
0.011317
0.0357995
0.035529
0.035243
0.0131023
0.0135597
0.0148875
0.000605299
0.0347702
0.0166728
0.0095317
0.0238139
0.0255992
0.00774642
0.00596114
0.0332766
0.0345256
0.0291698
0.0343663
0.0335087
0.0285753
0.0337899
0.0339354
0.00239058
0.033399
0.0339661
0.0273845
-0.00296527
-0.0101064
-0.0297445
-0.0243886
-0.0279592
-0.0315297
-0.0325697
-0.0231664
-0.0208181
-0.0261739
-0.0243886
-0.0261739
-0.00117998
-0.0172475
-0.00296527
-0.00475054
-0.00653582
-0.0083211
-0.0101064
-0.0296735
-0.0297445
