0
1.64174e-07
-8.16043e-08
8.23557e-08
1.42453e-08
-1.27315e-10
-7.17811e-08
4.64779e-08
1.16827e-08
-3.55916e-08
-7.75258e-08
8.31977e-08
-2.11479e-08
-3.12804e-08
2.14033e-08
-1.51726e-08
-1.73497e-08
-2.68129e-08
2.48586e-08
-8.76515e-09
4.26673e-08
-4.49912e-08
2.9132e-08
-1.31016e-08
-2.52931e-08
4.95471e-08
-1.93196e-08
4.30827e-09
-1.44816e-08
8.22213e-08
-9.04901e-08
4.28155e-07
-4.55448e-07
4.41639e-07
-3.72989e-07
-2.50449e-08
-4.34863e-08
2.05652e-08
1.6414e-09
-1.96156e-08
7.45447e-08
5.17458e-08
1.56496e-07
-2.96689e-09
5.35008e-07
4.79813e-07
