0.0352129
-0.0150643
0.040414
0.00400637
0.040414
0.0248107
0.0196097
0.0386803
0.040414
0.00227267
0.040414
-0.0324013
0.0334792
-0.0115969
-0.034135
0.000538973
-0.016798
0.0386803
-0.034135
-0.034135
0.0317455
0.0282781
-0.0306676
0.0386803
-0.034135
0.0369466
-0.034135
-0.0306676
-0.00986322
-0.0115969
0.000538973
-0.000106683
-0.03056
-0.0202654
-0.0219991
-0.0133306
-0.00812952
-0.0318792
-0.0254665
-0.0324013
-0.024957
-0.0237328
0.00574007
0.0144086
-0.0272002
-0.0185317
-0.0284193
-0.0289339
0.0109412
0.00920746
0.00747377
0.0126749
-0.0150643
0.00400637
0.00227267
-0.00119473
-0.00292843
-0.016798
-0.00466213
-0.00639582
0.0386803
0.0393125
0.0392722
0.0389132
0.0390814
0.0391562
0.038484
0.0383234
0.039392
0.0396619
0.0391409
0.0213433
0.023077
0.0222102
0.0317455
0.0300118
0.0334792
0.0329077
0.0352129
0.0341574
0.0378994
0.0314023
0.0386803
0.0235427
0.0239439
0.0265444
0.0161423
0.017876
0.0196096
0.0281233
0.0282781
0.0354737
0.0369466
0.0369193
-0.0341314
-0.0343648
-0.034135
-0.0340929
-0.034339
-0.034135
-0.0342352
-0.034135
-0.0343413
-0.0345943
-0.034135
-0.0344533
-0.034135
-0.0342806
-0.0330577
-0.0334293
0.0248107
-0.0336651
-0.033948
-0.034135
-0.033958
-0.0340273
-0.034135
-0.034135
0.0386803
-0.034135
0.0386803
-0.034135
0.0352129
-0.034135
0.0386803
0.0386803
0.0386803
0.0386803
-0.00119473
0.0248107
-0.0324013
0.0334792
0.0386803
-0.034135
-0.034135
0.0369466
0.0386803
0.0317455
0.023077
0.0222102
0.0213433
0.0239439
0.0248107
0.0241403
0.0230667
0.023077
0.0300118
0.0196097
0.0213433
0.0239439
0.00920746
0.0109412
0.0222102
-0.034135
0.0161423
-0.0324013
0.0265444
0.0144086
0.017876
0.00747377
0.00574007
0.0126749
-0.0272002
0.0369466
0.000538973
0.0352129
-0.00812952
0.0386803
0.0386803
-0.0219991
0.040414
0.0386803
0.0393482
0.0386803
0.038741
0.000538975
0.0352129
0.0369466
-0.034135
