0.0238172
0.0342194
0.00994765
0.0324857
0.0116813
0.030752
0.0324857
0.0186161
0.0151487
0.0324857
0.0134151
0.0272846
0.0255509
0.0342194
0.0151487
0.0324857
0.0342194
0.0168824
0.0203498
0.0134151
0.0272846
0.0290183
0.0290183
0.00127916
0.00821395
0.0203498
0.00127916
0.0289238
0.0338828
0.0339472
0.032224
0.0324857
0.0290183
0.0335322
0.0335322
0.0337245
0.0337502
0.0272846
0.0321812
0.0264075
0.0324857
0.0332477
0.0316695
0.0316246
0.0314483
0.033771
0.030752
0.0303027
0.0315594
0.0315042
0.0316965
0.0318648
0.0338283
0.0319064
0.0320309
0.0328042
0.0331731
0.034077
0.0333222
0.0334838
0.00164306
0.00994765
0.00821395
0.00648025
0.00474656
0.00301286
0.00127916
0.0168824
0.0151487
0.0134151
0.0116813
0.0315901
0.0310192
0.0313252
0.0269357
0.0282184
0.0247182
0.0255509
0.0224409
0.0238172
0.0186161
0.0272846
0.0162252
0.030752
0.0304551
0.0298564
0.0315052
0.031717
0.0318131
0.0290183
0.0289237
0.0220835
0.0203214
0.0203498
0.00127916
0.0168824
0.0129652
0.00821395
0.0116813
0.00938912
0.00994765
0.00773266
0.00648025
0.00474656
0.00157915
0.00301286
0.00117768
0.0186161
0.0255509
0.0238172
0.0301613
0.0220835
0.0203498
0.01914
0.0151487
0.0134151
0.0159899
0.00994765
0.0116813
0.00648026
0.00648025
0.0186161
0.0220835
0.0116813
0.00994765
0.00474656
0.00301286
0.0151487
0.0324857
0.0298852
0.0255509
0.0238172
0.0134151
0.0168824
0.00301286
0.00127916
0.00821395
0.0255509
0.030752
0.0309337
0.0309379
0.0299996
0.0297269
0.0298852
0.030752
0.0307481
0.0272846
0.030752
0.030752
0.0298852
0.030752
0.030752
0.030752
0.00474656
0.030752
0.0238172
0.0290183
0.030752
0.030752
0.030752
0.030752
0.030752
0.030752
0.0134151
0.030752
0.00127916
-0.0385959
-0.0160578
-0.0125904
-0.0316611
-0.00218824
-0.0108567
-0.00218824
-0.00424469
-0.00738933
-0.0385959
-0.0212589
-0.0160578
-0.000454538
