0.253574
0.253616
0.253565
0.253511
0.253582
0.253498
0.253558
0.253536
0.253521
0.25356
0.253536
0.25359
0.253598
0.253554
0.253549
0.253574
0.253579
0.253564
0.253528
0.25361
0.253477
0.25349
0.253491
0.253578
0.253519
0.253457
0.253588
0.25356
0.253575
0.25345
0.253603
0.253516
0.25358
0.253522
0.253541
0.253594
0.25348
0.253524
0.253652
0.253537
0.253572
0.253539
0.253563
0.253636
0.253479
0.253536
0.253586
0.253611
0.253604
0.253599
0.253528
0.25361
0.25354
0.253593
0.253624
0.253497
0.253616
0.253575
0.253573
0.253626
0.253567
0.253545
0.253611
0.253578
0.2536
0.253557
0.253521
0.253501
0.253523
0.253592
0.253535
0.253562
0.253522
0.253576
0.25358
0.253544
0.253496
0.253511
0.253591
0.253496
0.253517
0.253443
0.253609
0.253584
0.253612
0.253564
0.253553
0.253564
0.253567
0.253493
0.253597
0.25358
0.253587
0.253588
0.253667
0.253591
0.253677
0.253678
0.253636
0.253627
0.253587
0.253706
0.253579
0.253661
0.253591
0.253511
0.253507
0.253651
0.253629
0.253589
0.253611
0.253635
0.253629
0.253642
0.253619
0.253691
0.253571
0.253592
0.253598
0.253657
0.253628
0.253604
0.253598
0.25363
0.253624
0.253636
0.253577
0.253686
0.253655
0.253664
0.253616
0.253606
0.253665
0.253606
0.253598
0.253616
0.253562
0.253618
0.253661
0.253651
0.253647
0.253627
0.253628
0.253585
0.253638
0.253675
0.253479
0.253645
0.253593
0.253644
0.253606
0.253527
0.253606
0.253674
0.253554
0.25363
0.253608
0.253505
0.253272
0.253625
0.253496
0.253512
0.253708
0.253527
0.253611
0.253696
0.253545
0.253584
0.253596
0.253567
0.253573
0.253615
0.253434
0.253549
0.253545
0.253492
0.253575
0.253549
0.253487
0.253439
0.253531
0.253516
0.253539
0.253507
0.253572
0.253534
0.253545
0.25357
0.253534
0.253596
0.25362
0.253604
0.253572
0.253628
0.25358
0.253627
0.253576
0.253522
0.253683
0.25362
0.253573
0.253526
0.253583
0.253535
0.253604
0.25318
0.253433
0.253544
0.253559
0.253621
0.253638
0.253582
0.253581
0.25355
0.253549
0.253614
0.253578
0.253609
0.253557
0.253566
0.253677
0.253456
0.253654
0.253611
0.253571
0.253597
0.253548
0.253611
0.25363
0.253568
0.253551
0.253596
0.253612
0.253621
0.253227
0.253583
0.253594
0.253576
0.253631
0.253628
0.253623
0.253589
0.253494
0.253609
0.253547
0.253626
0.253571
0.25361
0.253567
0.25354
0.253608
0.253603
0.253545
0.253516
0.253569
0.253618
0.253603
0.253535
0.253616
0.253594
0.253594
0.253512
0.25353
0.253614
0.253588
0.253576
0.253613
0.253641
0.25361
0.253626
0.25362
0.253514
0.253506
0.253564
0.25355
0.253524
0.25354
0.253594
0.25359
0.253535
0.253498
0.253494
0.253588
0.253499
0.253529
0.253524
0.253481
0.253564
0.253595
0.253276
0.253649
0.253519
0.253546
0.253584
0.253555
0.253499
0.253555
0.253542
0.253552
0.253484
0.253511
0.253523
0.253584
0.253205
0.253191
0.253505
0.253533
0.253542
0.253576
0.253615
0.253527
0.253528
0.25347
0.253614
0.253543
0.253511
0.253488
0.253542
0.253574
0.253582
0.253562
0.253557
0.253514
0.253589
0.253573
0.253603
0.253476
0.253593
0.253576
0.253577
0.25356
0.253512
0.253583
0.253593
0.253594
0.253545
0.253604
0.253555
0.253598
0.253499
0.253516
0.253523
0.253578
0.253608
0.253546
0.253472
0.2536
0.253508
0.253619
0.253514
0.25359
0.253573
0.253626
0.253534
0.253626
0.253543
0.253574
0.253585
0.25356
0.253546
0.253531
0.253574
0.253511
0.253464
0.253571
0.253506
0.25344
0.253527
0.253585
0.253577
0.253569
0.253452
0.253564
0.253566
0.253555
0.253492
0.253515
0.253455
0.253435
0.253446
0.253438
0.253198
0.253526
0.253428
0.253465
0.253484
0.253561
0.25317
0.252527
0.253468
0.253548
0.253514
0.25349
0.253522
0.253494
0.253175
0.25343
0.253478
0.253414
0.253205
0.253517
0.253196
0.25346
0.253566
0.253557
0.253477
0.253428
0.253548
0.253466
0.253488
0.253477
0.253179
0.253514
0.253535
0.25357
0.25357
0.252547
0.253548
0.253516
0.253432
0.253407
0.253567
0.253472
0.253598
0.253606
0.253538
0.253502
0.253518
0.253591
0.253571
0.253559
0.253537
0.253457
0.25352
0.253533
0.253493
0.253524
0.253503
0.253483
0.253374
0.253531
0.253506
0.253446
0.253551
0.253483
0.253571
0.253569
0.253481
0.253528
0.253614
0.253538
0.253488
0.253557
0.253535
0.253511
0.253553
0.253513
0.253482
0.253532
0.253472
0.25357
0.253568
0.253449
0.253548
0.253546
0.253557
0.253524
0.253519
0.253507
0.253447
0.253483
0.253498
0.253473
0.253539
0.253514
0.253537
0.253437
0.253524
0.253521
0.253545
0.253512
0.253552
0.253493
0.253488
0.253456
0.253426
0.253519
0.253517
0.253539
0.253455
0.25353
0.253515
0.253454
0.253586
0.253529
0.253556
0.253508
0.253543
0.253543
0.253575
0.253479
