0.87315 0.846723 0.836152 0.885835 0.843552 0.917548 0.87315 0.826638 0.871036 0.820296 0.853066 0.842495 0.831924 0.82981 0.882664 0.832981 
0.520751 0.467391 0.435771 0.551383 0.477273 0.47332 0.883399 0.48913 0.461462 0.461462 0.815217 0.485178 0.453557 0.492095 0.863636 0.462451 
0.824649 0.794589 0.839679 0.826653 0.819639 0.824649 0.828657 0.822645 0.813627 0.816633 0.832665 0.842685 0.801603 0.799599 0.797595 0.826653 
0.580569 0.560427 0.981043 0.537915 0.793839 0.552133 0.527251 0.983412 0.992891 0.888626 0.552133 0.529621 0.972749 0.978673 0.986967 0.991706 
0.888583 0.870701 0.865199 0.898212 0.894085 0.90784 0.894085 0.481431 0.86795 0.883081 0.884457 0.808803 0.913342 0.90784 0.885832 0.939477 
0.467484 0.599434 0.462771 0.504241 0.941565 0.882187 0.491989 0.888784 0.501414 0.466541 0.923657 0.913289 0.898209 0.806786 0.476909 0.487276 
0.512028 0.95189 0.506873 0.408076 0.477663 0.90378 0.939863 0.562715 0.547251 0.475945 0.386598 0.886598 0.335052 0.435567 0.384021 0.377148 
0.951644 0.962282 0.383946 0.403288 0.954545 0.388781 0.955513 0.389749 0.494197 0.895551 0.396518 0.368472 0.37911 0.943907 0.407157 0.427466 
0.34594 0.833148 0.961068 0.882091 0.888765 0.916574 0.992214 0.341491 0.771969 0.249166 0.874305 0.773081 0.802002 0.917686 0.915462 0.949944 
0.840594 0.856436 0.814851 0.821782 0.833663 0.826733 0.834653 0.847525 0.837624 0.866337 0.829703 0.832673 0.825743 0.882178 0.827723 0.823762 
1 0.996855 1 0.981132 0.995807 1 0.993711 0.990566 1 1 0.995807 0.995807 0.994759 0.989518 1 0.993711 
0.998866 1 1 1 1 0.988662 1 0.998866 1 1 1 1 0.977324 1 0.984127 1 
1 1 1 1 1 1 1 1 1 1 1 1 1 1 1 1 
0.998919 1 1 1 1 1 1 1 1 1 1 1 1 1 1 1 
0.922435 0.922435 0.916597 0.920767 0.924937 0.917431 0.916597 0.924937 0.921601 0.924937 0.916597 0.909925 0.919099 0.923269 0.918265 0.912427 
0.856631 0.845878 0.828853 0.87276 0.857527 0.866487 0.831541 0.858423 0.839606 0.860215 0.848566 0.848566 0.857527 0.83871 0.854839 0.853047 
