1 1 1 1 1 1 1 1 1 1 1 1 1 1 1 1 
1 1 1 1 1 1 1 1 1 1 1 1 1 1 1 1 
1 1 1 1 1 1 1 1 1 1 1 1 1 1 1 1 
1 1 1 1 1 1 1 1 1 1 1 1 1 1 1 1 
0.997546 0.998773 0.998773 0.995092 0.992638 0.976687 0.977914 0.997546 0.997546 0.997546 1 0.988957 0.981595 0.992638 1 0.991411 
0.912883 0.900613 0.901841 0.939877 0.92638 0.896933 0.944785 0.907975 0.910429 0.92638 0.911656 0.927607 0.909202 0.933742 0.988957 0.88589 
0.907975 0.985276 0.980368 0.904294 0.997546 1 0.904294 0.992638 0.985276 0.917791 0.906748 0.986503 0.903067 0.976687 1 0.979141 
1 1 1 1 1 0.964417 1 1 1 0.965644 1 1 1 1 1 1 
0.997546 1 1 0.995092 0.996319 0.980368 1 1 1 0.998773 1 1 0.996319 0.997546 1 1 
1 1 1 1 1 1 1 1 1 1 1 1 1 1 1 1 
1 1 1 1 1 1 1 1 1 1 1 1 1 1 1 1 
1 1 1 1 1 1 1 1 1 1 1 1 1 1 1 1 
1 1 1 1 1 1 1 1 1 1 1 1 1 1 1 1 
1 1 1 1 1 1 1 1 1 1 1 1 1 1 1 1 
1 1 1 1 1 1 1 1 1 1 1 1 1 1 1 1 
1 1 1 1 1 1 1 1 1 1 1 1 1 1 1 1 
