2.31286e-05 2.17675e-05 2.30096e-05 2.68947e-05 2.38292e-05 2.60704e-05 2.4623e-05 2.49927e-05 2.38026e-05 2.36553e-05 2.21449e-05 2.48304e-05 2.19202e-05 2.08745e-05 2.41009e-05 1.94177e-05 
2.88321e-05 3.21333e-05 3.01961e-05 3.00391e-05 3.1244e-05 2.71301e-05 2.8265e-05 3.08299e-05 2.56183e-05 2.87177e-05 2.6207e-05 2.67476e-05 3.20722e-05 3.13123e-05 3.16397e-05 2.42706e-05 
3.77933e-05 3.69662e-05 3.56392e-05 3.73299e-05 3.339e-05 3.68e-05 3.70156e-05 3.55435e-05 4.04181e-05 3.94303e-05 3.6227e-05 3.86424e-05 3.93213e-05 3.37389e-05 3.35016e-05 3.55503e-05 
4.19093e-05 4.73161e-05 4.73416e-05 4.51999e-05 4.19401e-05 4.42232e-05 3.95415e-05 4.46112e-05 4.33578e-05 4.41482e-05 4.59029e-05 4.16137e-05 4.24122e-05 4.3667e-05 4.65246e-05 4.48191e-05 
6.03454e-05 6.14453e-05 6.56146e-05 7.54285e-05 6.9699e-05 7.93442e-05 7.91704e-05 5.8524e-05 6.28804e-05 7.35201e-05 5.78849e-05 6.72692e-05 7.82144e-05 6.69524e-05 6.9426e-05 7.21897e-05 
0.000107496 0.000127094 0.000126894 8.39849e-05 8.63984e-05 0.000144774 7.85838e-05 0.00010445 0.00011057 9.05448e-05 9.47372e-05 8.95474e-05 0.000109596 8.67684e-05 5.38466e-05 0.000165965 
0.000113986 4.98488e-05 5.32134e-05 0.000109763 4.85879e-05 3.9523e-05 0.000106832 5.08799e-05 5.12482e-05 0.000105848 0.00011712 5.01431e-05 0.000120944 6.02215e-05 3.6208e-05 5.35365e-05 
4.25209e-05 3.70094e-05 3.89703e-05 4.09967e-05 4.00831e-05 6.47932e-05 3.07809e-05 3.83575e-05 3.69316e-05 6.31598e-05 3.73555e-05 3.81204e-05 4.08292e-05 4.05814e-05 3.65507e-05 3.24983e-05 
4.59808e-05 3.86536e-05 4.48799e-05 5.40907e-05 4.48627e-05 7.00851e-05 4.99987e-05 4.12498e-05 4.54371e-05 3.73744e-05 3.9574e-05 3.70789e-05 4.35753e-05 4.16802e-05 4.14715e-05 4.6709e-05 
1.91574e-05 1.67106e-05 2.25485e-05 2.3265e-05 2.18743e-05 2.28682e-05 1.755e-05 1.70015e-05 1.93916e-05 1.97482e-05 1.9881e-05 2.18231e-05 2.80162e-05 1.99197e-05 2.45711e-05 2.0661e-05 
2.10522e-05 1.69656e-05 1.5185e-05 2.14037e-05 1.93031e-05 1.6931e-05 2.22509e-05 1.8274e-05 1.94714e-05 1.87965e-05 1.93131e-05 1.55721e-05 2.21562e-05 2.19506e-05 1.87846e-05 1.61956e-05 
1.78157e-05 2.01845e-05 1.94838e-05 1.9485e-05 2.18226e-05 2.0734e-05 2.00836e-05 1.97929e-05 1.88026e-05 2.12348e-05 1.88834e-05 2.05056e-05 2.05934e-05 2.25137e-05 2.19583e-05 1.90064e-05 
2.19648e-05 2.38705e-05 2.0904e-05 2.58837e-05 2.81949e-05 2.28077e-05 2.87051e-05 2.25664e-05 2.5737e-05 2.30997e-05 2.66018e-05 2.29688e-05 2.45583e-05 2.22607e-05 2.5301e-05 2.45787e-05 
1.70297e-05 1.61267e-05 1.50021e-05 1.92458e-05 1.56497e-05 1.471e-05 1.55889e-05 1.50433e-05 1.61031e-05 1.41843e-05 1.49862e-05 1.42577e-05 1.34463e-05 1.88402e-05 1.69378e-05 1.68615e-05 
1.26864e-05 1.034e-05 1.04295e-05 1.18006e-05 9.97874e-06 1.0806e-05 9.58459e-06 1.12611e-05 9.54326e-06 9.80793e-06 1.12748e-05 1.0532e-05 1.08176e-05 1.11621e-05 1.16889e-05 1.05177e-05 
1.40936e-05 1.29532e-05 1.38561e-05 1.86444e-05 1.31071e-05 1.39608e-05 1.47456e-05 1.48296e-05 1.53176e-05 1.2683e-05 1.30669e-05 1.32267e-05 1.39636e-05 1.42372e-05 1.19402e-05 1.22165e-05 
