0.000169272 0.000210586 0.000222812 0.000141376 0.000212881 0.000109643 0.000165115 0.00025028 0.00017317 0.000262068 0.000191957 0.000213148 0.000235804 0.000240332 0.000148666 0.000230026 
0.00153077 0.00310344 0.00377668 0.0014111 0.00306427 0.00318514 0.000145858 0.00292159 0.00322348 0.00319655 0.000234823 0.0028627 0.003526 0.00296288 0.000171102 0.00321989 
0.000221351 0.000336365 0.000204947 0.000211077 0.00023703 0.000229212 0.000212356 0.000233622 0.000261531 0.000230262 0.000197698 0.000181238 0.000296994 0.00032416 0.000291907 0.000217007 
0.00211203 0.00241787 8.08491e-05 0.00244685 0.000385991 0.00262742 0.00235917 7.65609e-05 6.63934e-05 0.000128887 0.00260387 0.00287033 9.63662e-05 8.79423e-05 7.62303e-05 7.08359e-05 
0.000126717 0.000166412 0.000169608 0.000125249 0.000188023 0.000108992 0.000140658 0.00331843 0.000184959 0.000143111 0.000146029 0.000283476 0.00010803 0.000117042 0.000144187 9.19803e-05 
0.00312402 0.00108968 0.003372 0.00277929 0.000127522 0.000209374 0.00288058 0.000207218 0.00281309 0.00347158 0.000147774 0.000158201 0.000183235 0.000210938 0.0031662 0.00296901 
0.00177187 0.000127717 0.00158735 0.00423304 0.00246741 0.000187559 0.000124833 0.00135758 0.00168615 0.00175346 0.00265823 0.000224478 0.00335416 0.0024721 0.00252289 0.00276156 
0.000113309 0.000107106 0.00307825 0.0027216 0.000110271 0.00269294 0.0001106 0.00296348 0.0015717 0.000150356 0.00245874 0.00287944 0.00322746 0.000127138 0.00246192 0.00233067 
0.00432795 0.00026479 9.77389e-05 0.000169493 0.000164088 0.000122735 7.64756e-05 0.00615636 0.000411904 0.00930645 0.000188085 0.000374997 0.000300961 0.000116397 0.000131362 8.52169e-05 
0.000282663 0.000220358 0.000406603 0.000349743 0.000302141 0.000319484 0.000302399 0.000262557 0.000279313 0.000197574 0.000309765 0.000293227 0.000328604 0.000174271 0.000306539 0.000331519 
3.14621e-05 2.87667e-05 3.75177e-05 6.00372e-05 4.45881e-05 2.74128e-05 3.71785e-05 3.83606e-05 3.00665e-05 3.61609e-05 3.11968e-05 3.76438e-05 3.42998e-05 4.71246e-05 2.95422e-05 3.43578e-05 
4.14063e-05 3.89843e-05 4.15864e-05 3.78508e-05 4.4002e-05 4.90456e-05 3.94106e-05 4.08105e-05 3.7907e-05 4.20411e-05 4.01802e-05 3.38601e-05 5.72018e-05 3.8272e-05 5.44126e-05 4.24446e-05 
1.43756e-05 1.52117e-05 1.50998e-05 1.37588e-05 1.56425e-05 1.45062e-05 1.67666e-05 1.38144e-05 1.39271e-05 1.43249e-05 1.73485e-05 1.52822e-05 1.38657e-05 1.47378e-05 1.76691e-05 1.76272e-05 
3.41161e-05 2.61269e-05 2.88435e-05 2.83702e-05 2.48144e-05 2.6555e-05 3.45978e-05 2.38818e-05 3.07241e-05 2.43838e-05 2.80328e-05 3.0222e-05 2.9477e-05 2.44951e-05 2.71878e-05 2.82272e-05 
0.000151729 0.000145026 0.000168297 0.000157584 0.000135432 0.000163978 0.00017323 0.000138832 0.000155272 0.000136007 0.000167253 0.00018711 0.000159758 0.000145819 0.000162111 0.00017981 
0.000251471 0.000286692 0.000355355 0.000210553 0.000251901 0.000230239 0.000346519 0.000243573 0.00030788 0.000237019 0.000277605 0.000271416 0.000242754 0.000307524 0.000257007 0.000260276 
