0
2.67159e-06
1.51303e-07
5.17997e-06
3.668e-08
1.89824e-08
4.43348e-08
5.53347e-08
2.6906e-08
5.55569e-08
3.8329e-08
3.21206e-08
3.07527e-08
2.47184e-08
2.14644e-08
6.38135e-09
1.63372e-08
2.37136e-08
1.57539e-08
3.85404e-08
5.00953e-08
3.41327e-08
3.9033e-08
3.20311e-08
1.51745e-08
2.63079e-08
1.66933e-08
7.09912e-09
1.62725e-08
1.36369e-08
4.93369e-09
2.17545e-08
1.64714e-08
7.32495e-09
1.07357e-08
1.52713e-08
1.43036e-08
1.59647e-08
2.15356e-08
3.04439e-08
1.67546e-08
3.8291e-08
3.56488e-08
1.39955e-08
3.66518e-08
3.23094e-08
8.52336e-09
2.11139e-08
2.25756e-08
1.02471e-08
1.85521e-08
2.84296e-08
1.48352e-08
3.4963e-08
3.0578e-08
7.52854e-09
2.84824e-08
3.56238e-08
1.82186e-08
7.93033e-08
0
