0.758067
0.7242
0.699056
0.67731
0.65781
0.640001
0.623551
0.608238
0.593903
0.580424
0.567707
0.555674
0.544263
0.533421
0.520832
0.504481
0.495981
0.479886
0.471554
0.461702
0.452317
0.443364
0.431564
0.423094
0.414999
0.407256
0.402184
0.398028
0.393002
0.389763
0.374935
0.370897
0.367741
0.360608
0.353774
0.347224
0.339832
0.335093
0.317191
0.311075
0.305208
0.299578
0.294173
0.28348
0.275382
0.268965
0.253947
0.240559
0.230544
0.22236
0.216676
0.211754
0.207788
0.201242
0.197914
0.193917
0.191084
0.178376
0.173742
0.169295
0.165028
0.160932
0.151606
0.145397
0.141529
0.137816
0.134253
0.130833
0.12755
0.118517
0.11474
0.110978
0.108669
0.105646
0.103343
0.100267
0.0973146
0.0943182
0.0914919
0.0892097
0.0865019
0.0839035
0.0814122
0.0790226
0.0767327
0.0745379
0.0724358
0.0704228
0.0684961
0.0666536
0.0648918
0.0632083
0.0616008
0.060067
0.0586044
0.0558323
0.0544401
0.053115
0.0518547
0.0506573
0.0495212
0.0477701
0.0466899
0.0456669
0.0446998
0.0437868
0.0429267
0.0406969
0.0389301
0.0375714
0.0365744
0.0352254
0.0346023
0.0337618
0.0337249
0.0327139
0.0315182
0.0308281
0.0298007
0.028412
0.0277298
0.0263335
0.0252866
0.0242347
0.0228287
0.0221171
0.0222231
0.0214427
0.020018
0.0192788
0.0187653
0.0176707
0.0169126
0.0160053
0.0158186
0.015829
0.0155895
0.0146977
0.0138509
0.0130476
0.0122871
0.0115683
0.0108903
0.0102516
0.00965138
0.00980663
0.00971977
0.00939319
0.00880631
0.00825586
0.00774101
0.00726108
0.00681508
0.00640256
0.00602222
0.00567361
0.00535585
0.0050683
0.00481019
0.00458087
0.00437958
0.00420604
0.00405905
0.00393848
0.00384331
0.00377339
0.00372771
0.00370628
0.00365308
0.00309563
0.00274628
0.00272402
0.00255825
0.00255318
0.00223225
0.00211519
0.00210519
0.00140874
0.00141427
0.00103004
0.000928972
0.000353855
0.000358643
0.000257386
