0.0413036
0.0407772
0.0396464
0.0390638
0.0396509
0.0396004
0.040108
0.0399864
0.0392466
0.0384823
0.0388502
0.0391813
0.038937
0.038661
0.0365865
0.0347575
0.0331596
0.0317792
0.0306032
0.0320266
0.0330154
0.0347388
0.0336621
0.0340297
0.0351274
0.0368486
0.0336306
0.0308219
0.0283876
0.0295634
0.027451
0.0256544
0.0241505
0.0247664
0.0257123
0.0269841
0.0258428
0.0248655
0.0235356
0.0231632
0.024685
0.0248923
0.0237481
0.0242825
0.0251322
0.0241735
0.0233602
0.0241674
0.0250725
0.0260701
0.0271566
0.0260832
0.0252187
0.024424
0.0237586
0.0232169
0.0227932
0.0224818
0.0224419
0.0212581
0.0208124
0.0207206
0.0199185
0.0196324
0.0192446
0.0193272
0.0186834
0.0185688
0.0189166
0.0186459
0.0184715
0.0192002
0.020008
0.0208917
0.0218481
0.020012
0.0178335
0.0176513
0.0168703
0.0160202
0.0156718
0.0153097
0.0155168
0.0157053
0.0147112
0.014517
0.0140859
0.0130618
0.0124294
0.0113887
0.0111333
0.0108643
0.00971046
0.00815869
0.00819353
0.00734383
0.00753322
0.00753098
0.00779823
0.00722061
0.00681515
0.00642644
0.0064696
0.00638743
0.0064616
0.00669052
0.00656549
0.00655095
0.00571409
0.00501139
0.00443537
0.00402354
0.00368743
0.00377171
0.00417393
0.00464
0.00516743
0.00464253
0.00431753
0.00406257
0.00387528
0.00375336
0.0036941
0.00369587
0.00375641
0.00387383
0.00337961
0.00299149
0.00314183
0.0033453
0.00303606
0.00327939
0.00357204
0.00386538
0.00393379
0.0037669
0.00368705
0.00392021
0.00390326
0.00387557
0.003947
0.00416509
0.00446476
0.00447134
0.0047374
0.00465454
0.00465055
0.00472297
0.00454877
0.00422072
0.00402909
0.00418095
0.00334908
0.00330729
0.00325589
0.00302098
0.00308247
0.00319109
0.00316065
0.00323437
0.00312644
0.00291947
0.0024851
0.0021831
0.00221149
0.00189382
0.00190458
0.00192124
0.00188063
0.00144305
0.00117511
0.000811976
0.00069475
0.000668715
0.000605108
0.000595139
0.000474158
0.000409554
0.00031241
0.00028293
0.000294764
0.000215407
4.78102e-05
8.55455e-05
