2.22696e-06
1.51303e-07
5.17997e-06
3.31939e-08
1.67246e-08
4.10355e-08
5.40182e-08
2.43185e-08
5.55569e-08
3.8329e-08
3.21206e-08
3.07527e-08
2.47184e-08
2.14644e-08
6.38135e-09
1.03606e-08
1.54731e-08
1.31286e-08
3.02853e-08
5.00953e-08
3.41327e-08
3.9033e-08
3.20311e-08
1.32706e-08
2.63079e-08
1.66933e-08
6.96561e-09
1.62725e-08
1.36369e-08
4.93369e-09
1.60337e-08
1.64714e-08
4.84723e-09
1.07357e-08
1.28626e-08
1.41759e-08
1.14752e-08
2.15356e-08
2.2504e-08
1.62202e-08
3.8291e-08
3.56488e-08
1.36116e-08
3.58121e-08
3.23094e-08
8.52336e-09
1.92619e-08
2.11666e-08
1.02471e-08
1.79724e-08
2.37702e-08
1.39331e-08
3.4963e-08
3.0578e-08
7.52854e-09
2.14705e-08
3.1274e-08
1.82186e-08
2.87397e-08
