2.67159e-06
5.34953e-08
3.51886e-08
3.668e-08
1.89824e-08
4.43348e-08
5.53347e-08
2.6906e-08
4.26924e-08
3.4049e-08
2.66777e-08
2.45692e-08
2.39489e-08
1.74498e-08
5.79121e-09
1.63372e-08
2.37136e-08
1.57539e-08
3.85404e-08
4.81583e-08
2.91485e-08
3.5065e-08
2.55999e-08
1.51745e-08
1.48239e-08
1.39045e-08
7.09912e-09
1.58012e-08
8.13256e-09
4.62766e-09
2.17545e-08
1.18649e-08
7.32495e-09
7.56739e-09
1.52713e-08
1.43036e-08
1.59647e-08
2.00327e-08
3.04439e-08
1.67546e-08
3.67095e-08
3.44614e-08
1.39955e-08
3.66518e-08
2.29897e-08
8.42993e-09
2.11139e-08
2.25756e-08
7.42136e-09
1.85521e-08
2.84296e-08
1.48352e-08
3.28756e-08
2.46123e-08
7.34529e-09
2.84824e-08
3.56238e-08
9.38544e-09
7.93033e-08
