1.19401e-06
9.09042e-07
1.05743e-06
1.03524e-06
1.22067e-06
1.0902e-06
1.19555e-06
1.02882e-06
9.14008e-07
9.46069e-07
9.24999e-07
9.76989e-07
9.69024e-07
9.31697e-07
9.77805e-07
9.06459e-07
8.73279e-07
9.95893e-07
9.11845e-07
9.03925e-07
8.979e-07
9.80759e-07
9.26916e-07
7.82194e-07
9.70311e-07
9.14691e-07
9.75043e-07
1.0682e-06
1.08231e-06
1.03508e-06
1.20117e-06
1.05818e-06
9.89911e-07
1.28124e-06
1.26577e-06
1.07558e-06
1.52832e-06
9.2201e-07
9.22236e-07
1.06669e-06
1.05694e-06
9.74553e-07
9.77959e-07
9.97432e-07
1.13442e-06
1.14746e-06
1.36559e-06
2.15607e-06
2.57808e-06
2.98461e-06
2.92241e-06
4.5264e-06
7.689e-06
9.71636e-06
1.50235e-05
1.05988e-05
2.79634e-06
1.55045e-06
1.60041e-06
