1.19401e-06
9.09042e-07
1.05743e-06
1.03524e-06
1.03197e-06
1.05832e-06
1.19555e-06
8.82844e-07
9.14008e-07
9.46069e-07
8.70317e-07
8.90174e-07
8.72636e-07
8.44453e-07
9.77805e-07
9.06459e-07
8.60765e-07
9.4069e-07
9.11845e-07
8.24339e-07
8.19869e-07
9.80759e-07
8.89676e-07
7.82194e-07
9.70311e-07
8.0518e-07
9.28178e-07
1.0682e-06
1.08231e-06
9.38285e-07
1.20117e-06
9.05817e-07
9.1117e-07
1.25325e-06
1.04991e-06
1.04515e-06
1.52832e-06
9.2201e-07
9.22236e-07
9.26167e-07
1.05694e-06
9.74553e-07
9.57224e-07
9.97432e-07
1.13442e-06
9.62895e-07
1.15089e-06
1.29678e-06
1.78105e-06
2.51618e-06
2.92241e-06
3.23373e-06
6.09886e-06
8.25204e-06
1.07568e-05
1.05988e-05
2.79634e-06
1.55045e-06
1.60041e-06
