1.18455e-06
7.55535e-07
1.02247e-06
9.89401e-07
1.22067e-06
1.0902e-06
9.05991e-07
1.02882e-06
7.93004e-07
9.19099e-07
9.24999e-07
9.76989e-07
9.69024e-07
9.31697e-07
7.2227e-07
7.86184e-07
8.73279e-07
9.95893e-07
8.38979e-07
9.03925e-07
8.979e-07
8.74854e-07
9.26916e-07
6.84445e-07
7.54932e-07
9.14691e-07
9.75043e-07
8.77406e-07
1.021e-06
1.03508e-06
9.53559e-07
1.05818e-06
9.89911e-07
1.28124e-06
1.26577e-06
1.07558e-06
1.06907e-06
8.98623e-07
8.49527e-07
1.06669e-06
1.01827e-06
8.52306e-07
9.77959e-07
9.88606e-07
1.08296e-06
1.14746e-06
1.36559e-06
2.15607e-06
2.57808e-06
2.98461e-06
2.65941e-06
4.5264e-06
7.689e-06
9.71636e-06
1.50235e-05
9.64151e-06
2.25421e-06
1.25729e-06
1.45157e-06
