0.253203
0.253116
0.253192
0.253149
0.253438
0.253419
0.253194
0.253371
0.253355
0.253372
0.253091
0.253378
0.253437
0.253384
0.253356
0.253046
0.253373
0.253146
0.253382
0.253185
0.253119
0.253137
0.25306
0.253069
0.25309
0.253126
0.253183
0.253196
0.253149
0.253137
0.25319
0.253166
0.25344
0.253117
0.253163
0.253215
0.253131
0.25307
0.253124
0.253183
0.253299
0.253385
0.253195
0.253139
0.253164
0.253429
0.253389
0.253166
0.253111
0.253152
0.253072
0.253368
0.253151
0.25312
0.253048
0.253357
0.253386
0.253354
0.253201
0.253136
0.253151
0.253126
0.253367
0.253147
0.253421
0.253439
0.253386
0.253455
0.253338
0.25312
0.25337
0.253459
0.253403
0.253396
0.253377
0.253364
0.253396
0.253365
0.253383
0.253386
0.253467
0.25339
0.253374
0.253339
0.253317
0.253394
0.253408
0.253438
0.253326
0.253314
0.253403
0.253395
0.253418
0.253403
0.253379
0.25334
0.253389
0.253321
0.253381
0.2533
0.253321
0.253396
0.253311
0.253427
0.253166
0.253301
0.253405
0.253308
0.253368
0.253439
0.253391
0.253402
0.253396
0.253315
0.253381
0.253382
0.253387
0.25334
0.253388
0.253054
0.253318
0.253361
0.253001
0.253079
0.25314
0.25315
0.253115
0.253153
0.253103
0.253087
0.253409
0.253374
0.253394
0.253395
0.253086
0.253432
0.253402
0.253401
0.253319
0.253379
0.253343
0.253336
0.253353
0.253434
0.25338
0.253457
0.253466
0.253409
0.253501
0.253362
0.253328
0.253401
0.253353
0.253407
0.253334
0.253445
0.253295
0.253292
0.253447
0.253433
0.253333
0.253043
0.253393
0.253116
0.253186
0.253325
0.253183
0.253172
0.25312
0.253094
0.253168
0.25342
0.25331
0.253276
0.253095
0.253115
0.253285
0.253312
0.253362
0.25333
0.253382
0.25339
0.253142
0.253318
0.253323
0.253369
0.253104
0.253335
0.253382
0.253367
0.253293
0.253376
0.25343
0.253383
0.253355
0.25333
0.253353
0.253316
0.253353
0.253476
0.253478
0.253356
0.253413
0.253401
0.253417
0.253455
0.253394
0.253313
0.253375
0.253387
0.253374
0.253328
0.253393
0.253404
0.253385
0.253376
0.253397
0.253341
0.253147
0.253369
0.25336
0.253419
0.25339
0.253404
0.253396
0.25301
0.253083
0.253108
0.253201
0.253156
0.253385
0.253162
0.253437
0.253394
0.253137
0.253141
0.253374
0.253336
0.253314
0.25318
0.253375
0.253426
0.253353
0.253372
0.253153
0.253129
0.25341
0.253119
0.253406
0.253397
0.253364
0.25332
0.253148
0.253343
0.25338
0.253146
0.253094
0.253377
0.253322
0.253366
0.253317
0.253325
0.253396
0.253409
0.253352
0.253331
0.2531
0.253356
0.253425
0.253037
0.253106
0.253046
0.253384
0.25318
0.25334
0.253348
0.25346
0.253381
0.253082
0.253352
0.253405
0.253447
0.253344
0.253404
0.253338
0.253155
0.253441
0.253419
0.253373
0.253389
0.253431
0.253364
0.253381
0.253392
0.253397
0.25334
0.253311
0.253418
0.253441
0.253335
0.253362
0.253342
0.253402
0.253475
0.253424
0.253371
0.253319
0.253381
0.253343
0.253325
0.25308
0.253399
0.253106
0.253322
0.253173
0.25339
0.253332
0.253452
0.253371
0.253133
0.253443
0.253088
0.253202
0.253348
0.253125
0.253087
0.253404
0.253107
0.253073
0.253083
0.253406
0.253367
0.253126
0.253087
0.253156
0.25335
0.253351
0.25336
0.253358
0.253418
0.253287
0.253361
0.253381
0.253381
0.253402
0.253475
0.253382
0.253433
0.2534
0.253311
0.253336
0.253464
0.253292
0.253452
0.253346
0.253418
0.253377
0.253161
0.253478
0.253358
0.253137
0.253351
0.253452
0.253415
0.253432
0.253436
0.253386
0.253197
0.25346
0.253157
0.253406
0.253461
0.253417
0.253364
0.253397
0.253418
0.25343
0.253349
0.253449
0.253396
0.253447
0.253406
0.253379
0.253319
0.253407
0.253358
0.253406
0.253454
0.253431
0.25344
0.253391
0.253467
0.253442
0.253444
0.253396
0.253365
0.25339
0.253407
0.253438
0.253387
0.253408
0.253396
0.253402
0.253322
0.253355
0.25329
0.25339
0.253356
0.253455
0.253388
0.253465
0.253058
0.253418
0.25336
0.25333
0.253276
0.25339
0.253353
0.253401
0.253376
0.253325
0.253398
0.253435
0.25341
0.253324
0.253418
0.253413
0.25314
0.253407
0.253393
0.253199
0.253065
0.253308
0.253399
0.253301
0.253411
0.253371
0.253386
0.25343
0.253441
0.253466
0.253429
0.253348
0.253275
0.253397
0.253436
0.253425
0.253434
0.253313
0.253424
0.2534
0.253341
0.253363
0.253348
0.253268
0.253367
0.253337
0.253351
0.253364
0.253253
0.253323
0.253405
0.253392
0.253318
0.253413
0.253362
0.253359
0.253342
0.25309
0.25334
0.25325
0.253324
0.253352
0.253325
0.253386
0.253378
0.25347
0.253406
0.253362
0.253458
0.253401
0.253277
0.253387
0.253357
0.253436
0.253375
0.25336
0.253436
0.253171
0.253336
0.253418
0.253192
0.253381
0.253429
0.25334
0.25347
0.253382
0.253432
0.25346
0.253431
0.253453
