0
1.37819e-07
1.91949e-07
1.66463e-07
9.20431e-08
1.21478e-07
1.10657e-07
7.781e-08
1.44705e-07
8.41399e-08
1.40541e-07
5.79097e-08
1.06163e-07
1.11478e-07
7.1225e-08
8.5045e-08
7.31207e-08
1.0413e-07
4.40137e-08
1.32477e-07
1.04386e-07
4.62584e-08
5.70725e-08
6.00736e-08
4.66746e-08
3.35895e-08
6.87921e-08
6.91346e-08
4.16522e-08
5.85433e-08
7.8833e-08
9.93214e-08
6.39548e-08
1.02755e-07
1.09634e-07
6.58297e-08
1.23448e-07
6.31443e-08
6.05403e-08
7.51817e-08
6.12828e-08
7.39108e-08
4.06287e-08
6.65036e-08
1.02878e-07
1.13625e-07
8.15765e-08
1.98667e-07
4.13637e-07
4.97783e-07
0
