0
1.37819e-07
5.41292e-08
-2.54858e-08
-7.44197e-08
2.94346e-08
-1.08212e-08
-3.28466e-08
6.68954e-08
-6.05655e-08
5.6401e-08
-8.26312e-08
4.82531e-08
5.31556e-09
-4.02534e-08
1.382e-08
-1.19243e-08
3.10097e-08
-6.01167e-08
8.84634e-08
-2.80914e-08
-5.81272e-08
1.08141e-08
3.00115e-09
-1.3399e-08
-1.30851e-08
3.52026e-08
3.42503e-10
-2.74824e-08
1.68911e-08
2.02898e-08
2.04884e-08
-3.53666e-08
3.88e-08
6.87933e-09
-4.38045e-08
5.76181e-08
-6.03035e-08
-2.60403e-09
1.46414e-08
-1.3899e-08
1.2628e-08
-3.32821e-08
2.58749e-08
3.6374e-08
1.07475e-08
