1.37819e-07
1.91949e-07
1.66463e-07
7.38125e-08
1.21478e-07
8.87961e-08
5.40161e-08
1.44705e-07
8.41399e-08
7.27094e-08
5.79097e-08
1.06163e-07
6.1823e-08
7.1225e-08
8.5045e-08
5.1902e-08
1.0413e-07
4.40137e-08
1.32477e-07
1.04386e-07
4.62584e-08
5.70725e-08
6.00736e-08
3.98321e-08
3.18385e-08
6.87921e-08
4.2424e-08
4.16522e-08
5.85433e-08
7.8833e-08
7.20099e-08
5.07177e-08
1.02755e-07
8.23626e-08
5.5694e-08
1.23448e-07
6.31443e-08
6.05403e-08
7.10466e-08
6.11244e-08
6.29754e-08
4.06287e-08
5.78934e-08
7.04243e-08
1.13625e-07
6.40903e-08
1.30615e-07
3.20603e-07
2.53138e-07
