0.0263109
0.0219243
-0.0324693
-0.0307146
0.0306975
0.0280655
-0.031719
-0.02896
-0.0319667
-0.0315243
-0.0313501
-0.031293
-0.0307146
-0.0306288
-0.0297678
-0.0290587
-0.0274976
-0.0325825
-0.0325059
-0.0324693
-0.0324007
-0.0323511
-0.0272054
0.0328294
-0.0320976
-0.0321113
-0.0323123
-0.0321088
0.0131512
0.030596
0.0306975
0.000940844
0.00262338
0.00437801
0.00613264
0.00788727
0.00964191
0.0113965
0.0315069
0.0149058
0.0166604
0.0184151
0.0197122
0.0215333
0.0219243
0.0201697
0.0330011
-0.0236961
0.0328431
0.0335749
0.0338793
0.0332674
0.0327407
0.0326864
-0.0254507
-0.0243512
0.0332084
0.0335452
0.0336681
0.0327269
0.0327825
0.0320242
0.0324521
0.0328339
-0.0325338
-0.00790442
-0.00614978
-0.00528076
-0.00439515
-0.00264052
-0.00153511
-0.00088589
0.000868743
-0.0219415
-0.0114137
-0.0201868
0.0248538
0.0254336
0.023679
0.0245563
-0.0184322
-0.0166776
0.0280593
0.0280655
0.0289428
-0.00965904
0.0263109
0.0271882
-0.0131683
-0.0149229
0.000868745
-0.0324693
0.0201697
0.0245563
-0.0324693
-0.00088589
-0.02896
0.00613264
-0.0324693
0.0289428
0.0324521
0.0324521
0.00788727
-0.00614978
0.023679
0.0324521
-0.0272054
0.0271882
-0.0236961
0.0324521
0.0324521
0.0289429
0.0269942
0.0271882
0.028502
0.0245563
0.0280655
0.0263109
0.0254336
0.023679
0.0324521
0.0324521
-0.0219415
0.0280655
-0.00790442
0.0324521
0.0324521
0.0306975
-0.0307146
0.0263109
-0.00895675
-0.00790442
-0.00614978
-0.0114137
-0.0131683
-0.00965904
-0.00439515
-0.0149229
-0.00264052
-0.0315825
-0.0317912
0.0245563
0.0254336
-0.0184322
-0.0166776
-0.0316546
0.0260014
0.0263109
0.0271882
-0.0315684
-0.0312411
0.027574
0.023679
0.0280655
0.0289429
0.000868744
-0.000885891
0.0325803
-0.0272054
0.0317025
0.0149058
0.0131512
0.0113965
0.00964191
0.00898977
0.00788727
0.00613264
0.00503195
0.00437801
0.00262338
-0.0321983
-0.032241
-0.0322781
-0.0322398
-0.0320468
-0.0211103
-0.0318378
-0.0318001
0.0219243
0.0201697
0.0184151
0.0166604
0.0320127
0.0322742
0.0321206
0.0326674
0.0324521
0.0322592
0.0325416
-0.0265958
0.0324521
0.0323118
-0.0307229
0.032066
0.0324521
0.0306975
0.0326573
0.0333663
-0.0310478
-0.0315368
-0.0312266
0.0324521
0.0319195
-0.0254507
-0.0236961
-0.0219415
-0.0201868
0.0290215
-0.0282263
-0.02896
-0.0290424
0.0304333
-0.030012
-0.0305742
0.0313157
0.0321922
-0.0307146
-0.0307146
0.0289429
0.0324521
0.0184151
0.0324521
0.0271882
-0.02896
0.0254336
-0.00965904
0.0324521
0.0324521
0.0166604
0.0245563
0.023679
-0.0315919
0.0219243
0.0324521
0.0306975
-0.0315919
0.0263109
0.00437801
-0.0307146
0.0201697
-0.0114137
-0.0131683
0.00964191
-0.0315324
0.0254336
0.0245563
-0.0320213
-0.032177
-0.0321638
-0.0314447
0.023679
0.026198
0.0263109
-0.031592
0.0271882
-0.031731
-0.0319908
0.0271882
0.0131512
0.0324521
0.033049
-0.0131683
0.021047
0.0113965
0.0280655
0.0288116
0.0289429
0.0192924
0.0214608
0.0219243
0.0184151
0.0166604
-0.0140456
