0.031014
0.0318913
0.00557179
0.0248728
0.028382
0.0301366
0.0160996
0.0285538
0.0178542
0.0196089
0.0213635
0.0231181
0.0247397
0.0248727
0.0266274
0.028382
0.0301366
0.00206253
0.00381716
0.00402565
0.00557179
0.00732642
0.0303993
0.000307897
0.00908106
0.0108357
0.0125903
0.0143449
0.0316945
0.028382
0.028302
0.0318913
0.0315746
0.0313941
0.0305674
0.0307446
0.0315165
0.0316738
0.0266274
0.03149
0.0311313
0.0314691
0.0318913
0.0318913
0.0317678
0.0319754
0.0125903
0.0321207
0.00206253
0.00381716
0.00557179
0.00732642
0.00908106
0.0108357
0.0315249
0.0318913
0.0143449
0.0160996
0.0178542
0.0196089
0.0213635
0.0248727
0.0243275
0.0231181
0.000307897
0.0323363
0.0321376
0.0318913
0.0315942
0.0315564
0.0318913
0.0320661
0.0319179
0.0324042
0.0329002
0.0325964
0.0310139
0.0308914
0.0311928
0.0310769
0.0332863
0.0335371
0.0301366
0.0301311
0.0294755
0.032486
0.0308497
0.030713
0.0331876
0.0333067
0.0318913
0.00381716
0.0318913
0.031014
0.000307895
0.0318913
0.028382
0.0301366
0.00206253
0.0292593
0.0196089
0.000307897
0.0301366
0.0318913
0.031014
0.00206253
0.0301366
0.0301366
0.0318913
0.0108357
0.00908105
0.0290208
0.0301366
0.0300842
0.0292593
0.0307825
0.0295733
0.0303951
0.0306355
0.0309191
0.0231181
0.0213635
0.0318913
0.0292593
0.0318913
0.0125903
0.0178542
0.0266274
0.0231181
0.0301366
0.0318913
0.0317342
0.0313989
0.0323116
0.0323699
0.032005
0.0311812
0.0324205
0.0311148
0.0108357
0.00732642
0.0303718
0.0302818
0.0324966
0.0326321
0.00908106
0.0301366
0.0299844
0.0294824
0.0125903
0.0143449
0.0292593
0.0304271
0.0289638
0.0284322
0.0309358
0.0310819
0.00381716
0.0296253
0.000307897
0.030869
0.0309902
0.0308755
0.0305255
0.0301366
0.0292743
0.0293952
0.0301366
0.0305039
0.030775
0.000307895
0.00118521
0.00206253
0.00293984
0.00381716
0.0318913
0.00469448
0.00557179
0.0305308
0.0306261
0.0302148
0.0303008
0.00908106
0.0213635
0.0196089
0.0160996
0.0173102
0.0178542
0.0143449
0.0301366
0.0137482
0.0125903
0.0213635
0.0108357
0.00767397
0.0258366
0.00732642
0.00557179
0.0196089
0.0178542
0.0160996
0.00360192
0.00206253
0.0310746
0.0315745
0.0317226
0.0321111
0.028382
0.028382
0.0267836
0.0266274
0.0266274
0.0248728
0.0231181
0.0248727
0.0231181
0.0215687
0.0213635
0.028382
0.00381716
0.0301366
0.0143449
0.0292593
0.0266274
0.0301366
0.0318913
0.00732642
0.0160996
0.0301366
0.0301366
0.0301366
0.00557179
0.0301366
0.00557179
0.0248727
0.00469448
0.0292593
0.0301366
0.0196089
0.0301366
0.0318913
0.0318913
0.0301366
0.00469448
0.0297159
0.0296706
0.000307897
0.00118521
0.00206253
0.00557179
0.0297947
0.0292593
0.0290029
0.00438717
0.0284051
0.00381716
0.00293984
0.028382
-0.0312755
-0.0201247
-0.0102199
-0.0295208
-0.0312755
-0.0312755
-0.0290999
-0.0286435
-0.0284689
-0.0311154
-0.0312755
-0.0314475
-0.0312696
-0.0312755
-0.0277662
