8.67017e-08
1.72157e-07
1.11269e-07
9.20431e-08
8.10266e-08
1.10657e-07
7.781e-08
8.67774e-08
6.25302e-08
1.40541e-07
5.44417e-08
7.67439e-08
1.11478e-07
5.42149e-08
6.16547e-08
7.31207e-08
7.88712e-08
4.10665e-08
1.14147e-07
6.90929e-08
3.5372e-08
5.62281e-08
5.19003e-08
4.66746e-08
3.35895e-08
4.43188e-08
6.91346e-08
2.79597e-08
5.67488e-08
5.59894e-08
9.93214e-08
6.39548e-08
6.15423e-08
1.09634e-07
6.58297e-08
6.70236e-08
6.28487e-08
4.83825e-08
7.51817e-08
6.12828e-08
7.39108e-08
3.15701e-08
6.65036e-08
1.02878e-07
5.39433e-08
8.15765e-08
1.98667e-07
4.13637e-07
4.97783e-07
