0.253334
0.253329
0.253303
0.25336
0.25346
0.253407
0.253407
0.253308
0.253367
0.253395
0.253404
0.253321
0.253304
0.253358
0.25337
0.253303
0.253321
0.253462
0.253349
0.253341
0.253395
0.253385
0.253211
0.253363
0.253293
0.253325
0.253343
0.2533
0.253348
0.253309
0.253275
0.2532
0.253304
0.253322
0.253348
0.253352
0.253239
0.253352
0.253268
0.253238
0.253322
0.253357
0.253262
0.253221
0.253321
0.253321
0.253344
0.253338
0.253303
0.253358
0.253272
0.253416
0.253427
0.253362
0.253378
0.253247
0.253242
0.25334
0.253383
0.253383
0.25325
0.253338
0.253389
0.253334
0.253392
0.253322
0.253277
0.253357
0.253351
0.253327
0.253349
0.253309
0.253275
0.253282
0.253412
0.253332
0.253326
0.253289
0.253275
0.253348
0.253402
0.253374
0.253352
0.253334
0.253294
0.253315
0.253301
0.253298
0.253329
0.253363
0.253389
0.253315
0.253343
0.253321
0.253281
0.253391
0.253354
0.253269
0.253272
0.253347
0.253399
0.253429
0.253311
0.253439
0.253355
0.253363
0.253362
0.253331
0.253405
0.25339
0.253417
0.25337
0.253441
0.253226
0.253244
0.253342
0.25337
0.253377
0.25336
0.253359
0.253351
0.253353
0.253334
0.253311
0.253374
0.253315
0.253294
0.253301
0.253283
0.253331
0.253344
0.253361
0.253314
0.253315
0.25335
0.253329
0.253237
0.253201
0.253333
0.253312
0.253354
0.253356
0.253318
0.25338
0.253302
0.253332
0.25335
0.253262
0.253352
0.253287
0.25338
0.253321
0.25329
0.253341
0.253304
0.253319
0.253358
0.253314
0.253371
0.253383
0.253381
0.253382
0.25339
0.253411
0.253384
0.253363
0.25329
0.253398
0.253353
0.253306
0.253359
0.253277
0.253283
0.253326
0.253404
0.253358
0.253347
0.253372
0.253301
0.253278
0.25331
0.253261
0.253276
0.253332
0.253283
0.253309
0.253312
0.253338
0.253309
0.253418
0.253308
0.253366
0.253362
0.253392
0.253332
0.253356
0.253358
0.253388
0.253381
0.253382
0.25331
0.253399
0.253312
0.253337
0.253405
0.253382
0.253286
0.253286
0.253314
0.253345
0.253376
0.253325
0.253318
0.253342
0.253316
0.253329
0.253356
0.253384
0.253376
0.253325
0.253339
0.253325
0.253361
0.253428
0.253341
0.253394
0.253331
0.253357
0.253339
0.253455
0.253407
0.253398
0.253428
0.253354
0.253392
0.253306
0.253364
0.253408
0.253408
0.253411
0.253335
0.253356
0.25337
0.253337
0.253313
0.253311
0.253321
0.25327
0.25333
0.253386
0.253382
0.253359
0.253325
0.253374
0.253258
0.253414
0.253323
0.253257
0.253342
0.253359
0.253403
0.253457
0.253307
0.253455
0.253319
0.253344
0.253295
0.253256
0.253318
0.253332
0.253398
0.25326
0.25333
0.253313
0.253318
0.253268
0.253318
0.253402
0.253391
0.253462
0.253333
0.253327
0.253346
0.253342
0.253333
0.253303
0.253402
0.253394
0.253256
0.25333
0.253343
0.253271
0.253342
0.253332
0.253351
0.25337
0.253306
0.253321
0.253361
0.253371
0.253363
0.253363
0.253384
0.253332
0.25332
0.253321
0.253336
0.253375
0.253289
0.253304
0.253337
0.253264
0.253333
0.253218
0.253294
0.253232
0.253292
0.253319
0.253318
0.253324
0.253365
0.25332
0.253303
0.253269
0.253333
0.253405
0.253299
0.253305
0.253303
0.253392
0.253308
0.253377
0.253327
0.253258
0.253335
0.253285
0.253302
0.253287
0.253309
0.253353
0.253272
0.25331
0.253303
0.253314
0.253378
0.253344
0.253363
0.253333
0.253306
0.25334
0.25331
0.253282
0.253354
0.253248
0.253317
0.253391
0.253223
0.253286
0.253261
0.253344
0.253336
0.253354
0.253354
0.253203
0.253305
0.253333
0.253351
0.253359
0.253325
0.253309
0.253321
0.253276
0.253319
0.25335
0.253291
0.253298
0.253306
0.253225
0.253304
0.253358
0.253332
0.253285
0.253345
0.253307
0.253337
0.253318
0.253314
0.253317
0.253246
0.253238
0.253298
0.253359
0.253272
0.253339
0.253353
0.253311
0.253361
0.253301
0.253336
0.253279
0.253345
0.253318
0.253387
0.253333
0.253298
0.253293
0.253327
0.253295
0.253467
0.253328
0.25331
0.253362
0.253406
0.253325
0.253267
0.253327
0.253355
0.253321
0.25328
0.253345
0.253327
0.253302
0.253319
0.253464
0.253332
0.253336
0.253321
0.253313
0.253388
0.253375
0.253339
0.253249
0.253341
0.253294
0.253328
0.253326
0.253361
0.253304
0.253263
0.253313
0.253304
0.253326
0.253255
0.253245
0.253296
0.253254
0.253307
0.253311
0.253332
0.25329
0.253343
0.253303
0.253321
0.253238
0.253227
0.253303
0.253383
0.253288
0.253287
0.253319
0.253341
0.253382
0.25335
0.253325
0.253371
0.253355
0.253295
0.253351
0.253304
0.253333
0.253368
0.253357
0.253358
0.253249
0.253467
0.25338
0.253367
0.253339
0.253327
0.253299
0.253312
0.253324
0.253246
0.253376
0.253394
0.253332
0.253381
0.253279
0.25327
0.253335
0.253394
0.253205
0.253324
0.253334
0.253316
0.253342
0.253373
0.253349
0.253324
0.25329
0.253344
