2.31309e-15
1.28387e-07
4.00695e-07
6.63719e-07
6.61121e-07
9.01275e-07
1.16472e-06
1.30272e-06
1.79883e-06
2.19353e-06
2.38285e-06
2.44918e-06
2.44079e-06
2.43247e-06
2.87028e-06
3.30735e-06
3.3849e-06
3.43672e-06
3.85351e-06
4.08689e-06
4.22931e-06
4.23384e-06
4.20175e-06
4.17225e-06
4.0727e-06
4.12088e-06
4.43369e-06
4.53528e-06
4.56809e-06
4.59018e-06
4.38537e-06
4.3799e-06
4.47597e-06
4.56829e-06
4.57095e-06
4.56109e-06
4.70841e-06
4.69772e-06
4.68605e-06
4.67307e-06
4.66066e-06
4.74882e-06
4.75254e-06
4.76519e-06
4.90827e-06
5.03727e-06
5.187e-06
5.17448e-06
5.14756e-06
5.12097e-06
5.37897e-06
5.59388e-06
5.75888e-06
5.91348e-06
6.2009e-06
6.10181e-06
6.18711e-06
6.18291e-06
6.36333e-06
6.37224e-06
6.36961e-06
6.40034e-06
6.45055e-06
6.48523e-06
6.48285e-06
6.51224e-06
6.48321e-06
6.47779e-06
6.49588e-06
6.48125e-06
6.4567e-06
6.62455e-06
6.58914e-06
6.54662e-06
6.52306e-06
6.58166e-06
6.66827e-06
6.70487e-06
6.84336e-06
6.83007e-06
6.89485e-06
6.85628e-06
6.81751e-06
6.77757e-06
6.90878e-06
6.87876e-06
6.85122e-06
6.84949e-06
6.85258e-06
6.86248e-06
6.87989e-06
6.86709e-06
6.85232e-06
6.92333e-06
6.99852e-06
7.10576e-06
7.16479e-06
7.15991e-06
7.1525e-06
7.26787e-06
7.38451e-06
7.49822e-06
7.61962e-06
7.74352e-06
7.87095e-06
7.96919e-06
7.94479e-06
7.92308e-06
7.90498e-06
7.95085e-06
8.03839e-06
8.11426e-06
8.18324e-06
8.264e-06
8.23924e-06
8.36506e-06
8.49274e-06
8.46517e-06
8.54397e-06
8.62416e-06
8.60078e-06
8.58552e-06
8.57365e-06
8.54753e-06
8.58499e-06
8.5742e-06
8.5923e-06
8.6562e-06
8.70031e-06
8.66274e-06
8.66841e-06
8.63674e-06
8.62764e-06
8.61264e-06
8.71744e-06
8.75308e-06
8.82797e-06
8.89372e-06
8.88702e-06
8.96009e-06
9.02238e-06
9.10173e-06
9.1822e-06
9.16062e-06
9.13709e-06
9.16715e-06
9.2207e-06
9.18122e-06
9.1538e-06
9.1795e-06
9.18925e-06
9.23576e-06
9.22801e-06
9.20537e-06
9.18479e-06
9.19946e-06
9.26485e-06
9.2652e-06
9.23952e-06
9.29232e-06
9.26444e-06
9.2895e-06
9.30221e-06
9.31032e-06
9.31392e-06
9.30887e-06
9.36506e-06
9.42375e-06
9.39739e-06
9.37356e-06
9.38056e-06
9.37367e-06
9.36421e-06
9.35382e-06
9.34278e-06
9.39898e-06
9.45996e-06
9.55413e-06
9.6481e-06
9.62426e-06
9.59905e-06
9.69361e-06
9.7739e-06
9.8613e-06
9.8352e-06
9.84287e-06
9.92119e-06
9.98997e-06
1.0044e-05
1.00577e-05
1.00306e-05
1.00177e-05
1.00117e-05
1.00602e-05
1.01238e-05
1.01637e-05
1.01908e-05
1.01702e-05
1.01442e-05
1.01942e-05
1.02663e-05
1.03325e-05
1.03906e-05
1.03555e-05
1.03906e-05
1.04255e-05
1.04914e-05
1.04699e-05
1.05159e-05
1.05604e-05
1.05425e-05
1.05449e-05
1.05626e-05
1.0549e-05
1.05754e-05
1.05931e-05
1.05674e-05
1.05605e-05
1.0534e-05
1.05001e-05
1.04673e-05
1.05021e-05
1.04997e-05
1.05251e-05
1.05421e-05
1.05868e-05
1.06246e-05
1.06139e-05
1.06002e-05
1.05993e-05
1.06375e-05
1.06314e-05
1.06578e-05
1.0651e-05
1.06661e-05
1.06757e-05
1.06609e-05
1.0645e-05
1.0631e-05
1.06163e-05
1.06025e-05
1.05882e-05
1.05743e-05
1.05597e-05
1.05456e-05
