2.31309e-15
2.21455e-15
2.80377e-15
3.65213e-15
2.65807e-15
3.72752e-15
2.73787e-15
3.20436e-15
4.23674e-15
4.27664e-15
2.99951e-15
3.81087e-15
3.02678e-15
2.98963e-15
3.41355e-15
3.46601e-15
3.87118e-15
3.44917e-15
2.99809e-15
3.02179e-15
3.60942e-15
4.09468e-15
3.68177e-15
3.1836e-15
3.63614e-15
2.79899e-15
3.64683e-15
3.6158e-15
3.68037e-15
4.24406e-15
3.84244e-15
3.83151e-15
3.90233e-15
3.91995e-15
4.4305e-15
3.42541e-15
2.98178e-15
3.89131e-15
5.20006e-15
3.62637e-15
3.21414e-15
4.14127e-15
3.33977e-15
3.8069e-15
4.44203e-15
4.40209e-15
5.22074e-15
4.51004e-15
4.02129e-15
4.59925e-15
3.57352e-15
4.15503e-15
3.59664e-15
3.7046e-15
4.75122e-15
4.16767e-15
5.30576e-15
3.62452e-15
4.79548e-15
4.69801e-15
6.09381e-15
6.06357e-15
4.66753e-15
4.632e-15
4.87915e-15
4.84719e-15
5.58004e-15
6.394e-15
4.32555e-15
6.44377e-15
5.01261e-15
6.51312e-15
4.45289e-15
4.50469e-15
3.92243e-15
4.52312e-15
3.96922e-15
4.5321e-15
3.87259e-15
5.86686e-15
4.54734e-15
5.19441e-15
4.42347e-15
5.82188e-15
5.05676e-15
3.9577e-15
5.09283e-15
6.65852e-15
6.71368e-15
5.16875e-15
4.48995e-15
5.1555e-15
6.69239e-15
5.15988e-15
4.42413e-15
4.41203e-15
4.43133e-15
7.38078e-15
5.83487e-15
5.09099e-15
6.61126e-15
6.63133e-15
5.8203e-15
5.08915e-15
5.76758e-15
3.9039e-15
5.05164e-15
4.47499e-15
4.4468e-15
4.34037e-15
4.95537e-15
5.74997e-15
5.67309e-15
4.39137e-15
5.74063e-15
6.3937e-15
5.68115e-15
4.41818e-15
5.64322e-15
3.84754e-15
5.5817e-15
4.42308e-15
4.27961e-15
5.70222e-15
4.38835e-15
4.47538e-15
5.81445e-15
4.50798e-15
5.84952e-15
5.83085e-15
