0
2.67159e-06
-2.52029e-06
5.02867e-06
-5.14329e-06
-1.76975e-08
2.53523e-08
1.1e-08
-2.84287e-08
2.86508e-08
-1.72279e-08
-6.20835e-09
-1.36793e-09
-6.0343e-09
-3.254e-09
-1.50831e-08
9.9559e-09
7.37634e-09
-7.95973e-09
2.27865e-08
1.15549e-08
-1.59626e-08
4.90029e-09
-7.00192e-09
-1.68565e-08
1.11334e-08
-9.61458e-09
-9.59421e-09
9.17339e-09
-2.63562e-09
-8.7032e-09
1.68208e-08
-5.28312e-09
-9.14647e-09
3.41077e-09
4.53563e-09
-9.6777e-10
1.66116e-09
5.57089e-09
8.90833e-09
-1.36894e-08
2.15364e-08
-2.64213e-09
-2.16533e-08
2.26563e-08
-4.34238e-09
-2.37861e-08
1.25906e-08
1.4617e-09
-1.23285e-08
8.30492e-09
9.87754e-09
-1.35944e-08
2.01277e-08
-4.38498e-09
-2.30494e-08
2.09539e-08
7.14139e-09
-1.74052e-08
6.10846e-08
-7.93033e-08
