-0.0184099
0.0351485
-0.0201952
0.0351485
0.0351485
0.0351485
0.0351485
0.0351485
0.0351485
0.0351485
-0.0201952
0.0351485
0.0351485
0.0351485
0.0351485
0.0351485
0.0119398
0.0137251
0.0155104
0.0101546
0.00836927
0.035081
0.0350559
0.0350736
0.00658399
0.0350537
0.0351485
0.0351412
0.0101545
0.0119398
0.0137251
0.0155104
-0.0327167
-0.0332814
-0.0168816
-0.0309069
-0.031741
-0.0326922
-0.0255511
-0.0262621
0.0047987
0.00658398
0.00836926
-0.0184099
-0.0201525
-0.0130541
-0.0148394
-0.0166247
0.035052
-0.0201952
-0.0219805
-0.0130541
-0.0148394
-0.0227228
-0.0184099
-0.0166247
0.035109
0.0350848
0.00301343
0.00479872
-0.0336169
-0.0342509
-0.0337152
0.0315779
-0.0338212
-0.033939
0.0351485
0.0347378
0.034025
0.0339363
0.0333632
0.0327017
0.0315779
0.0304115
-0.0340995
-0.0337146
0.0244368
0.0262221
0.0280074
0.0297926
0.0333632
0.0317358
-0.0343528
-0.0343793
0.0244368
0.0262221
0.0280074
0.0297926
0.0172957
-0.0201952
-0.0337348
0.0352982
0.0354114
-0.0337041
-0.0336761
0.0355131
0.0356057
-0.0337205
0.00122814
-0.000557138
-0.00234242
-0.0041277
-0.0334619
0.019081
0.0356208
0.0355725
0.0354018
0.0351485
0.0351312
0.0208662
0.0226515
0.0172957
0.0190809
0.0208662
0.0226515
-0.0326922
0.0353711
0.0351743
-0.00412769
-0.00234241
0.00122815
0.0351485
0.00301342
-0.0342112
-0.0103541
-0.00948354
-0.0340673
-0.0338069
-0.0334004
-0.0278349
0.0351271
-0.000557126
-0.0273363
-0.0291693
-0.0112688
-0.0328722
0.035128
-0.0291216
-0.0322012
-0.00769826
-0.00591298
-0.0303212
0.0350949
0.035131
-0.0303205
-0.031358
-0.0309069
-0.0245515
0.0359887
-0.0105347
0.0362079
0.0352872
0.0362037
0.0363401
0.0363079
0.0363399
0.0359952
-0.0237658
-0.0255511
-0.0237658
-0.0219805
-0.0273364
-0.0280562
-0.0291216
-0.0342446
0.0355699
0.0357194
-0.0342427
-0.00591297
-0.00769825
-0.0112688
-0.00948353
-0.0343566
-0.0344086
0.0351485
-0.0326922
-0.0291216
0.0315779
0.0351485
0.0351485
-0.0112688
0.0351485
0.0351485
0.0351485
-0.0166247
0.0297926
0.0351485
-0.00948353
0.0351485
0.0351485
0.0351485
0.0351485
0.0333632
0.0333632
-0.00948353
-0.0342167
-0.0341336
-0.0340965
-0.0340536
-0.0338861
-0.0340962
-0.0219805
-0.0223116
-0.0112688
-0.0201952
-0.0219805
0.0333483
-0.00840015
-0.0201952
-0.0337299
-0.0336259
-0.0335494
-0.0334553
0.0333632
0.0226515
-0.0309069
0.0244368
0.0360575
-0.0314143
0.0244368
0.0262221
-0.0130541
-0.0148394
-0.0162233
0.0280074
0.0297926
-0.0255511
-0.0340208
-0.0237658
-0.0298604
-0.0291216
-0.0273766
-0.0342961
-0.0273364
-0.0197744
-0.0184099
-0.0342021
-0.0166247
-0.0324372
0.00122815
0.0155104
0.0137251
-0.0327519
-0.032047
-0.0291216
-0.030033
-0.0309069
-0.0311553
0.0101546
0.0119398
-0.0326922
-0.0275211
-0.0273363
-0.0334861
-0.0326922
-0.033477
-0.0335034
-0.0335438
-0.0330602
-0.0332683
-0.0334034
-0.00412769
-0.028882
-0.000557138
-0.00234242
0.0208662
0.019081
0.0172957
-0.0041277
-0.0338807
-0.00769825
-0.00591297
0.00122814
-0.0336007
0.0308652
-0.0332348
-0.00234241
0.00301343
0.00479872
0.0315779
0.00658399
0.00836927
-0.000557126
0.0350079
-0.0241816
-0.0237658
0.0262221
0.00301342
0.0047987
0.00658398
0.00836926
-0.0259149
-0.0255511
0.0346568
0.034813
0.0344964
0.0350409
0.0360433
0.0349575
0.0347833
0.0345438
-0.00591298
-0.00769826
0.0101545
0.0119398
0.0137251
0.0346245
0.035817
0.03487
-0.0184099
-0.0166247
-0.0148394
0.0351095
0.0351485
0.0352882
0.0346511
0.0345944
-0.0130541
0.0355209
0.0349242
0.0347137
0.0345713
0.034567
0.0360322
0.0358637
0.0345083
0.0344797
0.0346856
0.0346162
0.0344545
0.0155104
0.0333632
-0.01211
0.0333197
0.0348049
-0.0112688
0.0319051
0.0315779
0.0190809
0.0351485
0.0208662
0.0226515
0.0341215
0.0280074
0.0346514
0.0293154
0.0297926
0.0172957
-0.00948354
0.035552
