0.0363109
0.0363109
-0.0297445
0.0291698
0.0273845
-0.0315298
0.0320716
0.0309551
0.0292256
-0.0251459
-0.0243886
-0.030798
-0.0297445
-0.0327888
-0.0323415
-0.0316508
-0.0297144
-0.028501
0.0351022
0.0355552
-0.0279592
0.0362097
0.0359105
0.0238139
0.00596113
0.0131023
0.011317
0.00953169
0.00774641
0.0148875
0.00417585
0.00239056
0.0362466
0.0220286
0.0202434
0.0184581
0.0166728
0.0333336
0.0335733
0.0336796
0.0255992
-0.0141954
-0.033924
-0.0339353
-0.00653583
0.0345256
0.0343354
-0.00832111
-0.0101064
-0.0118917
-0.0226034
-0.0339048
-0.0231664
-0.0208181
0.0346761
-0.013677
-0.0208977
-0.0154622
0.0340105
0.0337434
0.0327403
-0.0190328
-0.0172475
-0.0180942
-0.0261739
-0.033315
-0.0269855
0.035545
0.0359765
0.0361744
0.0348687
0.0345256
0.0338371
-0.00475056
-0.00296528
-0.0338103
-0.0336551
-0.0331711
-0.0334637
-0.00117999
0.000605287
0.0291698
-0.0208181
0.0345256
-0.0315298
-0.033315
-0.0332272
-0.00117999
0.00417585
-0.00296528
0.00596113
0.00774641
-0.00475056
-0.0282094
-0.0279592
-0.0329295
-0.0294521
0.0358437
-0.033315
0.035904
0.00953169
0.011317
0.0131023
0.0148875
0.0316172
0.0309551
-0.0325279
-0.0320664
-0.0315298
0.0352208
-0.00653583
0.0356321
0.0327403
0.0334196
0.0345256
0.000605287
0.034544
-0.0297445
-0.0305627
0.00239056
-0.0313662
0.0291698
-0.013677
-0.0154622
-0.0204296
-0.0190328
-0.0176776
-0.0172475
-0.0138377
-0.0226034
-0.022808
0.0166728
0.0285823
0.0184581
0.0202434
0.0220286
0.0273845
0.0255992
0.0238139
-0.0336297
-0.0208181
0.0330641
0.0332261
0.0333219
-0.00832111
-0.0333811
-0.0335629
-0.0101064
-0.0118917
-0.033564
-0.0335308
-0.0261739
-0.026581
-0.0243886
-0.024799
0.0334324
0.0336158
0.0357995
0.035529
0.035243
0.0347702
0.0345256
0.0343663
0.0339661
-0.00296527
-0.0101064
-0.0083211
-0.0338701
-0.0340005
-0.034183
-0.0338014
-0.0337622
-0.00475054
-0.0119895
0.0333986
0.0334478
0.0334277
0.0334431
0.033371
0.00239058
0.00417586
0.0273845
0.0184581
0.0238139
0.0202434
0.0131023
0.0148875
0.0095317
0.0327403
-0.0136769
0.0291698
-0.0243886
0.011317
-0.0154622
-0.033315
0.0309551
0.0309551
0.03094
-0.0343915
-0.0343465
-0.0334061
-0.0334945
-0.0343444
0.0329885
0.0327403
0.0323439
