-0.0429106
-0.0424552
-0.0396242
-0.0395279
-0.0418701
-0.04226
-0.0439726
-0.0422719
-0.0383932
-0.0416488
-0.039774
-0.0417521
-0.0411091
-0.0408192
-0.0410312
-0.0431277
-0.0422145
-0.0403968
-0.0421148
-0.0424169
-0.0393021
-0.0357649
-0.0419536
-0.0410759
-0.0404537
-0.0396957
-0.0421177
-0.0274058
-0.0423149
-0.0433523
-0.0405574
-0.0397438
-0.0420486
-0.0266537
-0.0428573
-0.0409623
-0.0409005
-0.0412423
-0.042189
-0.0427643
-0.042299
-0.0408151
-0.0432082
-0.0440263
-0.039969
-0.040775
-0.0413381
-0.0416927
-0.0423861
-0.0437538
-0.0400652
-0.0376102
-0.0426704
-0.0400885
-0.0406387
-0.0396371
-0.0411448
-0.0417676
-0.0416948
-0.0394787
-0.0407415
-0.0416464
-0.0404056
-0.0374511
-0.0394522
-0.043332
-0.0399882
-0.0414662
-0.0426421
-0.0414129
-0.0407921
-0.0428951
-0.041192
-0.0431195
-0.0367328
-0.0431438
-0.0396745
-0.038057
-0.0399004
-0.0405125
-0.0429454
-0.0385423
-0.0424138
-0.0406354
-0.0428366
-0.0425344
-0.0425991
-0.0408042
-0.0415496
-0.0411508
-0.0401736
-0.0406967
-0.044686
-0.0398916
-0.0448877
-0.0393621
-0.040597
-0.0412793
-0.0421999
-0.0417476
-0.0369646
-0.0412976
-0.0422475
-0.041701
-0.042865
-0.0426512
-0.0417333
-0.0402423
-0.0418809
-0.0402665
-0.0405812
-0.0425066
-0.0413503
-0.0414002
-0.0365921
-0.0414031
-0.0417154
-0.0410053
-0.0412525
-0.0441428
-0.0440245
-0.041877
-0.0405693
-0.0364622
-0.0427241
-0.0429884
-0.0425961
-0.0421225
-0.0404589
-0.0436241
-0.0435171
-0.0418444
-0.0431902
-0.0402151
-0.0420256
-0.045131
-0.0423977
-0.0408966
-0.0421853
-0.0411764
-0.0423072
-0.0443969
-0.0436133
-0.043801
-0.0401754
-0.0402612
-0.042178
-0.0415712
-0.0379094
-0.0421028
-0.0438913
-0.0423084
-0.0432957
-0.0435154
-0.0386498
-0.0436121
-0.0432753
-0.0426949
-0.045263
-0.0403296
-0.0380332
-0.0417249
-0.0416997
-0.0435131
-0.0403788
-0.0404667
-0.0422331
-0.040224
-0.0421464
-0.0444649
-0.0436721
-0.0410982
-0.0469619
-0.0428724
-0.0421505
-0.0434211
-0.0433774
-0.0419221
-0.0421762
-0.0414744
-0.0444061
-0.0430633
-0.0414136
-0.0433366
-0.0442669
-0.0441914
-0.0422201
-0.042149
-0.0461751
-0.0423559
-0.0436375
-0.0391256
-0.0414469
-0.0410561
-0.0422428
-0.0429632
-0.0575092
-0.0412762
-0.0425325
-0.0409582
-0.0408672
-0.0385932
-0.0412515
-0.0455311
-0.0417523
-0.0437449
-0.0451765
-0.0417503
-0.043223
-0.0424906
-0.0374888
-0.0419294
-0.0420585
-0.0424951
-0.0319598
-0.042586
-0.0421322
-0.0392914
-0.0431219
-0.0449227
-0.0362275
-0.0420614
-0.0362972
-0.0402556
-0.0431296
-0.0430375
-0.0406479
-0.0400324
-0.0417969
-0.0394792
-0.0398705
-0.0425028
-0.0400248
-0.0389247
-0.0361216
-0.0433567
-0.0412397
-0.0430948
-0.039582
-0.0376131
-0.0416383
-0.0370818
-0.0397115
-0.0429758
-0.0433167
-0.0438883
-0.0415742
-0.0414699
-0.0383545
-0.0435744
-0.0396769
-0.0404505
-0.0409784
-0.0438331
-0.0417801
-0.0430012
-0.044098
-0.0436888
-0.0408593
-0.0378819
-0.0392064
-0.0434819
-0.0422936
-0.0417388
-0.0423225
-0.0437152
-0.038395
-0.0384035
-0.0408325
-0.0445159
-0.0460191
-0.0420666
-0.041489
-0.0417844
-0.0424531
-0.0463201
-0.04098
-0.034372
-0.0330984
-0.0350742
-0.0414297
-0.0436528
-0.0437226
-0.0436267
-0.0421973
-0.0419121
-0.0421476
-0.0448806
-0.043041
-0.0458579
-0.0581794
-0.0421717
-0.0435828
-0.0458363
-0.0412022
-0.0417788
-0.0410487
-0.045521
-0.0437316
-0.0413667
-0.0425344
-0.0444442
-0.0429162
-0.0383095
-0.0417515
-0.0572264
-0.0436169
-0.0465248
-0.0417595
-0.0420787
-0.0431391
-0.0407616
-0.0374599
-0.0437266
-0.0434744
-0.0414248
-0.0426892
-0.0443226
-0.0417279
-0.0400821
-0.0395655
-0.0443678
-0.0444053
-0.0416953
-0.0441476
-0.040212
-0.0435103
-0.0417093
-0.0447038
-0.0435819
-0.0446936
-0.0437804
-0.0436338
-0.0413239
-0.0261584
-0.0425689
-0.0453705
-0.0418264
-0.0437509
-0.0406953
-0.0453143
-0.0438073
-0.0440016
-0.0432008
-0.0427915
-0.0445169
-0.0434241
-0.0401769
-0.0310793
-0.0395632
-0.0447655
-0.0424482
-0.0420256
-0.0446341
-0.0418613
-0.0403774
-0.0425029
-0.0404002
-0.0437744
-0.0422888
-0.0400095
-0.0420418
-0.0434574
-0.0436569
-0.0464453
-0.0414499
-0.0442438
-0.0442634
-0.0422414
-0.0403851
-0.0423355
-0.0433767
-0.0437205
-0.0424998
-0.0425698
-0.0420169
-0.0445087
-0.0447754
-0.0435269
-0.0588167
-0.0438054
-0.0453305
-0.044576
-0.0435207
-0.0422481
-0.0389095
-0.0434715
-0.0389212
-0.0445168
-0.0434342
-0.045411
-0.0445394
-0.0461293
-0.0432145
-0.045378
-0.0432925
-0.044154
-0.0443851
-0.0434393
-0.0427628
-0.0439216
-0.0427703
-0.0248637
-0.0414235
-0.0419453
-0.043462
-0.0427954
-0.0413519
-0.0475088
-0.0431791
-0.0431805
-0.042725
-0.0381906
-0.0425857
-0.0430674
-0.0426549
-0.0449983
-0.0453002
-0.039161
-0.0452192
-0.0393702
-0.0398832
-0.0394716
-0.0381303
-0.0406398
-0.0439879
-0.0380161
-0.0425616
-0.0290694
-0.0424331
-0.0402456
-0.0344588
-0.0412139
-0.038823
-0.0399357
-0.0423146
-0.0447896
-0.04466
-0.038981
-0.0264443
-0.0420575
-0.0431644
-0.0457114
-0.0409256
-0.0454665
-0.0386823
-0.0411395
-0.0442307
-0.0386983
-0.0413988
-0.0451833
-0.039063
-0.0456464
-0.0461466
-0.0369687
-0.0467743
-0.038577
-0.0436835
-0.0397526
-0.042143
-0.0405794
-0.0426635
-0.0432727
-0.0402448
-0.0435743
-0.0430388
-0.0431172
-0.0371099
-0.0345361
-0.0409406
-0.0445891
-0.0422015
-0.0448214
-0.0486084
-0.0409666
-0.0442553
-0.0428558
-0.0438907
-0.0456777
-0.0410821
-0.0388371
-0.0447662
-0.0435017
-0.0426512
-0.0431278
-0.0443033
-0.0393464
-0.0499989
-0.0463354
-0.0436962
-0.0421886
-0.0444029
-0.0396926
-0.0423938
-0.0397243
-0.0447607
-0.0454478
-0.0437785
-0.0463887
-0.0434178
-0.0410188
