0.202251
0.202323
0.20224
0.202238
0.202318
0.20234
0.202356
0.202266
0.202329
0.202223
0.202265
0.202275
0.202263
0.202316
0.202332
0.20232
0.202285
0.202312
0.202282
0.202288
0.202303
0.202302
0.20224
0.202311
0.202245
0.202262
0.202254
0.202273
0.202273
0.202259
0.202256
0.202222
0.202294
0.202285
0.202275
0.202274
0.202248
0.202322
0.202304
0.202258
0.202311
0.202321
0.202284
0.202265
0.20229
0.202266
0.202279
0.202287
0.20224
0.202284
0.202293
0.202292
0.202344
0.202253
0.202292
0.20224
0.20226
0.202287
0.20224
0.202276
0.20225
0.202262
0.202332
0.202314
0.202301
0.202323
0.202251
0.202305
0.202356
0.20228
0.202317
0.202307
0.20229
0.202307
0.202306
0.202288
0.202307
0.202288
0.202304
0.202248
0.202274
0.202296
0.202211
0.202179
0.20225
0.20225
0.202238
0.202239
0.202297
0.202211
0.202275
0.202242
0.202272
0.202303
0.202279
0.202278
0.202299
0.202269
0.20229
0.202309
0.202302
0.202305
0.202201
0.202239
0.202286
0.202253
0.202226
0.202233
0.2022
0.202178
0.20219
0.202213
0.202222
0.202247
0.202216
0.202264
0.202271
0.20223
0.202255
0.202224
0.202287
0.202214
0.202257
0.202281
0.20221
0.202226
0.202181
0.202285
0.202277
0.202244
0.202276
0.202214
0.20227
0.202218
0.202214
0.202246
0.202236
0.202227
0.202202
0.202248
0.202271
0.202225
0.202194
0.202288
0.202189
0.202281
0.202216
0.20224
0.202236
0.202215
0.202234
0.202257
0.202206
0.202248
0.202279
0.20226
0.202261
0.202192
0.202248
0.202243
0.202208
0.202244
0.202208
0.202301
0.202255
0.202247
0.202224
0.202171
0.202191
0.202271
0.202261
0.202251
0.20225
0.202219
0.202231
0.20227
0.202234
0.202166
0.202263
0.202247
0.202289
0.202284
0.202229
0.202284
0.202246
0.202271
0.202295
0.202274
0.202299
0.20231
0.202266
0.202292
0.202256
0.202281
0.202262
0.202298
0.202263
0.202284
0.202275
0.202295
0.202266
0.20228
0.202264
0.202298
0.202271
0.202283
0.202224
0.202267
0.202275
0.202312
0.202294
0.202234
0.202267
0.202296
0.202227
0.20226
0.202303
0.202281
0.202318
0.202283
0.202259
0.202276
0.202254
0.202251
0.202305
0.202292
0.20225
0.202218
0.202289
0.202258
0.202314
0.202228
0.202234
0.202251
0.202257
0.202305
0.202307
0.202243
0.20225
0.202272
0.202192
0.202231
0.202213
0.202203
0.202266
0.20219
0.202227
0.202216
0.20221
0.202265
0.202258
0.20227
0.202201
0.202254
0.202208
0.202298
0.202245
0.202226
0.202232
0.202211
0.202251
0.202271
0.202267
0.202249
0.202251
0.202277
0.202176
0.202202
0.202244
0.202248
0.202281
0.202184
0.202227
0.202244
0.20225
0.20224
0.202309
0.202206
0.202329
0.202361
0.202235
0.202212
0.202258
0.202274
0.20218
0.202206
0.202227
0.20222
0.202245
0.202254
0.202233
0.202216
0.202197
0.202191
0.202193
0.202279
0.202226
0.202256
0.202245
0.202234
0.202242
0.202252
0.202315
0.202188
0.20227
0.202255
0.2022
0.202277
0.202192
0.202182
0.202223
0.202223
0.202215
0.202197
0.202301
0.202251
0.202183
0.202181
0.202222
0.202214
0.202285
0.202263
0.202262
0.202221
0.202179
0.202232
0.20222
0.202207
0.20223
0.202257
0.202206
0.202277
0.202244
0.202209
0.20222
0.202225
0.202237
0.202223
0.202182
0.202227
0.202198
0.202203
0.20218
0.202253
0.202205
0.202245
0.202223
0.202208
0.202254
0.202228
0.202171
0.202227
0.202222
0.2022
0.202204
0.202238
0.202194
0.202157
0.202166
0.20229
0.202194
0.202207
0.202166
0.202174
0.202217
0.202193
0.202183
0.202273
0.202187
0.202175
0.202145
0.202152
0.202155
0.202231
0.202225
0.20215
0.202253
0.202186
0.202171
0.202194
0.202241
0.202215
0.202201
0.202182
0.202229
0.202205
0.202205
0.202205
0.202203
0.202223
0.202204
0.202203
0.202228
0.202176
0.202222
0.202242
0.202258
0.202242
0.202209
0.202262
0.202178
0.202173
0.20224
0.20221
0.202158
0.202165
0.202175
0.202201
0.202227
0.202174
0.202176
0.202203
0.202259
0.202239
0.202215
0.202218
0.20225
0.202199
0.202259
0.202245
0.202289
0.202247
0.202255
0.202248
0.202251
0.202256
0.202207
0.202255
0.202235
0.202264
0.202266
0.202177
0.202208
0.202202
0.202247
0.202255
0.202259
0.202178
0.202172
0.202277
0.202171
0.202256
0.202244
0.202217
0.20218
0.202188
0.202227
0.202233
0.202263
0.202204
0.202232
0.202244
0.202216
0.202171
0.202242
0.202189
0.202221
0.202207
0.202265
0.202145
0.202276
0.202213
0.202207
0.202212
0.202213
0.20228
0.202204
0.202186
0.202155
0.202253
0.20221
0.202208
0.202204
0.202194
0.202254
0.202239
0.202221
0.202201
0.202234
0.20222
0.202218
0.202176
0.202185
0.202301
0.202174
0.202187
0.20225
0.202196
0.202141
0.202166
0.202179
0.202223
0.202213
0.202212
0.202165
0.202232
0.202194
0.202197
0.202232
0.202231
0.202191
