0
3.23457e-08
6.40431e-08
3.55627e-08
1.12865e-08
1.1375e-08
1.5815e-09
9.44396e-10
4.05384e-09
9.85075e-09
9.12471e-09
2.1615e-08
1.44586e-08
1.51078e-09
1.93064e-09
9.18926e-10
2.56833e-09
1.6696e-08
2.07268e-08
8.3754e-09
2.55105e-08
4.73636e-08
6.85695e-08
2.83162e-08
4.1515e-08
1.68091e-08
3.2304e-09
6.64828e-09
4.09053e-08
2.87778e-08
6.75504e-08
4.69004e-08
8.33806e-09
4.66264e-09
3.57618e-08
1.94575e-08
5.52966e-08
2.71272e-08
2.58423e-09
4.82558e-08
7.04812e-08
3.82764e-08
5.19399e-08
2.00672e-08
1.37113e-09
1.41748e-08
1.16978e-07
2.00437e-07
9.11773e-08
1.45344e-07
0
