0
3.23457e-08
3.16973e-08
-2.84803e-08
-2.42763e-08
8.85558e-11
-9.79353e-09
-6.37101e-10
3.10944e-09
5.79691e-09
-7.26039e-10
1.24903e-08
-7.1564e-09
-1.29478e-08
4.19854e-10
-1.01171e-09
1.6494e-09
1.41276e-08
4.03088e-09
-1.23514e-08
1.71351e-08
2.18531e-08
2.12059e-08
-4.02533e-08
1.31988e-08
-2.47059e-08
-1.35787e-08
3.41787e-09
3.4257e-08
-1.21275e-08
3.87726e-08
-2.06499e-08
-3.85624e-08
-3.67542e-09
3.10992e-08
-1.63043e-08
3.58391e-08
-2.81694e-08
-2.4543e-08
4.56715e-08
2.22255e-08
-3.22049e-08
1.36636e-08
-3.18727e-08
-1.86961e-08
1.28037e-08
1.02804e-07
8.34584e-08
-1.0926e-07
5.41671e-08
-1.45344e-07
