0.0633044
0.0638971
0.0634349
0.0640494
0.0638075
0.0626839
0.0638168
0.0632568
0.0635434
0.0637001
0.0631635
0.0632597
0.0627967
0.0639295
0.0647978
0.063127
0.0632396
0.0646847
0.0637792
0.0639647
0.0637664
0.0642238
0.0642791
0.0633237
0.0640653
0.0646322
0.0631355
0.0624982
0.0632441
0.0658469
0.0639244
0.0646494
0.0645488
0.0656014
0.0632474
0.0627462
0.0637856
0.0647408
0.0633494
0.0645718
0.0642147
0.0637895
0.0635551
0.0443572
0.0645934
0.0657192
0.063615
0.0639594
0.0642358
0.0636293
0.0634586
0.0644015
0.0645561
0.0636828
0.0628295
0.0646177
0.0638508
0.0637406
0.0627212
0.0635436
0.0649362
0.0627453
0.064537
0.0648516
0.0634681
0.0635263
0.0646183
0.0643983
0.0638053
0.063424
0.0645326
0.0649033
0.0630498
0.0629241
0.0648157
0.0639942
0.063838
0.0633433
0.0643111
0.065269
0.064122
0.062836
0.0453972
0.0645462
0.0453021
0.0653942
0.0465701
0.0450812
0.0628736
0.0451586
0.0454408
0.0634883
0.0628097
0.0634115
0.0643133
0.0631923
0.0646613
0.0642984
0.063702
0.0643298
0.0631359
0.0635784
0.062351
0.0645109
0.0617739
0.0646757
0.0639783
0.0634671
0.0631143
0.0652607
0.0635947
0.0634347
0.0654985
0.0631222
0.064396
0.0639121
0.0648473
0.0647399
0.0630474
0.0638213
0.0633096
0.0639594
0.0638473
0.0642904
0.0638087
0.0639511
0.0640082
0.0633238
0.0642778
0.0646587
0.0646342
0.0627908
0.0640763
0.0640238
0.0633179
0.064507
0.0645702
0.0651314
0.0640981
0.0637328
0.0638622
0.0653824
0.06364
0.0655196
0.0629129
0.0627266
0.0635739
0.064563
0.0639886
0.063707
0.0630438
0.0642082
0.0645883
0.0644853
0.0651284
0.0634984
0.0654779
0.0646359
0.0644372
0.0631423
0.0634911
0.063924
0.0636562
0.0637504
0.063308
0.0635976
0.0644961
0.0653235
0.0637946
0.0640912
0.0638717
0.0639716
0.0650022
0.0904009
0.0646466
0.064351
0.0639265
0.0649194
0.0641253
0.0630002
0.0644217
0.0640644
0.0635509
0.063539
0.0632178
0.0630326
0.0638224
0.0635206
0.0643465
0.0646977
0.0638353
0.0638359
0.0643982
0.0644847
0.0642339
0.063025
0.0627101
0.0622194
0.0650928
0.0642872
0.0643451
0.0642241
0.0622854
0.0619794
0.0628935
0.0638094
0.0646604
0.0455307
0.0631801
0.0641321
0.0641761
0.0633592
0.0633141
0.0640583
