0.016072
0.0154986
0.0178582
0.0253246
0.0196443
0.0193186
0.0214305
0.0428644
0.0425024
0.0419523
0.0391975
0.0392921
0.0399709
0.0400466
0.026789
0.0277332
0.0433689
0.00178273
0.0035689
0.00535505
0.00714121
0.043855
0.0438684
0.0360515
0.0371282
0.0437753
0.00892737
0.0436181
0.0430055
0.026789
0.0278038
0.0375059
0.0285751
0.0425635
0.0303613
0.0298963
0.0321474
0.0316294
0.041505
0.0420427
0.0428644
0.0339336
0.043006
0.0437653
0.0407772
0.0410782
0.0381612
0.0232166
0.0226697
0.0250028
0.0390823
0.0392921
0.0285751
0.0407267
0.0410782
0.043681
0.0435525
0.0432957
0.0413876
0.0347432
0.0357198
0.0332969
0.00178273
0.0153312
0.016072
0.0178582
0.019246
0.0196443
0.0214305
0.0035689
0.0331602
0.0321474
0.0314957
0.0303613
0.0226076
0.0232166
0.0382605
0.00714121
0.0372376
0.0375059
0.0359855
0.00892737
0.00535505
0.00961434
0.0345868
0.0124997
0.0142859
0.00915984
0.0297778
0.0107135
0.0339336
0.0357198
0.0107135
0.0250028
0.0254888
0.0142859
0.0124997
0.00892737
0.0428644
0.00714121
0.0315814
0.0381552
0.0390088
0.0392921
0.0410782
0.0297861
0.0371286
0.0359899
0.0303613
0.0413833
0.0419571
0.0425034
0.0339336
0.0321474
0.0398906
0.0407016
0.0410782
0.0375059
0.0436159
0.0432575
0.0434787
0.0124997
0.0437238
0.0107135
0.0339336
0.0331628
0.0357198
0.0346724
0.0357198
0.0345671
0.0392921
0.0399588
0.0406204
0.0413469
0.00892737
0.0390915
0.0429138
0.00913009
0.0276274
0.0285751
0.0142859
0.0330719
0.0321474
0.026789
0.0313926
0.0303613
0.0214305
0.0371758
0.0375059
0.0196443
0.0296686
0.0190739
0.0381667
0.0428644
0.0178582
0.016072
0.0424393
0.0142859
0.043663
0.0437689
0.00178273
0.0035689
0.0250028
0.0232166
0.00535505
0.00714121
0.0226311
0.0437506
0.0254014
0.00535505
0.0433095
0.0429141
0.0124997
0.0107135
0.00888266
0.00892737
0.0232166
0.0224858
0.0250028
0.0151005
0.0359227
0.0435331
0.00178273
0.00356889
0.0276213
0.0419445
0.016072
0.0153012
0.0178582
0.0196443
0.0192249
0.0214305
0.0285751
0.026789
0.0252297
