3.0113e-08
4.70501e-08
2.11062e-08
6.30028e-09
3.69442e-09
8.44652e-10
9.44396e-10
4.05384e-09
9.85075e-09
9.12471e-09
2.1615e-08
6.91718e-09
9.41796e-10
1.02358e-09
9.18926e-10
2.56833e-09
1.6696e-08
1.71293e-08
8.3754e-09
2.55105e-08
4.73636e-08
6.56074e-08
2.11934e-08
3.00816e-08
5.21222e-09
3.2304e-09
6.64828e-09
4.09053e-08
2.87778e-08
6.60479e-08
2.37312e-08
3.44481e-09
1.46865e-09
3.57618e-08
1.94575e-08
4.28883e-08
2.49919e-09
2.58423e-09
4.82558e-08
7.04812e-08
3.63273e-08
3.14919e-08
5.33147e-09
8.86737e-10
1.41748e-08
1.16978e-07
2.00437e-07
8.30578e-08
2.60997e-08
