1.93729e-15
1.88024e-08
1.57974e-05
1.59207e-05
1.57652e-05
1.56015e-05
1.54433e-05
2.33999e-05
3.16779e-05
3.13615e-05
3.10918e-05
3.07535e-05
3.05313e-05
3.02589e-05
2.99618e-05
2.96467e-05
2.92816e-05
3.55214e-05
3.51948e-05
3.48729e-05
3.96852e-05
3.93742e-05
3.91096e-05
3.87574e-05
3.84184e-05
3.8087e-05
3.7762e-05
3.74392e-05
3.71238e-05
4.43896e-05
4.50094e-05
4.5349e-05
5.1512e-05
5.64369e-05
5.61073e-05
5.57664e-05
5.54637e-05
5.50834e-05
6.01866e-05
5.97823e-05
5.93913e-05
5.90434e-05
6.2818e-05
6.6041e-05
7.05338e-05
7.5273e-05
7.94959e-05
8.35059e-05
8.73537e-05
8.6843e-05
8.72815e-05
8.74663e-05
8.84887e-05
8.9218e-05
8.8638e-05
8.80791e-05
8.86685e-05
8.85591e-05
8.82959e-05
8.7947e-05
8.73781e-05
8.68198e-05
8.62697e-05
8.57808e-05
8.92574e-05
9.27198e-05
9.21616e-05
9.16141e-05
9.45676e-05
9.48769e-05
9.50108e-05
9.50065e-05
9.49829e-05
9.44004e-05
9.49542e-05
9.53281e-05
9.5828e-05
9.6484e-05
9.71283e-05
9.78431e-05
9.86949e-05
9.82779e-05
9.78776e-05
9.87688e-05
0.000100193
0.000101263
0.000100755
0.000101958
0.000103411
0.000105048
0.000106658
0.00010613
0.000105579
0.00010507
0.000107069
0.000106565
0.00010606
0.000105535
0.000105029
0.000104485
0.000103924
0.000103387
0.000102848
0.000102323
0.00010199
0.000103449
0.00010292
0.000102507
0.000103895
0.000105346
0.000106752
0.00010814
0.000107617
0.000107152
0.000106708
0.000106266
0.000107534
0.000107061
0.000106589
0.000106111
0.000107397
0.00010862
0.000109805
0.000110901
0.00011194
0.00011278
0.000113114
0.000112595
0.000112079
0.000111597
