1.93729e-15
1.88024e-08
1.57974e-05
1.56413e-05
1.54762e-05
1.53157e-05
2.34263e-05
3.17834e-05
3.14656e-05
3.11513e-05
3.09675e-05
3.06717e-05
3.03778e-05
2.99403e-05
2.98034e-05
2.95222e-05
3.48229e-05
3.4503e-05
3.41891e-05
3.38811e-05
3.35757e-05
3.32739e-05
3.29841e-05
3.27015e-05
4.08126e-05
4.15852e-05
4.20512e-05
4.82981e-05
4.78988e-05
4.75025e-05
4.71121e-05
5.36607e-05
5.32268e-05
5.28134e-05
5.24448e-05
5.86022e-05
6.44248e-05
6.9503e-05
7.43635e-05
7.40836e-05
7.50305e-05
7.56327e-05
7.71281e-05
7.82901e-05
7.78125e-05
7.77945e-05
7.72905e-05
8.06249e-05
8.00476e-05
7.95855e-05
8.37603e-05
8.78547e-05
8.7304e-05
8.79478e-05
8.83192e-05
8.84948e-05
8.78932e-05
8.8784e-05
8.94559e-05
9.05077e-05
9.17416e-05
9.28832e-05
9.41608e-05
9.3795e-05
9.34596e-05
9.54465e-05
9.69618e-05
9.64609e-05
9.85736e-05
0.000100825
0.000100228
9.97466e-05
0.000102324
0.000101812
0.000101235
0.00010063
0.000100088
9.95009e-05
9.89105e-05
9.83262e-05
9.77381e-05
9.74554e-05
9.69089e-05
9.90422e-05
0.000101186
0.000103292
0.000105309
0.000104854
0.000104281
0.000103726
0.000103191
0.000105131
0.000106999
0.000108797
0.000110455
0.000111072
0.000110517
0.000109992
