1.93729e-15
2.59121e-15
2.57427e-15
2.09371e-15
2.11232e-15
2.48215e-15
2.46843e-15
2.47763e-15
2.21607e-15
2.51401e-15
2.27909e-15
2.89825e-15
2.26147e-15
2.59637e-15
2.3256e-15
2.34415e-15
3.38626e-15
2.64744e-15
2.70658e-15
3.13477e-15
2.10895e-15
3.18671e-15
2.49713e-15
2.84841e-15
2.86957e-15
2.19695e-15
2.91623e-15
2.92697e-15
2.59088e-15
3.36196e-15
2.97628e-15
2.97882e-15
2.67646e-15
2.97179e-15
3.01771e-15
3.04806e-15
1.95585e-15
3.45499e-15
3.01377e-15
2.74528e-15
2.64198e-15
3.47526e-15
2.72338e-15
2.72317e-15
2.26517e-15
2.68985e-15
2.62842e-15
2.65876e-15
3.08173e-15
2.75048e-15
3.11203e-15
3.16364e-15
3.16047e-15
2.87662e-15
3.17097e-15
2.72795e-15
3.63291e-15
3.62869e-15
3.14932e-15
2.73345e-15
3.61492e-15
3.61434e-15
2.34625e-15
3.58406e-15
2.85546e-15
3.16205e-15
2.85852e-15
3.15992e-15
2.77233e-15
3.17566e-15
2.39853e-15
3.62082e-15
3.19887e-15
3.20296e-15
4.12832e-15
3.69149e-15
3.23479e-15
4.15778e-15
3.24255e-15
2.79996e-15
2.48547e-15
3.21013e-15
2.89383e-15
2.85426e-15
2.78966e-15
3.21253e-15
2.88141e-15
3.16448e-15
3.61609e-15
2.48876e-15
3.17421e-15
3.63513e-15
3.15107e-15
