1.93729e-15
2.01865e-15
2.38844e-15
3.05897e-15
3.10733e-15
3.13558e-15
2.25381e-15
2.28979e-15
2.2363e-15
1.73978e-15
2.92162e-15
2.31154e-15
2.55825e-15
2.2787e-15
2.61481e-15
3.00317e-15
2.46921e-15
3.12912e-15
2.48537e-15
2.45066e-15
2.19633e-15
3.15749e-15
2.79419e-15
2.43287e-15
2.45227e-15
2.83449e-15
2.84972e-15
2.89074e-15
2.54205e-15
2.93489e-15
2.9387e-15
3.37243e-15
3.36999e-15
2.92787e-15
2.93142e-15
2.57164e-15
2.71132e-15
2.61389e-15
3.026e-15
3.47575e-15
3.00196e-15
3.00265e-15
3.03134e-15
3.04476e-15
3.49286e-15
2.65717e-15
3.06222e-15
3.53561e-15
2.41522e-15
3.15896e-15
3.11297e-15
3.58268e-15
3.19365e-15
4.05629e-15
2.868e-15
3.69943e-15
2.76097e-15
2.81255e-15
4.10103e-15
3.20354e-15
3.26963e-15
3.26021e-15
2.81851e-15
2.82525e-15
3.21919e-15
2.89e-15
3.26262e-15
3.68253e-15
3.18596e-15
2.80296e-15
3.67874e-15
3.69537e-15
