0.13645
0.142888
0.136289
0.144068
0.136952
0.137733
0.122948
0.136897
0.122082
0.144227
0.143273
0.135906
0.136729
0.135726
0.134958
0.13521
0.138077
0.134996
0.134498
0.134699
0.135052
0.134204
0.135288
0.135259
0.135804
0.120107
0.13385
0.137007
0.141952
0.135634
0.129049
0.128457
0.130385
0.134979
0.135927
0.128224
0.143187
0.120601
0.137549
0.136163
0.133242
0.135527
0.135259
0.134565
0.135587
0.13295
0.135394
0.133667
0.137139
0.123193
0.137642
0.136119
0.122269
0.137323
0.135799
0.119801
0.135354
0.119548
0.136259
0.135075
0.13441
0.134167
0.13487
0.134184
0.120901
0.135101
0.134974
0.134695
0.133954
0.12001
0.120872
0.133967
0.136967
0.133093
0.136276
0.134318
0.135376
0.121452
0.137417
0.135486
0.134988
0.13475
0.148859
0.136094
0.133863
0.134987
0.135776
0.147612
0.133441
0.135998
0.135359
0.134214
0.133869
0.135469
0.134007
0.122537
0.136366
0.121242
0.121238
0.134518
0.134948
0.135469
0.119611
0.134051
0.135244
0.135838
0.133164
0.133518
0.133894
0.133974
0.134383
0.133977
0.13753
0.135614
0.135442
0.134893
0.133119
0.133734
0.119782
0.135051
0.133099
0.13467
0.134774
0.13683
0.134355
0.118731
0.134436
0.135896
0.13388
0.133283
0.122605
0.133453
0.120604
0.120963
0.120721
0.134402
0.134748
0.134817
0.134375
0.134541
0.134756
0.134609
0.135472
0.135247
0.13464
0.133432
0.135722
0.133731
0.134805
0.134313
0.136151
0.120203
0.135671
0.13432
0.134543
0.134318
0.133871
0.13519
0.119215
0.134919
0.134162
0.121
0.120092
0.134027
0.133849
0.133652
0.134691
0.12022
0.133829
0.136596
0.13412
0.137093
0.134862
0.136398
0.135535
0.134952
0.132269
0.11897
0.133519
0.141164
0.133971
0.11892
0.119098
0.140304
0.133721
0.134393
0.120516
0.136798
0.133473
0.140342
0.120608
0.140747
0.119483
0.120722
0.134019
0.120918
0.134457
0.118574
0.148655
0.14104
0.119893
0.119949
0.128177
0.125766
0.14131
0.134289
0.120422
0.140928
0.132695
0.127704
0.140327
0.118543
0.14155
0.134099
0.133398
0.135221
0.121245
0.134606
0.133717
0.134963
0.121811
0.134141
0.119838
0.134444
0.120052
0.120551
0.133287
0.13446
0.136451
0.136098
0.120973
0.120619
0.13389
0.120515
0.136599
0.135278
0.121145
0.118415
0.134278
0.1342
0.119152
0.133713
0.126274
0.135099
0.119509
0.11985
0.134383
0.134172
0.134939
0.136388
0.133499
0.135839
0.135376
0.134383
0.136133
0.134408
0.134174
0.133627
0.135372
0.134455
0.13759
0.134703
0.13508
0.13681
0.132965
0.136838
0.13402
0.133135
0.135026
0.136314
0.133162
0.134864
0.136871
0.12024
0.132439
0.13246
0.133997
0.119667
0.13281
0.119841
0.120549
0.120781
0.134642
0.135949
0.133479
0.1332
0.13333
0.133621
0.134033
0.135287
0.132197
0.121744
0.133882
0.133449
0.120301
0.134111
0.134202
0.121857
0.135384
0.134274
0.134634
0.134536
0.118928
0.133863
0.134208
0.133299
0.132357
0.134232
0.134355
0.133805
0.120736
0.13416
0.119893
0.135962
0.133758
0.135801
0.134408
0.133962
0.120636
0.119756
0.133923
0.119905
0.13346
0.134747
0.134392
0.133385
0.133783
0.135201
0.119363
0.119512
0.134183
0.135132
0.133874
0.134796
0.120577
0.119439
0.117958
0.120176
0.135202
0.134225
0.135796
0.119173
0.135279
0.13436
0.119086
0.118924
0.120884
0.134303
0.134973
0.133089
0.133638
0.143267
0.132983
0.132475
0.133798
0.134481
0.136871
0.133222
0.134228
0.119856
0.120584
0.134375
0.141884
0.144652
0.134248
0.118722
0.134543
0.143029
0.13994
0.118752
0.13512
0.143136
0.127967
0.126461
0.134911
0.127176
0.125852
0.127436
0.134871
0.141415
0.135891
0.126893
0.118916
0.140967
0.142824
0.126708
0.127779
0.140988
0.12759
0.141435
0.127937
0.119878
0.133681
0.120359
0.133459
0.127724
0.120298
0.128092
0.140783
0.142688
0.128381
0.127723
0.142413
0.134472
0.142702
0.135237
0.127399
0.140316
0.126766
0.135685
0.134407
0.134736
0.126919
0.127647
0.141783
0.144713
0.14192
0.142876
0.142267
0.126603
0.143856
0.141794
0.141
0.140754
0.141544
0.126965
0.140626
0.141345
0.14195
0.126931
0.127182
0.127869
0.140904
0.141547
0.141468
0.141114
0.126493
0.140144
0.141162
0.141511
0.127308
0.140985
0.142127
0.141695
0.128161
0.127219
0.126916
0.140818
0.127795
0.141265
0.143999
0.142808
0.126213
0.119981
0.141853
0.126868
0.142668
0.128212
0.1269
0.127133
0.140338
0.143624
0.140489
0.141389
0.129626
0.142921
0.126598
0.145227
0.126516
0.141118
0.127398
0.141594
0.126516
0.141717
0.128496
0.126687
0.141116
0.140539
0.141863
0.141672
0.142191
0.139774
0.128538
0.127145
0.126651
0.140181
0.126046
0.126128
0.127671
0.142123
0.140659
0.1275
0.141125
0.12747
0.127086
0.143442
0.141052
0.126147
0.125932
0.141717
0.126467
0.140305
0.12656
0.140205
0.139231
0.128237
0.126959
0.127366
0.125779
0.141191
0.127218
0.154839
0.127558
0.141245
0.140287
0.140118
0.141606
0.142492
0.141787
0.141024
0.140982
0.143525
0.140061
0.14184
0.141664
0.141046
0.126536
0.141296
0.141088
0.140325
0.140568
0.141409
0.139506
0.142146
0.141061
0.139887
0.126464
0.140822
0.140928
0.142327
0.14187
0.126575
0.142659
0.140821
0.140503
0.125832
0.140849
0.127652
0.141702
0.126317
0.127371
0.128601
0.140865
0.140689
0.140307
0.140559
0.128024
0.139954
0.127307
0.139574
0.139627
0.125929
0.13943
0.128071
0.143625
0.142648
0.141978
0.128472
0.141194
0.126141
0.125874
0.124973
0.140608
0.139474
0.125946
0.142547
0.125878
0.139876
0.124137
0.126901
0.126062
0.118165
0.143212
0.141305
0.119676
0.127162
0.120605
0.126834
0.134434
0.126485
0.127213
0.12754
0.127771
0.127856
0.127379
0.14196
0.126798
0.126516
0.140968
0.142178
0.128155
0.125942
0.141912
0.11958
0.130438
0.126942
0.141271
0.125736
0.133957
0.126965
0.122305
0.140735
0.118434
0.141858
0.13985
0.141285
0.135496
0.142099
0.141333
0.128487
0.120235
0.126657
0.134031
0.143039
0.119442
0.134148
0.141558
0.141727
0.123723
0.133025
0.134212
0.126362
0.126413
0.139903
0.14236
0.127979
0.13342
0.134977
0.133993
0.135689
0.134877
0.133902
0.135363
0.133214
0.142027
0.125401
0.142385
0.144892
0.134153
0.151876
0.136738
0.137429
0.136658
0.126098
0.142431
0.143611
0.131076
0.135061
0.143191
0.14274
0.156413
0.158296
0.149441
0.142584
0.144375
0.159
0.135663
0.159293
0.144441
0.144366
0.143406
0.15945
0.142538
0.142283
0.144854
0.158303
0.145608
0.143914
0.1597
0.159817
0.150517
0.135769
0.145716
0.13414
0.160045
0.159878
0.144633
0.144771
0.135853
0.142766
0.145086
0.143871
0.144768
0.159143
0.159338
0.158541
0.17251
0.156283
0.172746
0.135436
0.14659
0.155627
0.166197
0.157804
0.156622
0.158741
0.137636
0.134004
0.160727
0.143835
0.13439
0.143006
0.143239
0.156705
0.134309
0.158229
0.159608
0.160031
0.142584
0.159243
0.15761
0.143272
0.158913
0.142556
0.144293
0.133015
0.133682
0.144389
0.150925
0.15962
0.137891
0.158841
0.145892
0.14275
0.159935
0.160336
0.146118
0.158818
0.160553
0.158703
0.158736
0.158932
0.145775
0.137053
0.156421
0.145886
0.159806
0.136233
0.142283
0.135333
0.159218
0.135595
0.144368
0.144121
0.145377
0.157616
0.157293
0.142793
0.150185
0.159841
0.15946
0.159005
0.148977
0.136308
0.166683
0.135606
0.143015
0.144495
0.132658
0.159408
0.158755
0.159766
0.158813
0.148878
0.145266
0.158445
0.158949
0.134959
0.159066
0.165896
0.141619
0.14416
0.14401
0.144762
0.136055
0.158919
0.143211
0.134738
0.143925
0.159373
0.142023
0.158481
0.15449
0.144148
0.148673
0.134499
0.133829
0.134581
0.155651
0.158438
0.134028
0.140718
0.132886
0.133761
0.15824
0.147932
0.158194
0.158444
0.155816
0.134662
0.158303
0.158986
0.159066
0.155718
0.159064
0.158545
0.144975
0.156007
0.142516
0.158623
0.144701
0.146154
0.144908
0.159917
0.136911
0.145692
0.158962
0.135044
0.144784
0.144337
0.160279
0.127086
0.135968
0.135893
0.135626
0.126437
0.125107
0.136144
0.135106
0.135554
0.127879
0.144822
0.144214
0.150031
0.146129
0.144633
0.146247
0.135618
0.145307
0.144096
0.144793
0.144396
0.144237
0.159158
0.136058
0.134696
0.144754
0.134508
0.134832
0.15826
0.143827
0.14382
0.135546
0.145342
0.145391
0.145587
0.143209
0.134918
0.159579
0.135626
0.119697
0.134895
0.136687
0.159251
0.144868
0.138442
0.159661
0.135985
0.135298
0.143352
0.143654
0.159319
0.144651
0.142888
0.14596
0.135763
0.144473
0.13506
0.144899
0.13209
0.145452
0.144763
0.134717
0.120148
0.120117
0.160094
0.142757
0.143771
0.12534
0.121268
0.134647
0.135768
0.150456
0.135845
0.135396
0.159283
0.134733
0.135577
0.135082
0.159275
0.14436
0.120059
0.138401
0.121781
0.144095
0.139194
0.145538
0.144626
0.14459
0.144155
0.135009
0.144135
0.14541
0.135744
0.135705
0.144278
0.135927
0.159018
0.134191
0.143599
0.144491
0.143658
0.145939
0.144522
0.136037
0.135831
0.134738
0.14248
0.135022
0.148734
0.157531
0.142193
0.136687
0.145026
0.159324
0.141756
0.143708
0.135725
0.142242
0.134478
0.159396
0.145522
0.134051
0.144323
0.13444
0.135448
0.135461
0.144292
0.122126
0.135325
0.146563
0.145214
0.134294
0.135525
0.159712
0.136007
0.146482
0.135362
0.158794
0.144204
0.134744
0.133777
0.145198
0.134676
0.136628
0.134879
0.120851
0.135129
0.13453
0.136158
0.136082
0.159486
0.144962
0.136751
0.136414
0.13537
0.143834
0.135234
0.133112
0.143524
0.136744
0.135256
0.134645
0.133672
0.133038
0.13369
0.132226
0.132331
0.132836
0.141039
0.134095
