2.26276
2.26376
2.26149
2.26216
2.26225
2.26052
2.25923
2.26334
2.26151
2.26358
2.26342
2.25978
2.2635
2.26085
2.26185
2.26228
2.26275
2.26383
2.26129
2.26141
2.26145
2.26299
2.25996
2.26072
2.26416
2.25961
2.26166
2.2638
2.26292
2.26051
2.26133
2.26112
2.26124
2.26261
2.26212
2.26117
2.26425
2.26004
2.26203
2.26495
2.26059
2.26397
2.26352
2.26324
2.26231
2.2628
2.26343
2.26317
2.26565
2.26103
2.2645
2.26284
2.26135
2.26512
2.26287
2.26081
2.26286
2.26123
2.26042
2.26193
2.26354
2.26269
2.26356
2.26203
2.26135
2.26394
2.26337
2.26327
2.26222
2.26138
2.26265
2.26098
2.26241
2.26023
2.26309
2.2627
2.25907
2.26214
2.26395
2.263
2.2606
2.2599
2.26101
2.26162
2.25935
2.26133
2.26035
2.26566
2.26255
2.26004
2.26387
2.26247
2.26023
2.26177
2.26249
2.26274
2.26236
2.26229
2.25996
2.26193
2.26163
2.26188
2.26179
2.26524
2.26184
2.26102
2.26412
2.26094
2.26312
2.26181
2.26206
2.26054
2.26206
2.26121
2.26099
2.26309
2.26098
2.26378
2.26128
2.26336
2.26248
2.26063
2.2599
2.26207
2.26336
2.25984
2.26206
2.26258
2.26075
2.26114
2.25958
2.26124
2.26142
2.26102
2.26014
2.26125
2.26326
2.26105
2.25991
2.2621
2.26071
2.26303
2.26171
2.26077
2.25945
2.26161
2.26493
2.26351
2.26361
2.26264
2.26168
2.25901
2.26235
2.26411
2.26079
2.26193
2.26409
2.26184
2.25968
2.26242
2.26045
2.2613
2.26082
2.25804
2.26099
2.26258
2.25927
2.26215
2.26056
2.25984
2.25896
2.26201
2.2628
2.26205
2.26162
2.26076
2.26151
2.26042
2.26126
2.26163
2.26322
2.26021
2.25936
2.26178
2.26157
2.2625
2.26198
2.26193
2.26417
2.26182
2.2598
2.26261
2.26104
2.2593
2.26156
2.26425
2.26273
2.25903
2.26333
2.26342
2.26181
2.25949
2.26305
2.26036
2.26339
2.26334
2.26221
2.26419
2.26111
2.26372
2.263
2.26298
2.26347
2.26158
2.26316
2.26082
2.26116
2.26201
2.26133
2.26176
2.26079
2.2613
2.26094
2.26335
2.2616
2.2574
2.26452
2.26168
2.26251
2.26074
2.26319
2.26034
2.26627
2.26216
2.26594
2.26113
2.26333
2.26013
2.2604
2.26197
2.26113
2.26453
2.26217
2.26245
2.26191
2.2594
2.26227
2.26205
2.26342
2.26154
2.26095
2.26314
2.26085
2.26232
2.2625
2.26364
2.26333
2.26368
2.26124
2.26061
2.26317
2.2651
2.26182
2.26156
2.26362
2.26015
2.26178
2.26269
2.26308
2.26623
2.26256
2.26228
2.26541
2.26288
2.26291
2.2632
2.26362
2.26466
2.26507
2.26409
2.26225
2.26274
2.26205
2.26193
2.26485
2.26108
2.26414
2.2637
2.26291
2.26287
2.2616
2.26228
2.2628
2.2631
2.26021
2.26319
2.26157
2.26096
2.26116
2.26362
2.26283
2.26191
2.26185
2.26209
2.2636
2.26288
2.25968
2.265
2.26095
2.26375
2.26284
2.26421
2.26121
2.26332
2.26385
2.26376
2.26194
2.26285
2.26062
2.26154
2.26274
2.26307
2.26471
2.26236
2.26167
2.26269
2.26235
2.26391
2.26006
2.26065
2.26175
2.26134
2.26347
2.26095
2.26162
2.25899
2.26122
2.26298
2.26641
2.26053
2.26392
2.25994
2.2648
2.26253
2.26088
2.26263
2.26057
2.26482
2.2632
2.26297
2.26359
2.26357
2.26046
2.26427
2.26198
2.26292
2.26485
2.26329
2.26306
2.26264
2.26158
2.26438
2.26418
2.26305
2.26154
2.26149
2.26069
2.26368
2.266
2.2613
2.26213
2.26487
2.2624
2.26296
2.26262
2.26632
2.26429
2.2627
2.26207
2.26071
2.26161
2.26237
2.26123
2.26461
2.26325
2.26266
2.26076
2.26453
2.26338
2.26503
2.26061
2.262
2.26375
2.26392
2.25982
2.26285
2.26235
2.2625
2.26296
2.26368
2.26252
2.26366
2.26417
2.26357
2.26466
2.26163
2.26251
2.26388
2.26404
2.26332
2.26388
2.26212
2.26245
2.26505
2.26263
2.26369
2.26381
2.26371
2.26461
2.26348
2.26431
2.26393
2.26296
2.26341
2.26246
2.26298
2.26091
2.26529
2.26133
2.26126
2.26158
2.26293
2.26507
2.2603
2.26415
2.26214
2.25968
2.26171
2.26437
2.26411
2.25963
2.26446
2.26583
2.26482
2.26268
2.26154
2.26269
2.26321
2.26125
2.26255
2.26304
2.26258
2.26358
2.26313
2.26307
2.26242
2.26197
2.26303
2.26163
2.26183
2.26429
2.26232
2.26182
2.26276
2.26506
2.26522
2.26117
2.26542
2.26269
2.26427
2.26218
2.26567
2.26101
2.26513
2.26235
2.26109
2.26453
2.26436
2.26396
2.26539
2.26414
2.26414
2.26378
2.26531
2.26316
2.26404
2.26206
2.26255
2.26137
2.26328
2.26545
2.26285
2.26719
2.26037
2.26259
2.26416
2.26434
2.26031
2.26043
2.26071
2.26481
2.26264
2.2604
2.265
2.26332
2.26025
2.26119
2.26379
2.26014
2.26315
2.26499
2.26528
2.26223
2.2652
2.26365
2.26527
2.26413
2.26441
2.26517
2.26418
2.26479
2.26324
2.26516
2.26384
2.26485
2.26377
2.2631
2.26576
2.26695
2.26435
2.26225
2.2653
2.26362
2.26604
2.26436
2.26369
2.26443
2.26317
2.26413
2.26656
2.2642
2.26404
2.26336
2.26328
2.2669
2.26495
2.26419
2.26411
2.26405
2.26165
2.26421
2.26452
2.26431
2.26454
2.26619
2.2611
2.26351
2.26232
2.26323
2.26627
2.26509
2.26335
2.26393
2.2623
2.26383
2.26413
2.26327
2.26285
2.26273
2.26179
2.25967
2.26204
2.26062
2.2605
2.2632
2.26241
2.2614
2.26297
2.26057
2.261
2.26179
2.25953
2.26317
2.26311
2.26301
2.26292
2.26283
2.25892
2.26524
2.26213
2.26168
2.26304
2.26086
2.26128
2.26319
2.26278
2.26352
2.26234
2.26292
2.26281
2.2625
2.25985
2.26344
2.26054
2.26205
2.26275
2.2637
2.26205
2.26367
2.26238
2.26197
2.26321
2.2594
2.26416
2.26491
2.26346
2.26162
2.26379
2.26418
2.26504
2.25863
2.26161
2.2625
2.26434
2.26317
2.26228
2.26203
2.26332
2.26249
2.26413
2.26385
2.26126
2.25816
2.26466
2.26353
2.2633
2.26199
2.26348
2.26209
2.26303
2.26045
2.26196
2.26225
2.25996
2.26084
2.26242
2.26564
2.26266
2.26137
2.26339
2.26397
2.26357
2.26458
2.25975
2.26289
2.26404
2.26156
2.26219
2.26223
2.26154
2.26575
2.26417
2.26241
2.26331
2.2608
2.26496
2.26064
2.26503
2.26198
2.26517
2.26246
2.26521
2.26051
2.26389
2.26463
2.26641
2.26242
2.26258
2.2643
2.26485
2.26277
2.25913
2.26124
2.26028
2.2669
2.26401
2.26252
2.26452
2.26195
2.25955
2.26187
2.26165
2.26143
2.26491
2.26603
2.26266
2.26666
2.26416
2.2656
2.26367
2.26418
2.26547
2.26414
2.26395
2.26404
2.26336
2.26074
2.26079
2.2651
2.26278
2.26241
2.26348
2.2631
2.26443
2.26129
2.2641
2.26546
2.26413
2.26441
2.26274
2.26704
2.26124
2.26498
2.26376
2.26333
2.26234
2.26394
2.2642
2.26402
2.26542
2.26231
2.26434
2.26406
2.26198
2.26855
2.26539
2.26356
2.26698
2.26608
2.2649
2.26529
2.26528
2.26526
2.26158
2.26343
2.26281
2.26598
2.2635
2.26281
2.26263
2.26262
2.26252
2.26465
2.26479
2.26514
2.26744
2.26665
2.2641
2.26487
2.26608
2.26626
2.26694
2.26447
2.26359
2.26576
2.263
2.26272
2.26352
2.26243
2.26416
2.26552
2.26375
2.26779
2.26415
2.26448
2.26282
2.26337
2.26302
2.2652
2.26391
2.26388
2.26565
2.26085
2.2628
2.26052
2.26645
2.26143
2.26452
2.26442
2.26313
2.26566
2.2664
2.26597
2.26654
2.26449
2.26303
2.26335
2.2628
2.26512
2.26482
2.26141
2.26265
2.26204
2.26312
2.26412
2.26345
2.26496
2.26356
2.2658
2.26316
2.26655
2.26361
2.26435
2.26251
2.26539
2.26617
2.26383
2.26507
2.26471
2.2642
2.26549
2.26334
2.2643
2.26488
2.26172
2.2648
2.26492
2.26193
2.26189
2.26301
2.26414
2.26247
2.26417
2.26172
2.26321
2.26158
2.26147
2.26212
2.2597
2.26203
2.25922
2.2661
2.26298
2.26283
2.2641
2.26378
2.26728
2.2605
2.26447
2.26098
2.26477
2.26443
2.26278
2.26591
2.26327
2.26412
2.26497
2.26154
2.26301
2.26448
2.26302
2.26462
2.26204
2.2631
2.26328
2.26497
2.26325
2.26327
2.26397
2.26399
2.26169
2.26159
2.26335
2.26643
2.26309
2.2629
2.26486
2.2614
2.26302
2.26474
2.26366
2.26225
2.26297
2.26388
2.26453
2.26131
2.262
2.26258
2.2634
2.26311
2.26497
2.26646
2.26284
2.25787
2.26042
2.26662
2.26471
2.26626
2.26148
2.26178
2.26337
2.26248
2.26564
2.2612
2.26414
2.26651
2.26512
2.26473
2.26443
2.26753
2.26546
2.26396
2.26284
2.25958
2.26457
2.26546
2.26451
2.26599
2.26713
2.26392
2.26459
2.2647
2.26432
2.26412
2.2606
2.26569
2.26326
2.26606
2.26394
2.26498
2.26438
2.26508
2.26433
2.26423
2.2632
2.26339
2.26509
2.26374
2.26152
2.265
2.26756
2.26292
2.26286
2.26455
2.26507
2.26443
2.26529
2.26366
2.26404
2.26152
2.26663
2.26465
2.26359
2.26617
2.26093
2.26363
2.26352
2.26432
2.26189
2.26366
2.26273
2.26538
2.26221
2.26224
2.26501
2.26289
2.26376
2.26281
2.26689
2.26338
2.26393
2.26368
2.26457
2.26372
2.26211
2.26151
2.26311
2.26188
2.26262
2.2605
2.26174
2.26631
2.26281
2.26064
2.2618
2.26368
2.26333
2.26167
2.26167
2.26305
2.26398
2.26375
2.26171
2.26173
2.26294
2.26374
2.2596
2.2612
2.2634
2.26178
2.26084
