-0.145945
-0.145991
-0.146043
-0.146037
-0.146075
-0.145948
-0.146165
-0.145994
-0.146073
-0.14615
-0.145964
-0.14593
-0.146058
-0.146019
-0.145996
-0.146008
-0.145896
-0.145973
-0.145926
-0.145961
-0.146027
-0.146043
-0.145959
-0.145955
-0.145974
-0.145901
-0.146139
-0.146016
-0.145952
-0.146028
-0.145946
-0.145979
-0.145863
-0.145991
-0.145995
-0.145951
-0.145953
-0.145958
-0.145926
-0.145852
-0.145909
-0.146019
-0.146136
-0.145903
-0.146029
-0.145986
-0.145938
-0.14597
-0.145919
-0.145898
-0.145852
-0.145927
-0.145841
-0.14589
-0.146012
-0.145951
-0.145981
-0.145945
-0.145857
-0.14603
-0.146011
-0.146009
-0.145864
-0.146034
-0.145957
-0.145924
-0.146043
-0.145954
-0.145932
-0.145988
-0.145952
-0.145886
-0.145897
-0.145972
-0.145979
-0.146049
-0.145899
-0.145932
-0.145874
-0.145952
-0.14601
-0.146052
-0.145959
-0.145869
-0.145958
-0.146149
-0.146029
-0.14599
-0.14594
-0.145859
-0.146011
-0.146076
-0.145934
-0.145906
-0.145943
-0.145824
-0.145867
-0.145941
-0.146005
-0.145979
-0.145881
-0.146017
-0.145951
-0.145977
-0.145904
-0.145901
-0.146021
-0.145863
-0.145884
-0.145969
-0.145973
-0.145908
-0.145884
-0.145948
-0.145933
-0.145891
-0.145839
-0.146091
-0.145934
-0.145871
-0.145821
-0.145896
-0.145901
-0.145853
-0.145885
-0.145815
-0.145928
-0.14592
-0.145977
-0.145913
-0.145813
-0.14587
-0.14597
-0.145752
-0.146049
-0.145866
-0.145975
-0.145845
-0.145992
-0.145959
-0.14596
-0.145911
-0.145871
-0.145883
-0.146085
-0.145941
-0.145829
-0.146009
-0.145976
-0.145973
-0.145868
-0.145942
-0.146094
-0.145961
-0.145883
-0.145915
-0.145881
-0.145974
-0.145955
-0.145837
-0.145916
-0.145884
-0.145895
-0.145933
-0.145934
-0.145956
-0.145921
-0.145939
-0.145918
-0.145832
-0.145999
-0.145814
-0.14588
-0.145831
-0.145946
-0.145957
-0.146011
-0.145924
-0.145869
-0.145871
-0.145917
-0.145913
-0.14584
-0.145926
-0.145961
-0.146067
-0.145902
-0.145777
-0.145936
-0.145867
-0.146039
-0.145857
-0.145949
-0.14594
-0.145835
-0.14607
-0.145836
-0.145877
-0.145887
-0.146015
-0.145945
-0.145889
-0.145988
-0.145939
-0.145844
-0.146066
-0.145835
-0.145851
-0.1459
-0.145872
-0.145845
-0.145867
-0.14611
-0.145963
-0.146021
-0.145976
-0.146005
-0.145952
-0.145814
-0.145887
-0.145755
-0.14588
-0.145867
-0.145894
-0.145947
-0.145839
-0.145877
-0.145942
-0.145846
-0.145848
-0.145878
-0.145934
-0.145917
-0.145878
-0.14582
-0.145904
-0.145891
-0.145845
-0.14599
-0.145933
-0.146011
-0.145979
-0.145864
-0.145798
-0.146015
-0.145851
-0.145987
-0.145945
-0.145812
-0.145804
-0.145881
-0.145768
-0.145915
-0.145902
-0.145801
-0.145862
-0.145908
-0.14589
-0.145784
-0.145853
-0.1458
-0.145824
-0.145897
-0.145786
-0.146043
-0.145761
-0.145957
-0.145873
-0.14588
-0.145782
-0.145935
-0.145969
-0.145866
-0.145874
-0.145924
-0.145933
-0.14591
-0.145856
-0.145809
-0.145856
-0.145832
-0.145938
-0.145887
-0.145947
-0.145825
-0.145867
-0.145933
-0.146006
-0.145941
-0.145817
-0.145921
-0.146048
-0.145858
-0.146027
-0.145853
-0.145903
-0.145842
-0.145769
-0.145836
-0.145822
-0.145877
-0.145908
-0.145904
-0.145863
-0.146056
-0.145871
-0.145871
-0.145876
-0.145927
-0.145988
-0.145907
-0.145913
-0.145866
-0.145867
-0.145983
-0.145752
-0.146034
-0.145902
-0.145874
-0.146023
-0.145957
-0.145858
-0.145949
-0.145909
-0.14586
-0.145883
-0.145897
-0.145955
-0.145913
-0.145864
-0.145917
-0.145851
-0.145951
-0.145893
-0.145911
-0.145993
-0.145857
-0.14591
-0.145996
-0.145944
-0.14591
-0.14588
-0.145901
-0.146066
-0.145927
-0.145907
-0.145781
-0.145889
-0.145913
-0.146065
-0.145993
-0.14583
-0.145984
-0.145821
-0.145915
-0.145888
-0.145858
-0.145821
-0.145903
-0.146032
-0.145914
-0.145857
-0.145885
-0.145816
-0.145856
-0.145933
-0.145929
-0.145851
-0.145905
-0.146032
-0.145807
-0.145849
-0.145909
-0.145909
-0.146069
-0.145913
-0.145899
-0.146042
-0.14584
-0.145977
-0.14582
-0.145841
-0.145959
-0.145899
-0.145912
-0.145866
-0.145826
-0.145836
-0.145948
-0.145828
-0.145805
-0.145935
-0.145873
-0.14601
-0.145858
-0.146004
-0.145936
-0.145903
-0.145885
-0.145848
-0.14586
-0.145884
-0.145929
-0.145852
-0.145847
-0.145846
-0.145846
-0.14598
-0.145892
-0.145967
-0.145819
-0.145946
-0.145799
-0.145938
-0.145997
-0.145825
-0.145792
-0.145805
-0.145867
-0.14593
-0.14581
-0.145968
-0.145792
-0.145916
-0.145833
-0.145853
-0.145861
-0.145932
-0.145926
-0.145892
-0.146027
-0.145887
-0.145891
-0.145812
-0.145871
-0.145817
-0.145861
-0.145805
-0.145835
-0.14589
-0.145819
-0.145913
-0.145895
-0.145924
-0.145948
-0.145842
-0.145916
-0.145822
-0.145975
-0.145897
-0.145792
-0.145813
-0.14593
-0.145921
-0.145885
-0.14592
-0.145909
-0.145887
-0.145806
-0.145888
-0.145841
-0.145824
-0.145867
-0.14584
-0.145826
-0.145882
-0.14591
-0.145818
-0.145799
-0.146029
-0.145873
-0.145857
-0.145831
-0.145847
-0.145786
-0.145865
-0.145902
-0.145896
-0.145844
-0.145941
-0.145922
-0.145984
-0.145777
-0.145863
-0.145784
-0.145831
-0.145871
-0.145962
-0.145796
-0.145848
-0.145862
-0.145866
-0.145963
-0.145855
-0.145863
-0.145724
-0.145865
-0.145883
-0.145848
-0.145881
-0.145837
-0.145891
-0.145785
-0.145795
-0.145807
-0.145795
-0.145816
-0.145915
-0.145811
-0.145875
-0.145938
-0.145792
-0.145802
-0.145903
-0.145887
-0.145859
-0.145892
-0.145829
-0.14579
-0.145984
-0.145808
-0.145789
-0.145852
-0.14583
-0.145863
-0.145822
-0.145913
-0.145808
-0.145808
-0.145847
-0.145868
-0.145818
-0.145901
-0.145825
-0.145848
-0.145867
-0.145888
-0.145899
-0.145931
-0.145824
-0.145921
-0.145847
-0.145757
-0.145846
-0.145983
-0.145837
-0.145841
-0.145888
-0.145918
-0.145939
-0.14596
-0.145781
-0.14587
-0.145807
-0.145892
-0.145912
-0.145706
-0.145916
-0.145877
-0.145913
-0.145893
-0.145908
-0.145885
-0.145801
-0.145825
-0.145797
-0.145997
-0.14575
-0.145891
-0.145861
-0.145915
-0.145896
-0.14586
-0.145938
-0.145829
-0.145764
-0.145941
-0.145836
-0.145788
-0.145857
-0.145801
-0.145828
-0.145808
-0.145924
-0.146023
-0.145848
-0.145925
-0.145897
-0.146065
-0.146034
-0.145876
-0.145898
-0.145799
-0.145735
-0.145887
-0.145864
-0.145987
-0.145876
-0.145863
-0.145901
-0.145898
-0.145814
-0.145824
-0.145916
-0.145753
-0.145882
-0.145934
-0.145906
-0.145868
-0.146031
-0.145893
-0.145892
-0.145807
-0.145846
-0.145952
-0.145863
-0.146044
-0.145872
-0.145941
-0.145886
-0.145936
-0.1459
-0.145876
-0.146269
-0.145948
-0.145853
-0.145747
-0.146098
-0.145916
-0.145906
-0.145858
-0.145833
-0.145917
-0.145985
-0.146331
-0.145888
-0.146553
-0.146535
-0.146555
-0.146583
-0.146608
-0.146385
-0.146573
-0.146539
-0.146601
-0.146575
-0.146633
-0.146936
-0.146799
-0.146227
-0.146587
-0.147028
-0.146955
-0.146748
-0.146755
-0.146849
-0.146736
-0.146812
-0.146761
-0.146699
-0.146798
-0.146873
-0.14693
-0.146769
-0.146934
-0.146883
-0.146947
-0.146861
-0.146792
-0.146851
-0.146746
-0.146918
-0.146802
-0.146722
-0.146883
-0.146791
-0.146849
-0.146778
-0.146888
-0.14695
-0.146883
-0.146881
-0.146886
-0.146878
-0.14682
-0.146886
-0.146773
-0.14687
-0.146825
-0.146715
-0.146862
-0.146901
-0.146936
-0.146796
-0.146842
-0.14685
-0.146888
-0.146784
-0.146891
-0.14681
-0.146749
-0.1468
-0.146888
-0.146718
-0.146686
-0.146809
-0.146871
-0.146846
-0.146972
-0.146762
-0.14688
-0.146714
-0.146784
-0.146826
-0.14685
-0.146904
-0.146917
-0.146844
-0.146796
-0.146916
-0.146886
-0.146755
-0.146918
-0.146801
-0.146799
-0.146792
-0.146875
-0.146862
-0.146907
-0.146905
-0.146901
-0.146891
-0.146902
-0.146771
-0.146864
-0.146963
-0.146869
-0.146907
-0.146887
-0.146888
-0.146852
-0.146878
-0.146958
-0.146921
-0.146844
-0.146935
-0.146975
-0.146877
-0.146829
-0.146878
-0.146864
-0.14691
-0.146782
-0.146851
-0.14689
-0.146776
-0.146899
-0.146815
-0.146738
-0.146855
-0.1469
-0.146955
-0.146795
-0.146809
-0.146907
-0.146841
-0.146835
-0.146876
-0.146812
-0.146861
-0.146933
-0.146903
-0.146786
-0.146882
-0.146782
-0.146852
-0.146863
-0.146875
-0.1469
-0.146977
-0.146815
-0.1469
-0.146917
-0.146821
-0.146907
-0.146941
-0.146815
-0.146915
-0.146808
-0.146885
-0.146782
-0.146917
-0.146788
-0.146816
-0.14688
-0.146887
-0.146783
-0.146899
-0.146691
-0.146848
-0.146901
-0.146787
-0.146874
-0.146832
-0.146841
-0.146852
-0.146884
-0.146887
-0.146814
-0.146929
-0.146919
-0.146916
-0.146915
-0.146758
-0.146896
-0.146956
-0.1469
-0.146767
-0.146828
-0.146814
-0.146826
-0.146936
-0.146936
-0.146936
-0.146883
-0.146853
-0.146907
-0.146821
-0.146934
-0.146901
-0.146902
-0.146784
-0.146959
-0.146761
-0.146758
-0.146821
-0.146783
-0.146955
-0.146905
-0.146929
-0.146814
-0.146898
-0.146856
-0.146819
-0.146889
-0.146921
-0.146926
-0.146891
-0.146889
-0.14683
-0.146873
-0.146755
-0.146816
-0.146897
-0.146898
-0.146907
-0.146806
-0.146832
-0.146913
-0.146846
-0.146876
-0.146826
-0.146953
-0.146837
-0.146849
-0.14692
-0.146878
-0.146847
-0.14697
-0.146842
-0.146867
-0.146901
-0.146882
-0.146879
-0.146866
-0.146924
-0.146844
-0.146894
-0.146855
-0.14672
-0.146922
-0.146861
-0.14692
-0.146696
-0.146954
-0.146719
-0.146774
-0.146872
-0.146753
-0.146746
-0.146937
-0.146907
-0.146865
-0.146916
-0.146866
-0.146915
-0.146764
-0.146891
-0.146798
-0.14686
-0.146889
-0.146918
-0.146935
-0.146931
-0.146865
-0.146872
-0.146808
-0.146834
-0.146809
-0.146917
-0.146912
-0.146841
-0.146801
-0.146895
-0.146941
-0.146929
-0.146926
-0.146926
-0.146907
-0.146917
-0.146767
-0.146911
-0.14693
-0.146883
-0.14688
-0.14676
-0.146832
-0.146839
-0.146856
-0.146915
-0.146868
-0.146909
-0.146898
-0.146908
-0.146853
-0.146931
-0.146876
-0.146858
-0.146857
-0.146924
-0.146851
-0.14676
-0.14686
-0.146922
-0.146942
-0.146864
-0.146843
-0.146874
-0.146781
-0.146815
-0.146902
-0.146941
-0.146927
-0.14691
-0.146897
-0.146848
-0.146866
-0.146892
-0.146883
-0.146872
-0.146913
-0.146906
-0.146794
-0.14689
-0.146931
-0.146895
-0.146878
-0.146809
-0.146892
-0.146879
-0.146933
-0.146915
-0.146949
-0.146908
-0.1469
-0.146827
-0.14691
-0.146925
-0.146927
-0.146925
-0.14695
-0.146905
-0.146887
-0.146949
-0.146875
-0.146918
-0.14689
-0.146794
-0.146278
-0.145776
-0.145732
-0.145767
-0.146018
-0.146073
-0.146046
-0.145901
-0.14588
-0.146035
-0.145879
-0.14599
-0.146107
