0.0469437
0.0536824
0.0470848
0.0522049
0.046314
0.0494236
0.0340706
0.0464283
0.0352834
0.0520547
0.0532069
0.047479
0.0466384
0.0477425
0.0487155
0.0484271
0.0490963
0.0487469
0.0492532
0.0490125
0.0485862
0.0496733
0.048239
0.0483057
0.0477839
0.0375458
0.0500537
0.0463151
0.054797
0.0478401
0.0415504
0.0422552
0.0437846
0.0487194
0.0475513
0.0425404
0.0533333
0.0369752
0.049708
0.0514962
0.0507549
0.0481103
0.0484164
0.0492453
0.0479709
0.0511858
0.0482502
0.0503304
0.0503448
0.0374852
0.0496933
0.0473485
0.0386239
0.0501024
0.0477376
0.0379948
0.0482754
0.0383287
0.0512142
0.0485766
0.0494442
0.0497073
0.0488893
0.0496615
0.0367003
0.0486249
0.0487562
0.0490898
0.0499477
0.0377793
0.0368234
0.049887
0.0504286
0.0509234
0.0471688
0.0495247
0.0480969
0.0360888
0.0499432
0.0481209
0.0486299
0.0488922
0.060431
0.051459
0.0499534
0.0486597
0.0476617
0.0619933
0.0505814
0.0515188
0.04831
0.0496414
0.0499787
0.0480923
0.0498937
0.0383937
0.0511555
0.0363519
0.0361964
0.0492532
0.0487186
0.0480967
0.0382884
0.0499406
0.0483678
0.0476137
0.050972
0.0504314
0.0500528
0.0499081
0.0494221
0.0498588
0.0497321
0.0478938
0.048093
0.0488425
0.0509177
0.050271
0.0380492
0.0486624
0.0509948
0.0490177
0.0488636
0.0505823
0.0495044
0.0392307
0.0493567
0.047607
0.049984
0.0507246
0.0380985
0.050521
0.0370637
0.0401833
0.0368363
0.0493676
0.0490254
0.0488552
0.0493499
0.0492316
0.0489163
0.0491843
0.0522179
0.0483221
0.0490096
0.0505591
0.0520273
0.0502645
0.0489694
0.0495284
0.0513915
0.0373901
0.0478711
0.0495744
0.0491783
0.0494955
0.050116
0.0484337
0.038633
0.0487852
0.0496295
0.0365773
0.0376433
0.0497047
0.05003
0.0503274
0.0489405
0.0375762
0.0500389
0.0507814
0.0496249
0.0502603
0.0488686
0.0511055
0.0480064
0.0486806
0.0519692
0.0389765
0.050441
0.0557237
0.0499639
0.0390249
0.0387551
0.0567747
0.0502077
0.0494256
0.0372083
0.0506158
0.0506008
0.0567286
0.0369501
0.0562534
0.0383945
0.0367786
0.0498443
0.0368753
0.0493572
0.0393706
0.0607053
0.0559153
0.0379495
0.0377291
0.0426989
0.0454827
0.0555866
0.0495835
0.0373371
0.0560685
0.0514386
0.0433049
0.0567719
0.0396522
0.0552979
0.0497483
0.0506556
0.0483551
0.0362713
0.0491488
0.0502037
0.0487062
0.0391416
0.0496868
0.0379594
0.0493962
0.0377431
0.0368579
0.0508378
0.0493141
0.0510583
0.0514224
0.0367376
0.0369737
0.0501732
0.0372203
0.0510064
0.0482981
0.0365407
0.0396324
0.0494866
0.0496402
0.0388012
0.0503228
0.0449541
0.0526963
0.0384202
0.0378439
0.049429
0.0496768
0.0487996
0.051099
0.0504549
0.0518224
0.0481679
0.0494311
0.0514437
0.049451
0.0497215
0.0503962
0.0523234
0.0492795
0.0497032
0.0491494
0.0485662
0.0505861
0.0511953
0.0504985
0.0498514
0.050958
0.0486821
0.0513603
0.0509206
0.0488465
0.0506595
0.037601
0.0518089
0.0517929
0.0499466
0.038406
0.0514326
0.0381599
0.0371852
0.0369381
0.0491067
0.0475166
0.0506175
0.0508231
0.050772
0.0504052
0.0498776
0.0524827
0.0520595
0.0357458
0.0500562
0.0505912
0.0373502
0.0497938
0.049623
0.0390969
0.0481706
0.0496122
0.049146
0.0492302
0.039118
0.0500533
0.0496914
0.0507652
0.051802
0.0497137
0.0494137
0.0501842
0.0369998
0.049772
0.0379097
0.0475577
0.0502443
0.0518902
0.0493873
0.0499618
0.0369721
0.0380971
0.050005
0.0380169
0.0506344
0.0489908
0.0493964
0.0506545
0.0501597
0.0485025
0.0384773
0.0383351
0.0496528
0.0484844
0.0500908
0.0488777
0.0371096
0.0383163
0.0402522
0.0376836
0.0485995
0.0495558
0.0477833
0.0387001
0.0484429
0.0494673
0.0388654
0.039172
0.0402504
0.0496218
0.0487504
0.051023
0.0503804
0.0576139
0.051066
0.0518094
0.0501281
0.0493354
0.050638
0.0508732
0.0496463
0.0380482
0.0370984
0.0495183
0.0549098
0.0559209
0.0495657
0.0393439
0.0491747
0.053509
0.0573008
0.0392969
0.0526595
0.0534121
0.0429171
0.0447675
0.0488022
0.0440731
0.0455668
0.0435751
0.0488302
0.0553971
0.0517044
0.0442155
0.0390932
0.0560301
0.0537463
0.0444532
0.0430587
0.056003
0.0434249
0.0554731
0.0428587
0.0379803
0.0503334
0.0375253
0.0504631
0.0432353
0.0374951
0.0427726
0.0562171
0.0539223
0.0424238
0.0432785
0.0542694
0.0493701
0.053932
0.0483687
0.0436104
0.0568037
0.0444523
0.0478933
0.0494612
0.0489951
0.0441878
0.0434427
0.0549947
0.0558622
0.0548566
0.0580916
0.0544563
0.0446205
0.056917
0.0550128
0.0559535
0.0562625
0.0552813
0.0441593
0.0563636
0.0555884
0.0547591
0.0441129
0.0438254
0.0430637
0.0561168
0.0552259
0.0554136
0.0557965
0.0445667
0.0569684
0.0557882
0.0553604
0.0435728
0.0560047
0.0546562
0.0551544
0.0426978
0.043778
0.0442038
0.0561797
0.0430658
0.0556226
0.0567133
0.0537483
0.0450965
0.0379287
0.05492
0.0442483
0.0539024
0.0426558
0.0441698
0.0438973
0.0567851
0.0571531
0.0565503
0.0554763
0.0449032
0.0536811
0.044512
0.0552843
0.0446875
0.0558399
0.0435943
0.055296
0.044604
0.0551344
0.0461312
0.0444005
0.0558486
0.0565432
0.0549296
0.0551956
0.0545367
0.0574658
0.0461505
0.0440596
0.0445467
0.0569707
0.0452244
0.0451494
0.0432222
0.0545979
0.0564211
0.0435056
0.0558975
0.043414
0.0439936
0.0574147
0.0559216
0.045018
0.0452852
0.0550287
0.0448503
0.0567915
0.0445205
0.0569608
0.0581096
0.0463413
0.0479384
0.0437154
0.0454569
0.0557256
0.0439555
0.0679806
0.043404
0.0557076
0.0568337
0.0570707
0.0552452
0.0585709
0.0550512
0.0559511
0.0560161
0.0572932
0.0571375
0.0549544
0.055192
0.0559156
0.0446828
0.0556585
0.055936
0.0568022
0.0564627
0.0555112
0.0577812
0.0546393
0.0559114
0.0573199
0.044836
0.0561743
0.0560663
0.0544334
0.0549273
0.0446828
0.058348
0.0561775
0.05664
0.0456221
0.0561637
0.0433873
0.0551269
0.0448773
0.0437318
0.0461108
0.056147
0.0563652
0.0568619
0.0564495
0.0467578
0.0572112
0.0437583
0.0577481
0.0576613
0.0454293
0.0578781
0.0466417
0.0571861
0.058376
0.0547729
0.0461842
0.0557133
0.045097
0.0453179
0.0465232
0.0563795
0.0577621
0.045401
0.0584649
0.0453977
0.0573187
0.0474718
0.0441369
0.0451931
0.039899
0.0576719
0.0555869
0.0382888
0.0439178
0.0371571
0.0441136
0.049479
0.0446967
0.0437935
0.0434671
0.0430738
0.0468548
0.0436692
0.0547835
0.0443879
0.0446705
0.0559919
0.054519
0.0426959
0.0452442
0.0548574
0.038245
0.043765
0.0441758
0.0556408
0.0456
0.049997
0.0441293
0.0350474
0.0562803
0.0395634
0.0549406
0.0573881
0.0556194
0.0480534
0.05464
0.0555775
0.0424316
0.0373258
0.0444631
0.0498641
0.0538941
0.0385813
0.0497148
0.059662
0.0550787
0.0434788
0.0511404
0.0496961
0.0448035
0.044588
0.0573192
0.0543168
0.0429504
0.0505872
0.0487563
0.0498955
0.0478769
0.0487595
0.0500019
0.0482397
0.0465593
0.0546538
0.0414388
0.0543405
0.055561
0.0454163
0.0614492
0.046648
0.0498647
0.0508351
0.0405475
0.0585562
0.057149
0.0491719
0.0483137
0.0532723
0.0538027
0.0656172
0.0686339
0.0603809
0.0540393
0.0561432
0.0673149
0.047576
0.0669584
0.0560913
0.0562611
0.0530179
0.0672242
0.0540212
0.0544192
0.0556567
0.0681572
0.0546838
0.0524046
0.0669215
0.066778
0.0590517
0.0474427
0.0545197
0.045427
0.0664983
0.0667054
0.0558717
0.0557543
0.0473483
0.0537179
0.0553043
0.0567786
0.0556804
0.0671407
0.0673588
0.0678827
0.0797596
0.0657771
0.0795055
0.0478594
0.0592919
0.0665719
0.07283
0.0639241
0.0653652
0.0676359
0.045165
0.049605
0.0652139
0.052506
0.049132
0.0535317
0.0575797
0.0652633
0.0492313
0.0682581
0.0665752
0.066061
0.0540678
0.067024
0.0689949
0.0531465
0.0674214
0.0540844
0.0563045
0.046808
0.046002
0.056209
0.0580608
0.0665601
0.0448661
0.0675107
0.054385
0.0538031
0.0661765
0.0656898
0.0540965
0.0675314
0.0654263
0.0676774
0.0676355
0.0673971
0.0545603
0.0458821
0.0656103
0.0543574
0.0663333
0.0468907
0.0543913
0.0479839
0.067054
0.0476635
0.0562457
0.0565486
0.0550379
0.0689852
0.0693822
0.0538067
0.0588649
0.0662912
0.0667537
0.0673044
0.0603254
0.0467999
0.0722123
0.0476517
0.0578431
0.0560642
0.0472434
0.06682
0.0676115
0.0663841
0.067535
0.0605584
0.0551549
0.0679986
0.0673818
0.0484395
0.0672345
0.0732027
0.0552231
0.0565212
0.0565899
0.0557221
0.047097
0.0674094
0.0575775
0.0487086
0.0567764
0.0668641
0.0547778
0.0679418
0.0679514
0.0565566
0.0607995
0.048999
0.0498137
0.0488988
0.0665443
0.068
0.0495744
0.0562888
0.0469648
0.0498966
0.0682444
0.0617359
0.0682967
0.0679979
0.0663424
0.0488007
0.0681565
0.0673353
0.0672359
0.066472
0.0672369
0.0678654
0.0554893
0.066112
0.0541577
0.0677762
0.0558634
0.0540466
0.0555834
0.0661988
0.0460571
0.054647
0.0673618
0.0483351
0.0556723
0.0562433
0.0657584
0.0393937
0.0472145
0.0475751
0.047961
0.0401661
0.041782
0.0469939
0.0482566
0.0477133
0.0421061
0.0557333
0.0563926
0.0590242
0.0540988
0.0559038
0.0540479
0.0476315
0.0551049
0.0564879
0.0557347
0.0518755
0.0563598
0.0671206
0.0471027
0.0487595
0.0557862
0.0489885
0.0485932
0.0682176
0.0568637
0.0566587
0.047722
0.0550253
0.0549706
0.0547797
0.0576189
0.0484896
0.0666118
0.0476297
0.0374256
0.048516
0.0507537
0.0670067
0.0556002
0.0486118
0.066511
0.0471853
0.048026
0.0531477
0.0570875
0.0669314
0.0558612
0.0536852
0.0543158
0.0477165
0.0560539
0.0483162
0.0555708
0.0479351
0.0549421
0.0558139
0.0487337
0.0367695
0.0368793
0.0659839
0.0538663
0.0570054
0.041499
0.0355215
0.0488185
0.0474527
0.0585945
0.0473549
0.0479091
0.0669677
0.0487145
0.0480805
0.0482916
0.0669759
0.0562754
0.03705
0.0486586
0.0348277
0.0565742
0.0478125
0.0548259
0.0559672
0.0560383
0.0564867
0.0483801
0.0565297
0.0549761
0.0474868
0.0475254
0.0563798
0.0472621
0.0672908
0.0493728
0.0571841
0.0560899
0.0571152
0.054335
0.0560493
0.0471274
0.047379
0.0487085
0.0585136
0.0483611
0.0607101
0.0690884
0.0545034
0.0463362
0.0554467
0.0669213
0.0550708
0.0527329
0.0475088
0.058808
0.0490258
0.0668308
0.0548488
0.0495432
0.056337
0.0490722
0.0478457
0.0478294
0.0563301
0.0344844
0.0479953
0.0535318
0.0552414
0.0492493
0.0477484
0.0664492
0.047163
0.0536613
0.0439537
0.0675598
0.056414
0.0487011
0.0498761
0.0552393
0.0487842
0.0464034
0.0485359
0.0360682
0.0482307
0.0489619
0.04697
0.0470681
0.0667222
0.0554791
0.0462461
0.0466631
0.0479397
0.0568618
0.0481021
0.0509508
0.0572911
0.050758
0.05255
0.0490898
0.0502722
0.0510845
0.050323
0.0519591
0.0518833
0.0513445
0.0558791
0.0497256
