0.0736443
0.0736312
0.0737206
0.0736804
0.0736701
0.0736404
0.0736588
0.0736744
0.0736973
0.0737199
0.0737327
0.0736999
0.0736898
0.0737227
0.073661
0.0737143
0.0736547
0.0736619
0.0736782
0.0736609
0.073633
0.0736432
0.0736921
0.073609
0.0736173
0.0736811
0.0736619
0.0736392
0.0736334
0.073637
0.0736322
0.0736055
0.0736782
0.0736897
0.0736496
0.0736783
0.0736908
0.0736238
0.0736745
0.0736731
0.0736809
0.0737284
0.073753
0.073734
0.0736637
0.073689
0.0737033
0.073673
0.0736685
0.0736919
0.0737297
0.0737517
0.0736882
0.0737595
0.0736918
0.0737136
0.073737
0.0736862
0.0735964
0.0737129
0.0737219
0.0737115
0.0737141
0.0737311
0.0737347
0.0736824
0.0737192
0.0736716
0.0736972
0.0737191
0.0737101
0.0737226
0.0736242
0.0737337
0.0737437
0.0736867
0.0736387
0.0736654
0.0736606
0.0737144
0.0736822
0.0737139
0.0736627
0.0736856
0.0736779
0.0737179
0.0737224
0.0736935
0.0736982
0.0737251
0.0737182
0.0737003
0.0737338
0.0736949
0.0736986
0.0736669
0.0736838
0.0736896
0.0736532
0.0737158
0.0737147
0.0736959
0.0736395
0.0737016
0.073682
0.0736434
0.0737122
0.0736804
0.0737077
0.0736955
0.0736845
0.0736855
0.0737415
0.0736476
0.0736272
0.0736581
0.0737025
0.0737209
0.0737123
0.073652
0.0736738
0.0736699
0.0736603
0.0736789
0.0736677
0.0736434
0.0736782
0.0737312
0.073705
0.0736871
0.0736355
0.0736818
0.0736918
0.0736981
0.073692
0.0736916
0.0736914
0.073613
0.0736582
0.0736851
0.0736687
0.073717
0.0736899
0.0737152
0.0737437
0.0737171
0.0736107
0.0736571
0.0737011
0.0736862
0.0736568
0.0736736
0.073714
0.0737012
0.0736974
0.0737175
0.0737481
0.0737276
0.0736901
0.0737064
0.0736966
0.0736271
0.0736972
0.0737025
0.0737247
0.0736282
0.0737149
0.0736667
0.0736769
0.073693
0.0736478
0.0736719
0.0736905
0.0736598
0.0737079
0.0736909
0.0736736
0.0737259
0.0736925
0.0737056
0.0736782
0.0737257
0.0737205
0.0736674
0.0736898
0.0736259
0.0736215
0.0736625
0.0737255
0.0736756
0.0737029
0.0735764
0.0736138
0.0735958
0.0736277
0.0736699
0.0736262
0.0736579
0.0736494
0.0736405
0.073696
0.0736214
0.0736761
0.0736932
0.0736569
0.0736974
0.0736696
0.0737019
0.0736248
0.0737012
0.0736983
0.0737104
0.0736288
0.073675
0.0737097
0.0737148
0.0736812
0.0736949
0.073687
0.0736323
0.0736799
0.0736468
0.0736912
0.0737418
0.0737036
0.0736889
0.0736667
0.0736987
0.0736901
0.0736984
0.0737096
0.0736714
0.0737307
0.0736511
0.0736777
0.0736899
0.0736532
0.0736267
0.0736321
0.0736742
0.0736956
0.0736843
0.0736211
0.0736567
0.0736572
0.0736205
0.0736535
0.0736943
0.0737072
0.073677
0.0736766
0.0736873
0.0736779
0.0736937
0.0736479
0.0736258
0.0736494
0.0736534
0.0736506
0.0737024
0.0736759
0.0736104
0.0736504
0.0736463
0.073668
0.0736649
0.0736731
0.0736823
0.0736413
0.0736926
0.0736632
0.07364
0.0736406
0.0736729
0.0737038
0.0736441
0.073685
0.0736743
0.0736914
0.0736923
0.0736436
0.0736525
0.0736731
0.0736701
0.0736535
0.0737009
0.0737186
0.0737189
0.0737194
0.0736253
0.0736775
0.073668
0.0737129
0.0737291
0.0736805
0.0736328
0.0737019
0.0736741
0.073643
0.0737091
0.0736802
0.0736799
0.0736676
0.0736906
0.0737002
0.0737245
0.0736756
0.0736675
0.0737045
0.0737093
0.0736867
0.0736894
0.0736737
0.0736622
0.073707
0.0736907
0.0736854
0.0737118
0.0736908
0.0736984
0.0736678
0.0736905
0.073735
0.0737026
0.073663
0.0736821
0.0737113
0.0736763
0.0737168
0.0736706
0.0736168
0.0736608
0.0736909
0.0737096
0.07371
0.0736499
0.0736851
0.0736672
0.073676
0.0736387
0.0736616
0.0736484
0.0736366
0.0736872
0.0736802
0.0737052
0.0736452
0.0737194
0.0736579
0.0736918
0.0737053
0.0736635
0.0736557
0.0737068
0.0736656
0.0736845
0.0736988
0.0736822
0.0736695
0.073611
0.0736909
0.0736204
0.0736573
0.0736946
0.0736601
0.073692
0.0736727
0.0736396
0.0736733
0.0736756
0.0736802
0.0736304
0.0736667
0.0736949
0.0737025
0.0736248
0.0737211
0.0736526
0.0736749
0.0737064
0.0736375
0.0736883
0.0736667
0.0736645
0.0737026
0.0736758
0.0736737
0.073693
0.0737116
0.0737196
0.0736411
0.0736424
0.0736522
0.073682
0.073696
0.0736741
0.0737217
0.0736943
0.0736663
0.0736681
0.0736741
0.0737044
0.073691
0.0736207
0.073704
0.0736745
0.0736894
0.0737039
0.073713
0.0737052
0.0737236
0.0736975
0.0736973
0.0736711
0.0736291
0.0736345
0.0736002
0.0735973
0.0736307
0.0737089
0.0736901
0.0736804
0.0736619
0.0736185
0.0737069
0.0736423
0.0736431
0.0736843
0.0736535
0.0736454
0.073646
0.0737136
0.073707
0.0736413
0.0737096
0.0736766
0.073669
0.0737042
0.0736468
0.0736769
0.0737056
0.0736696
0.0736791
0.0736987
0.073677
0.0736594
0.0736734
0.0736943
0.0736596
0.0736773
0.0736335
0.0736942
0.0737153
0.0737264
0.07366
0.0736882
0.0737244
0.0736865
0.0736787
0.0736859
0.0737116
0.0736559
0.0736649
0.0737055
0.0736979
0.0736416
0.0736885
0.0736483
0.073661
0.0737042
0.0737031
0.0736905
0.073659
0.0736532
0.0736308
0.0736498
0.0737147
0.0736666
0.0736941
0.0736582
0.07368
0.0736707
0.0736576
0.0736559
0.0736726
0.0736624
0.07366
0.0736282
0.0736607
0.0736944
0.0737149
0.0736197
0.0736714
0.0736239
0.0737125
0.0736579
0.0736723
0.0736644
0.0736353
0.0736772
0.0737066
0.0736178
0.0736931
0.0737072
0.0736667
0.0736273
0.0736674
0.0736964
0.0737082
0.0736453
0.0736892
0.0736485
0.0736806
0.0737166
0.0736882
0.0736693
0.0736454
0.0736007
0.0737182
0.0736983
0.073686
0.0736239
0.0736664
0.0736236
0.0736236
0.0736906
0.0737051
0.0736655
0.0736769
0.0736808
0.0736845
0.0736801
0.0736923
0.0736939
0.0736887
0.0736942
0.0737042
0.0736456
0.0737135
0.073704
0.0736646
0.0737064
0.0736907
0.0736418
0.0736907
0.0736158
0.0737173
0.0736829
0.0737194
0.073707
0.0736736
0.0736853
0.073676
0.0736823
0.0737011
0.0736487
0.0736633
0.0736359
0.0736951
0.0736868
0.0736796
0.0736953
0.0736713
0.0736066
0.0736598
0.0736627
0.0736772
0.0736637
0.0736911
0.0736744
0.0736688
0.0736455
0.073644
0.0737208
0.0736103
0.0736757
0.0736913
0.0736621
0.0736275
0.0736848
0.0736463
0.0736899
0.0736782
0.0736811
0.0736818
0.073663
0.0736651
0.0736946
0.0736931
0.0736755
0.0736387
0.0736537
0.0736235
0.0736148
0.073664
0.0736812
0.0737002
0.0736527
0.0736731
0.0736634
0.0736983
0.073681
0.0737013
0.0736767
0.0736503
0.0736646
0.0736644
0.0736938
0.0736406
0.0736958
0.0736541
0.0737077
0.0736532
0.0736628
0.0736815
0.0736932
0.0736772
0.0736186
0.0737232
0.0736788
0.0736956
0.0736861
0.0736678
0.0735483
0.0737766
0.073885
0.0736389
0.0735172
0.0740441
0.0738564
0.0737261
0.0734593
0.0735975
0.0737539
0.073676
0.0735318
0.0737227
0.0737825
0.0738601
0.073785
0.0739613
0.0739861
0.0740338
0.0741734
0.0740476
0.0741124
0.0740648
0.0740191
0.074113
0.07372
0.0739171
0.0739777
0.0739407
0.0741947
0.0740728
0.0740163
0.0741509
0.0741053
0.073987
0.0740271
0.0740415
0.0740221
0.0740684
0.0740544
0.0740297
0.0740024
0.0740585
0.0739981
0.0739752
0.0740246
0.0740419
0.0740277
0.0740058
0.0740686
0.0740147
0.0740264
0.0740297
0.0740568
0.0740412
0.0740393
0.0741399
0.0740808
0.0740497
0.074075
0.0740057
0.0740225
0.0740049
0.0740147
0.0740821
0.0740488
0.0739788
0.0740223
0.0740169
0.074008
0.0739814
0.0739975
0.0740053
0.0740475
0.0740124
0.0740914
0.0741364
0.0740071
0.0740466
0.0739983
0.0740375
0.0740231
0.0740686
0.0740498
0.0740565
0.0739827
0.0740608
0.0740496
0.0739944
0.0740397
0.0741357
0.0740305
0.0740337
0.0740378
0.0739963
0.0739931
0.0740782
0.0740467
0.0740297
0.0740668
0.0740825
0.0741189
0.0740839
0.0740817
0.0741466
0.0740273
0.074067
0.0740363
0.0740335
0.074097
0.0740592
0.0740494
0.074057
0.074017
0.074054
0.0740575
0.0740296
0.0740351
0.0740008
0.0740946
0.0740765
0.0740606
0.0740589
0.0740824
0.0740555
0.0741361
0.0740702
0.0741432
0.0740656
0.0740718
0.0740064
0.0740372
0.0740363
0.0740171
0.0740303
0.074049
0.0740362
0.0740546
0.0740911
0.0740926
0.0740425
0.0741035
0.0740155
0.0740346
0.0741513
0.074004
0.0740301
0.0740629
0.074037
0.0740913
0.0739857
0.0740169
0.0740521
0.0740982
0.0740265
0.0740186
0.0740184
0.0740272
0.0740162
0.0740128
0.0740917
0.0740268
0.0740474
0.0740825
0.0740652
0.0740161
0.074037
0.07405
0.0740943
0.0740585
0.0741294
0.0741052
0.0741147
0.0740946
0.0740566
0.0740635
0.0741005
0.0740113
0.0740776
0.0741689
0.074017
0.0740631
0.0740941
0.0740203
0.0740138
0.0740987
0.0740186
0.0740391
0.0740068
0.0740625
0.0740804
0.0740546
0.0740772
0.0740407
0.0740713
0.0740506
0.0740467
0.0740624
0.0740231
0.0740257
0.0740677
0.0740667
0.0740792
0.0741515
0.0740441
0.0740455
0.0740317
0.0740671
0.0740917
0.0740816
0.0740989
0.0741436
0.0741033
0.0741249
0.0740801
0.074055
0.0741166
0.074031
0.0740239
0.0740255
0.074028
0.0740217
0.0740112
0.0741109
0.0740382
0.0740574
0.0740342
0.0740811
0.0740184
0.0740351
0.0740824
0.0741275
0.0740039
0.0741327
0.0740878
0.074029
0.0740267
0.074539
0.0740923
0.0739509
0.0738838
0.0739542
0.0739711
0.074087
0.0740328
0.0742389
0.0740895
0.0740757
0.0740227
0.0740223
0.0740641
0.0739957
0.0740414
0.0740677
0.0741116
0.0740536
0.0740385
0.0740639
0.0740995
0.0740634
0.0740288
0.0739486
0.0740211
0.0741198
0.0740562
0.0741483
0.0740305
0.0740479
0.0740458
0.0740928
0.0741426
0.0740178
0.0740387
0.0740449
0.074156
0.0740963
0.0741347
0.0741543
0.0740599
0.0740788
0.0740939
0.0740442
0.0740962
0.074027
0.0740616
0.0740401
0.0740249
0.0742049
0.0740317
0.0740918
0.0740009
0.07408
0.074081
0.0740865
0.074033
0.0740393
0.0741104
0.0740578
0.0740736
0.0741161
0.0741249
0.0740532
0.0741394
0.0740563
0.0741352
0.0740684
0.0740396
0.0740346
0.0740173
0.0740327
0.0740879
0.0740803
0.0741214
0.074008
0.0740942
0.0741397
0.0740508
0.0740423
0.074091
0.0740447
0.0740497
0.0740788
0.0740529
0.0741716
0.0740954
0.0741214
0.0740929
0.0740438
0.0741132
0.0740522
0.0741051
0.0741094
0.074051
0.0740639
0.0740895
0.0741135
0.0740266
0.0740125
0.0741412
0.0741411
0.0740492
0.0741195
0.073997
0.0740851
0.0740796
0.074065
0.0741452
0.0741136
0.0740489
0.074169
0.0741747
0.0740953
0.0740596
0.0741581
0.0741755
0.0741841
0.0741598
0.0741053
0.0740185
0.0741799
0.0741486
0.0741506
0.0740842
0.0741851
0.0739869
0.0738702
0.0738061
0.0739082
0.0738624
0.073757
0.07374
0.0737646
0.073718
0.0737143
0.0737471
0.0737028
0.0737271
