0.731975
0.732161
0.731963
0.732074
0.732259
0.732185
0.732185
0.732111
0.732111
0.732049
0.732074
0.732
0.732259
0.732123
0.732025
0.731901
0.731938
0.731975
0.732025
0.732037
0.732086
0.732123
0.731938
0.732012
0.73184
0.731901
0.731963
0.732049
0.731889
0.731988
0.732049
0.731938
0.731889
0.731901
0.731901
0.731889
0.731926
0.731778
0.732161
0.732012
0.732074
0.731938
0.732025
0.731901
0.732198
0.731963
0.731901
0.732049
0.731988
0.731963
0.73179
0.731889
0.731963
0.731901
0.731914
0.73184
0.731938
0.731901
0.731901
0.732025
0.731938
0.731963
0.731691
0.732074
0.731914
0.731827
0.732086
0.731963
0.731827
0.731926
0.731778
0.731852
0.731963
0.731988
0.731803
0.731901
0.731889
0.731852
0.731975
0.731877
0.731926
0.731914
0.731877
0.731938
0.731815
0.732086
0.73184
0.731827
0.731877
0.731914
0.731988
0.731864
0.73179
0.731975
0.731753
0.731852
0.731852
0.731901
0.731914
0.731877
0.731778
0.732025
0.731765
0.73179
0.731741
0.731877
0.731605
0.731753
0.731741
0.731827
0.731741
0.731815
0.731815
0.731864
0.731716
0.731765
0.731654
0.731864
0.731667
0.731728
0.731642
0.731803
0.731889
0.731852
0.731741
0.731519
0.731679
0.731691
0.731803
0.731667
0.731556
0.731778
0.731654
0.731568
0.73179
0.731506
0.731741
0.731716
0.731864
0.731593
0.731593
0.731704
0.731827
0.73179
0.731753
0.731901
0.731741
0.731938
0.731679
0.731741
0.731803
0.731642
0.731988
0.731864
0.73158
0.731741
0.731815
0.731679
0.73179
0.731654
0.731926
0.731654
0.731728
0.731864
0.731679
0.731679
0.731778
0.731642
0.731679
0.731765
0.731827
0.731642
0.731778
0.731667
0.731852
0.731667
0.731617
0.731827
0.731716
0.731691
0.731765
0.731667
0.731642
0.731568
0.731803
0.731815
0.731728
0.731642
0.731593
0.731704
0.731407
0.731654
0.731679
0.731728
0.731704
0.731605
0.731654
0.731494
0.731728
0.731642
0.731617
0.731803
0.731469
0.731654
0.731617
0.73163
0.731654
0.73158
0.731531
0.731654
0.73158
0.731432
0.731679
0.73163
0.73163
0.731753
0.731704
0.731815
0.731494
0.731556
0.731543
0.731741
0.731667
0.731778
0.731728
0.73158
0.731654
0.731765
0.731765
0.73179
0.73158
0.73158
0.731741
0.73163
0.731765
0.731494
0.731654
0.731691
0.73158
0.731765
0.731654
0.73163
0.731593
0.73158
0.731395
0.731654
0.731395
0.731803
0.731432
0.731556
0.731519
0.731444
0.731531
0.731494
0.731531
0.731469
0.731704
0.731704
0.731642
0.731667
0.731642
0.73158
0.731765
0.731346
0.731506
0.731482
0.731617
0.731568
0.731605
0.731568
0.731679
0.731457
0.731716
0.731519
0.73158
0.731617
0.731716
0.731531
0.731568
0.731531
0.731444
0.731469
0.731593
0.73158
0.731556
0.731605
0.731519
0.731704
0.731728
0.731642
0.731654
0.73158
0.731704
0.731654
0.73158
0.731704
0.73163
0.731432
0.731482
0.731605
0.731691
0.731519
0.731654
0.731667
0.731667
0.731617
0.731691
0.731605
0.731642
0.731605
0.731654
0.731556
0.73158
0.731605
0.73158
0.731457
0.731568
0.731494
0.731506
0.731519
0.731679
0.731543
0.731667
0.73142
0.731556
0.731519
0.731667
0.731617
0.73158
0.731568
0.731741
0.731543
0.73158
0.731531
0.73163
0.731568
0.731691
0.731457
0.73158
0.731617
0.73158
0.731568
0.731543
0.731716
0.731667
0.731556
0.731519
0.731506
0.731605
0.731753
0.731568
0.731679
0.73163
0.731568
0.731519
0.731679
0.731617
0.731531
0.73158
0.731568
0.731444
0.731543
0.731556
0.731543
0.731679
0.731617
0.731642
0.731593
0.731654
0.731593
0.731519
0.731654
0.731506
0.731444
0.731704
0.731506
0.731519
0.731654
0.731494
0.731531
0.731642
0.731617
0.731667
0.731654
0.73158
0.73158
0.731519
0.731444
0.731617
0.731531
0.731494
0.731593
0.731531
0.731432
0.731593
0.731556
0.731556
0.731469
0.731519
0.731519
0.73142
0.73137
0.731568
0.731568
0.73158
0.731506
0.731457
0.731556
0.731593
0.731605
0.73158
0.731519
0.731506
0.731309
0.73163
0.731543
0.731346
0.731506
0.731506
0.73142
0.73163
0.73163
0.731482
0.73158
0.731482
0.731432
0.731556
0.73163
0.731444
0.731519
0.731617
0.731482
0.731543
0.731556
0.731654
0.731506
0.731506
0.731482
0.731444
0.731593
0.731506
0.731667
0.73142
0.731494
0.731605
0.731333
0.731556
0.731531
0.731617
0.731506
0.731556
0.731519
0.731482
0.73158
0.731654
0.731593
0.731667
0.731531
0.731543
0.731605
0.731642
0.731642
0.73158
0.731457
0.73163
0.731593
0.731654
0.73163
0.731519
0.731543
0.731407
0.731568
0.731494
0.731482
0.731531
0.731605
0.731494
0.731482
0.731506
0.731568
0.731457
0.731543
0.731556
0.731457
0.731432
0.731506
0.731444
0.731494
0.73137
0.731531
0.731469
0.731556
0.731444
0.731457
0.731482
0.731309
0.731543
0.73163
0.731444
0.731407
0.731358
0.731593
0.731358
0.731407
0.731519
0.731531
0.731444
0.731457
0.731519
0.731469
0.731494
0.731383
0.731494
0.731494
0.731457
0.731482
0.731519
0.731543
0.731321
0.731654
0.73137
0.731642
0.731457
0.731457
0.731543
0.731444
0.731395
0.731284
0.731358
0.731506
0.731432
0.731469
0.731469
0.731407
0.731407
0.731482
0.731346
0.731506
0.731494
0.731321
0.731469
0.731383
0.731494
0.731469
0.731494
0.731457
0.731531
0.731309
0.731556
0.731457
0.731506
0.731383
0.731432
0.73137
0.731457
0.731259
0.731333
0.731432
0.731457
0.731506
0.731494
0.731296
0.731395
0.731568
0.731642
0.731457
0.731617
0.731358
0.73163
0.731593
0.731605
0.731457
0.731531
0.731494
0.731457
0.731543
0.731506
0.731482
0.731469
0.731457
0.731321
0.731531
0.731494
0.731531
0.731605
0.731494
0.731642
0.73142
0.731691
0.731593
0.731395
0.731556
0.731309
0.731407
0.731346
0.731383
0.731333
0.731556
0.731494
0.731654
0.731346
0.731259
0.731593
0.731333
0.731247
0.731296
0.731482
0.731482
0.731383
0.731469
0.731358
0.731469
0.731432
0.731358
0.731617
0.731482
0.731482
0.731568
0.731432
0.731531
0.73158
0.73142
0.731531
0.731309
0.731543
0.731667
0.731593
0.732062
0.731346
0.731556
0.731605
0.731346
0.731444
0.73137
0.731654
0.731617
0.732235
0.731988
0.731938
0.73221
0.732198
0.73221
0.732
0.731926
0.732148
0.732049
0.732173
0.732198
0.732235
0.733407
0.732926
0.732407
0.732482
0.732099
0.732062
0.732123
0.732136
0.732037
0.732235
0.732296
0.732173
0.732235
0.732185
0.732037
0.73221
0.732185
0.732259
0.732321
0.732136
0.732173
0.732222
0.732259
0.732161
0.732173
0.732259
0.732062
0.732309
0.732185
0.732259
0.732235
0.732222
0.732185
0.732346
0.732235
0.731988
0.732247
0.732062
0.732099
0.731963
0.732198
0.732173
0.732062
0.73221
0.732074
0.732123
0.732037
0.732049
0.732284
0.732321
0.732148
0.732136
0.732222
0.73221
0.732309
0.732235
0.732074
0.732062
0.731975
0.732383
0.731963
0.732037
0.732
0.732247
0.732222
0.732173
0.732148
0.732309
0.732198
0.732259
0.732346
0.732235
0.732123
0.732284
0.732284
0.732111
0.732161
0.73221
0.732062
0.732247
0.732247
0.732099
0.732222
0.732296
0.732136
0.732272
0.732272
0.732247
0.732284
0.732296
0.732185
0.732272
0.732136
0.732259
0.732247
0.732407
0.732222
0.732346
0.73221
0.732346
0.732136
0.732222
0.73221
0.732296
0.732272
0.732346
0.732086
0.732296
0.732259
0.732259
0.732247
0.732309
0.732272
0.732173
0.732037
0.732272
0.732099
0.732161
0.732321
0.732111
0.732222
0.732272
0.732185
0.732086
0.732062
0.732161
0.732222
0.732259
0.732086
0.732247
0.73242
0.732321
0.732185
0.732222
0.732296
0.732284
0.73221
0.732173
0.732185
0.732074
0.732012
0.732272
0.732272
0.732222
0.732086
0.732062
0.732161
0.732049
0.732062
0.73221
0.732247
0.732
0.732111
0.732173
0.731975
0.732161
0.732247
0.732111
0.732235
0.732444
0.732284
0.732123
0.73242
0.732259
0.73221
0.732148
0.732296
0.732235
0.732383
0.732173
0.732198
0.732235
0.732222
0.732185
0.732247
0.732123
0.732222
0.732309
0.732136
0.732272
0.732296
0.732136
0.732235
0.732284
0.732161
0.732407
0.732222
0.732161
0.732333
0.732296
0.732161
0.732025
0.732247
0.732235
0.732272
0.732407
0.732358
0.732161
0.732136
0.732185
0.732136
0.732099
0.732074
0.732185
0.732161
0.732222
0.732173
0.732284
0.731963
0.732111
0.732099
0.732259
0.731963
0.732346
0.732185
0.731988
0.732161
0.732198
0.732086
0.732346
0.731938
0.732148
0.732062
0.732185
0.732136
0.732247
0.732099
0.73221
0.732136
0.732025
0.732086
0.732161
0.732321
0.732346
0.732235
0.732235
0.73221
0.732235
0.732136
0.732185
0.73221
0.73242
0.732025
0.732185
0.732123
0.732049
0.732284
0.732321
0.732148
0.732037
0.732062
0.732099
0.732173
0.732148
0.732247
0.732136
0.732185
0.732123
0.732346
0.732148
0.732309
0.732333
0.732086
0.732235
0.732198
0.732309
0.732309
0.732259
0.732136
0.732198
0.732358
0.731963
0.732321
0.732198
0.732086
0.732259
0.732062
0.732148
0.732049
0.732099
0.732111
0.732198
0.732272
0.732296
0.732136
0.732272
0.732235
0.731926
0.732049
0.732049
0.732148
0.732037
0.732173
0.732025
0.732198
0.732284
0.732346
0.732259
0.732284
0.732074
0.732025
0.732086
0.732185
0.732198
0.732222
0.73221
0.732012
0.732074
0.73221
0.731988
0.732025
0.732086
0.732185
0.732025
0.732062
0.732284
0.731975
0.732086
0.732099
0.732185
0.732247
0.732185
0.732062
0.732235
0.732074
0.732062
0.732111
0.732148
0.732222
0.732025
0.732148
0.732247
0.732161
0.732185
0.732309
0.732111
0.732099
0.732136
0.731975
0.731877
0.731741
0.731407
0.731716
0.731482
0.731617
0.73158
0.731321
0.731469
0.731568
0.731321
0.731457
0.731704
