-0.34507
-0.34485
-0.337813
-0.33817
-0.338554
-0.335839
-0.3365
-0.335217
-0.335331
-0.335729
-0.333063
-0.329083
-0.325136
-0.324211
-0.324416
-0.324967
-0.32488
-0.325081
-0.325203
-0.325241
-0.324861
-0.324519
-0.324542
-0.324067
-0.327398
-0.326811
-0.326734
-0.325407
-0.326064
-0.325688
-0.338459
-0.338477
-0.339226
-0.339766
-0.340227
-0.340549
-0.340598
-0.34076
-0.340762
-0.340681
-0.339861
-0.339725
-0.338976
-0.339295
-0.338999
-0.338989
-0.338519
-0.33951
-0.34054
-0.340028
-0.339832
-0.340145
-0.340704
-0.34017
-0.339848
-0.339403
-0.339551
-0.335831
-0.336042
-0.336004
-0.336236
-0.336544
-0.336083
-0.336173
-0.336754
-0.334105
-0.334169
-0.331759
-0.332943
-0.332904
-0.333205
-0.333345
-0.328345
-0.320739
-0.321361
-0.321535
-0.32051
-0.321609
-0.322045
-0.322199
-0.311822
-0.313309
-0.31605
-0.318511
-0.318994
-0.319802
-0.319933
-0.325955
-0.326636
-0.327853
-0.317759
-0.319091
-0.320201
-0.31937
-0.316434
-0.318253
-0.319863
-0.337564
-0.335808
-0.322601
-0.32487
-0.32524
-0.326607
-0.330324
-0.326006
-0.331415
-0.3292
-0.313669
-0.31422
-0.314505
-0.313209
-0.314106
-0.316541
-0.318005
-0.321737
-0.321959
-0.318157
-0.313029
-0.314356
-0.313864
-0.314212
-0.315943
-0.314086
-0.317093
-0.328419
-0.327384
-0.308571
-0.31243
-0.31566
-0.316706
-0.320418
-0.317634
-0.319234
-0.312669
-0.305759
-0.309912
-0.2711
-0.275875
-0.279682
-0.281248
-0.289919
-0.28762
-0.286949
-0.26469
-0.250111
-0.248701
-0.256101
-0.254697
-0.179983
-0.180296
-0.192779
-0.19202
-0.192267
-0.184938
-0.18003
-0.200821
-0.198218
-0.206066
-0.202694
-0.197138
-0.244457
-0.227437
0
-0.203053
-0.171067
-0.180061
-0.152772
