-0.0576571
-0.0582767
-0.0586176
-0.0561018
-0.0531649
-0.0540845
-0.0560914
-0.0579798
-0.0580243
-0.0594084
-0.0612809
-0.063012
-0.0645868
-0.0659889
-0.064133
-0.0633879
-0.0656408
-0.0639757
-0.0558009
-0.0854269
-0.0868277
-0.0880203
-0.0881084
-0.089666
-0.0867676
-0.0879417
-0.0898023
-0.0906114
-0.0840945
-0.0849572
-0.0361015
-0.0254054
-0.0269778
-0.027437
-0.0285957
-0.0285263
-0.026258
-0.0256635
-0.0235094
-0.0241062
-0.0252961
-0.0281344
-0.0303293
-0.0316231
-0.0346814
-0.0347086
-0.0377425
-0.0406743
-0.0434926
-0.0435237
-0.0463101
-0.0489571
-0.0514479
-0.0537631
-0.0558805
-0.0577748
-0.0605739
-0.0619594
-0.063488
-0.0646916
-0.0578195
-0.0586652
-0.0606463
-0.0607377
-0.0620582
-0.0629576
-0.0488654
-0.0644492
-0.065505
-0.0659036
-0.0602768
-0.0636057
-0.102956
-0.110534
-0.106155
-0.0796695
-0.082956
-0.0855287
-0.0882057
-0.0869107
-0.100154
-0.100628
-0.088552
-0.0873758
-0.0909773
-0.0858967
-0.0673144
-0.0430384
-0.045633
-0.0470752
-0.0477054
-0.0475859
-0.0506865
-0.0524806
-0.0548174
-0.0561215
-0.0593566
-0.06216
-0.0761224
-0.0808855
-0.0854878
-0.0894998
-0.0995374
-0.0952398
-0.0984037
-0.0985328
-0.132232
-0.145373
-0.150902
-0.140171
-0.145254
-0.134193
-0.141618
-0.145454
-0.150693
-0.149598
-0.15386
-0.163228
-0.187847
-0.190094
-0.172432
-0.194664
-0.197666
-0.197545
-0.170568
-0.177155
-0.179521
-0.167101
-0.164381
-0.187081
-0.194297
-0.19655
-0.202741
-0.21062
-0.211508
-0.216766
-0.220094
-0.168367
-0.165844
-0.182635
-0.192003
-0.194695
-0.204097
-0.212843
-0.225696
-0.23438
-0.188121
-0.197866
-0.202761
-0.210572
-0.115965
-0.122059
-0.135264
-0.139919
-0.284389
-0.196894
-0.20237
-0.19475
-0.207818
-0.215789
-0.156847
-0.159033
-0.234875
-0.157544
-0.210619
-0.155416
-0.192487
