0.0238175
0.0167618
0.0220535
0.0335489
0.0323437
0.032637
-0.0202804
-0.000877336
-0.0349237
-0.0350746
-0.0352317
-0.0354836
-0.0357918
-0.0360457
-0.0361556
-0.0362751
-0.00969691
-0.00793299
-0.00616907
-0.00440516
-0.00264125
-0.0348233
0.000886584
0.00265049
0.0116723
0.013234
0.0149979
0.0167411
0.0044144
0.00617832
0.00794224
0.00970615
0.0114701
0.0167618
-0.0353042
-0.03445
-0.0343917
-0.0336649
-0.0326278
-0.0323193
-0.0308639
-0.0302161
-0.0291
-0.027336
-0.0255721
-0.0349986
-0.0352522
-0.0353801
-0.0350827
-0.0349409
-0.0348439
-0.0348317
-0.0250583
-0.0238082
-0.0220443
-0.0185165
-0.0152099
-0.0149886
-0.0167526
-0.0132247
-0.0114608
0.0352564
0.0331967
0.0333471
0.0335686
0.0337931
0.0339699
0.0342009
0.0344009
0.0345182
0.0348211
0.035027
0.0351879
0.0352598
0.0352124
0.0350881
0.034314
0.0344009
0.0348035
0.0236743
0.0238175
0.0255814
0.0273453
0.0303637
0.0308731
0.0291092
0.0185257
0.0202896
0.0114701
-0.0343917
-0.0361556
0.00970615
0.0167618
0.0185257
0.0333913
0.0236791
0.00265049
0.000886582
0.0238175
-0.0299941
-0.0308639
-0.0320828
-0.0334487
-0.0343917
-0.0348252
-0.0349458
0.0220535
-0.0326278
-0.0342567
0.0321865
0.00617832
0.0044144
0.032637
-0.0255721
-0.027336
0.0180987
-0.0291
-0.0346949
-0.0347383
0.0114701
0.0344009
0.0341847
0.0302462
0.0308731
0.0291092
-0.0360576
-0.0353686
-0.0358518
0.0349563
0.0202896
0.013234
0.0351404
-0.0356299
-0.0347666
-0.0350276
0.0149979
0.0167618
-0.0351749
-0.0351371
-0.00264125
-0.000877338
0.0337474
0.00922064
0.00970615
-0.00969691
-0.00793299
-0.00616907
-0.00440516
0.0331602
0.0332927
0.03351
0.0255814
0.0273453
0.0339227
0.0341794
0.0344009
0.0344618
0.0347245
0.0346691
-0.0185165
-0.0202804
0.0352035
-0.0220443
-0.0238082
-0.0252258
0.0351931
0.00794224
-0.0167526
-0.0149886
-0.0153706
-0.0346835
-0.0347907
-0.0132247
-0.0350014
-0.0114608
-0.0351544
0.0349785
0.0351116
-0.0291
0.0330786
-0.0364745
-0.0366307
0.0330941
0.0330981
0.032637
0.013234
-0.0185165
0.0325046
0.0329681
0.0329997
0.0321328
-0.00440516
-0.0220443
0.0273453
-0.00969691
-0.00793299
-0.00616908
0.0328699
0.0329889
0.0255814
0.0265732
-0.0361556
0.0329281
-0.0252796
-0.0238082
0.032637
0.0327762
-0.0355537
-0.0235201
-0.0202804
-0.0212955
-0.0185165
-0.0186711
-0.0114608
-0.0146457
-0.00264125
-0.000877336
0.013234
0.0268498
0.0273453
0.0288259
0.031787
0.0291092
0.0301925
0.0330424
0.0330786
-0.0367493
0.0330904
0.0331032
0.0310981
0.0330941
0.0330981
0.032637
0.013234
0.0329681
0.0329997
0.0321328
-0.00440516
-0.0220443
-0.00793299
-0.00616908
0.0328699
0.0329889
0.0255814
0.0331051
0.032637
0.0327762
-0.0114608
0.0149979
0.0238175
0.00617832
-0.035865
0.0291092
0.0329378
-0.0202804
0.0316918
0.0310026
0.0220535
0.0329385
-0.036249
0.0329311
-0.0167526
-0.0184366
0.0329497
-0.0343917
-0.0272634
-0.0255721
-0.0288653
-0.0308639
-0.0330181
-0.0326278
0.031787
-0.0366307
0.0330981
0.032637
-0.00969691
0.0331051
0.032637
0.0327762
-0.0270679
-0.0339317
-0.0326278
-0.0328773
0.0238175
0.0044144
0.0329413
-0.0364627
0.032944
-0.03656
0.0286024
0.0291092
0.0329378
-0.0202804
0.0316918
0.0202896
0.0185257
0.0310026
-0.0362016
-0.0149886
0.0220535
0.0329385
-0.036249
-0.0184366
0.032944
-0.03656
0.0286024
0.0291092
0.0329378
-0.0202804
0.0316918
0.0202896
0.0185257
0.0310026
0.0329413
-0.03656
0.0286024
0.0291092
0.0329378
-0.0202804
0.0316918
0.0202896
0.0185257
0.0310026
-0.0362016
-0.0149886
0.0220535
0.0329385
-0.036249
0.0329311
-0.0167526
-0.0184366
-0.0361556
-0.027336
-0.0303436
-0.0330181
-0.0326278
0.031787
-0.00440516
0.0329385
-0.036249
-0.0366307
-0.036249
-0.00440516
-0.036249
