0
2.83883e-07
8.6066e-08
-1.012e-07
-1.7466e-07
1.01349e-07
5.89261e-08
-1.16207e-07
-7.93179e-08
4.36449e-08
-2.08947e-08
-3.54986e-08
3.88275e-08
5.782e-08
-4.57445e-08
5.63846e-08
-6.9436e-08
5.80345e-09
-3.68022e-08
5.8143e-08
-3.51143e-08
-2.95627e-08
3.9054e-08
-1.98511e-08
-2.6066e-08
3.18557e-08
1.35555e-08
7.55817e-09
-3.42995e-08
4.83496e-10
-8.27858e-09
-2.42858e-08
2.56243e-08
-2.19884e-08
-4.37096e-09
1.5921e-08
-1.26338e-08
2.92985e-09
-1.53182e-08
4.29203e-08
7.3949e-09
-2.82556e-08
8.18163e-08
-9.43539e-09
-5.76065e-08
2.02922e-08
-1.37074e-08
