0.040563
-0.00881804
0.0352722
0.0317449
-0.0352722
0.0141089
0.0282177
-0.0370358
-0.0387994
-0.00705444
-0.0211633
0.040563
-0.00529082
0.0211633
0.0176361
0.0229269
-0.0176361
0.0370358
-0.040563
-0.0335085
0.00529082
0.040563
-0.040891
-0.0410845
0.0193997
0.0158725
0.0176361
0.0168941
-0.0407136
0.0246905
0.0229269
0.0227325
0.0264541
0.0251899
0.0282177
0.0278704
0.0211633
-0.036528
-0.0282177
-0.0295109
-0.0299813
-0.0310174
-0.0317449
-0.0323942
-0.0334479
-0.0335085
-0.0347767
-0.0352722
-0.0359545
0.0207211
-0.0370358
-0.0376648
-0.0385066
-0.0387994
-0.0388485
-0.0389326
-0.0388656
-0.0394239
-0.0404382
-0.040563
0
0.0123453
0.0105816
0.00881804
0.0141089
0.0125774
0.00705443
0.00529082
0.00513452
0.00352722
0.0017636
-0.00881804
-0.00705443
0.0347153
0.0352721
0.0373426
0.036824
0.0370358
0.0358758
0.0337009
0.0326247
0.0335086
0.0411438
0.0309655
0.0317449
0.0394331
0.0410351
0.0405211
0.040563
0.0401869
0.0401275
0.0399062
0.0385206
0.0387994
0.0377071
-0.0105817
-0.0141089
-0.0158725
-0.00529082
-0.00390623
-0.00352721
-0.0017636
-0.0172024
-0.0176361
-0.0211633
-0.0193997
-0.0108771
-0.0229269
-0.0271418
-0.0232965
-0.0264541
-0.0246905
-0.0254886
-0.0204465
0.0293857
-0.0123453
0.0299813
-0.0387994
0.0123453
-0.040563
-0.00352722
-0.040563
0.0335086
0.00352722
0.0017636
-0.0229269
0.0370358
-0.0387994
-0.040563
0.0246905
-0.0158725
-0.0105816
-0.0352722
0.0105816
0.0352722
-0.0370358
-0.0317449
0.0193997
0.0158725
0.040563
-0.0246905
-0.0141089
-0.0387994
-0.0264541
-0.0193997
