0.00705444
0.040563
0.0211633
0.0264541
0.0211633
0.0387994
0.0299813
0.0176361
0.0141089
0.040563
0.0352721
0.00529082
0.040563
0.0352722
0.0370358
0.0335086
0.0370358
0.0176361
0.00529082
0.0229269
0.040563
0.00352722
0.0017636
0
0.0360788
0.0377708
0.03664
0.0370358
0.00352721
0.0321683
0.0333438
0.0335086
0.0308862
0.0317449
0.0296892
0.0299813
0.0349673
0.0176361
0.0291989
0.0282177
0.027722
0.0264541
0.0255004
0.0246905
0.0229269
0.0228463
0.0211633
0.0204208
0.0193997
0.0352721
0.0166656
0.0158725
0.0141089
0.0127323
0.0123453
0.0105817
0.00881804
0.00705443
0.00529082
0.0048016
0.0411383
0.0388495
0.0391788
0.0392544
0.038472
0.0387994
0.0396879
0.0405131
0.040563
0.0408442
0.0409173
0.0401519
0.0402551
0.0211633
0.0203171
0.0158725
0.0176361
0.0171083
0.0193997
0.0229269
0.0246905
0.0232561
0
0.0264541
0.0257921
0.0105816
0.00176361
0.00352722
0.00341895
0.00529082
0.00705444
0.00881804
0.0123453
0.0118863
0.0141089
0.0391769
0.037664
0.0375038
0.040259
0.040563
0.0407039
0.0411514
0.0370358
0.0368393
0.0348797
0.0358952
0.0387994
0.0338141
0.0299813
0.0335086
0.030741
0.0323731
0.0317449
0.0352722
0.0282177
0.0376667
0.0273403
0.0123453
0.0387994
0.00352722
0.040563
0.0017636
0.0229269
0.040563
0.040563
0.0335086
0.0158725
0.0105816
0
0.0317449
0.0370358
0.0387994
0.0193997
0.0387994
0.0193997
0.0158725
0.0246905
0.0352722
0.0370358
0.0017636
0.0317449
0.0370358
0.00881804
0.0299813
0.0352722
