2.06792
2.0672
2.06858
2.06389
2.06745
2.06921
2.06823
2.06322
2.0633
2.06831
2.06688
2.06502
2.06691
2.06476
2.06807
2.06654
2.0656
2.06411
2.06656
2.06597
2.06519
2.06836
2.06497
2.06136
2.06519
2.0657
2.06746
2.06905
2.06517
2.06624
2.06802
2.06542
2.0674
2.06476
2.06643
2.06889
2.06857
2.06808
2.06737
2.06875
2.06449
2.06635
2.06737
2.06463
2.06838
2.06863
2.06752
2.06663
2.06763
2.06747
2.06604
2.0669
2.06654
2.06924
2.06919
2.0671
2.06712
2.06327
2.06472
2.06785
2.0685
2.07081
2.06845
2.06707
2.06818
2.06692
2.06616
2.06716
2.06607
2.06617
2.06788
2.06617
2.0685
2.0691
2.06658
2.06766
2.06987
2.06928
2.0666
2.07018
2.06559
2.06684
2.06664
2.0675
2.06407
2.06911
2.06709
2.06829
2.06877
2.0667
2.06675
2.06658
2.06903
2.06797
2.06954
2.06597
2.0669
2.06714
2.06807
2.0697
2.06582
2.0664
2.06802
2.06433
2.06484
2.06244
2.06702
2.06501
2.06447
2.07101
2.06775
2.06715
2.06665
2.066
2.06672
2.06688
2.07152
2.06434
2.06703
2.06661
2.06905
2.06663
2.06565
2.06803
2.06466
2.06441
2.06653
2.0685
2.06615
2.06812
2.06615
2.06653
2.06418
2.06874
2.06575
2.06608
2.06711
2.06985
2.06628
2.06635
2.06788
2.06691
2.06838
2.06696
2.06531
2.0698
2.06503
2.06669
2.06496
2.06714
2.06684
2.06489
2.06423
2.06621
2.06787
2.06415
2.06786
2.06505
2.06879
2.06521
2.06964
2.06565
2.06648
2.06908
2.06892
2.0671
2.0644
2.06716
2.06722
2.06983
2.06915
2.0679
2.06973
2.06878
2.06538
2.06778
2.06568
2.06469
2.06861
2.06778
2.06513
2.06394
2.06682
2.06918
2.06624
2.06581
2.06558
2.06781
2.06489
2.06845
2.06542
2.06723
2.06894
2.06772
2.06765
2.06743
2.06859
2.06875
2.06605
2.06623
2.06397
2.06961
2.06709
2.06824
2.06675
2.06745
2.06617
2.06432
2.06581
2.06824
2.06586
2.06687
2.06922
2.0692
