-0.0318278
-0.0329175
-0.0320754
-0.0331761
-0.0327537
-0.0306978
-0.0327771
-0.0316902
-0.0322267
-0.0325623
-0.031556
-0.0317147
-0.0308769
-0.0329591
-0.0345877
-0.0314847
-0.0316835
-0.0343622
-0.032694
-0.0330335
-0.032659
-0.0335294
-0.0336111
-0.0317959
-0.0332149
-0.0342713
-0.0315106
-0.0303534
-0.0316872
-0.0365266
-0.0329741
-0.0343021
-0.0341247
-0.0360711
-0.0317067
-0.0308084
-0.0327223
-0.0344824
-0.0319055
-0.0341735
-0.0334882
-0.0327113
-0.032286
-0.040645
-0.0342116
-0.0362888
-0.0323981
-0.0330287
-0.033547
-0.0324242
-0.0320947
-0.0338495
-0.0341341
-0.0325383
-0.0309657
-0.0342508
-0.0328312
-0.0325949
-0.0307087
-0.0322691
-0.0348446
-0.0308311
-0.0341079
-0.0346836
-0.0321327
-0.0322286
-0.0342476
-0.0338449
-0.0327384
-0.0320317
-0.034097
-0.0347765
-0.031364
-0.0311389
-0.0346154
-0.0331006
-0.0328292
-0.0319134
-0.0336803
-0.0354612
-0.033323
-0.0309488
-0.0425208
-0.0341203
-0.0424155
-0.03569
-0.0446734
-0.0418933
-0.031042
-0.0420782
-0.0425983
-0.0321549
-0.0309273
-0.0320263
-0.0337015
-0.0315996
-0.0343306
-0.03366
-0.0325639
-0.0337326
-0.0314933
-0.0323204
-0.0300671
-0.0340394
-0.0289464
-0.0343382
-0.0330664
-0.0321007
-0.0314379
-0.0354473
-0.0323628
-0.0320611
-0.0358807
-0.0314699
-0.0338382
-0.0329428
-0.0346909
-0.0344659
-0.0313427
-0.0327724
-0.0318489
-0.0330287
-0.032813
-0.0336503
-0.0327334
-0.0329967
-0.0331184
-0.0318695
-0.0336158
-0.0343311
-0.0342771
-0.0308613
-0.0332284
-0.033163
-0.0318306
-0.0340408
-0.0341629
-0.0352077
-0.0332833
-0.0326063
-0.0328583
-0.0356659
-0.0324521
-0.0359201
-0.0310728
-0.030784
-0.0322994
-0.0341475
-0.0330705
-0.0325652
-0.0313338
-0.0334787
-0.0341831
-0.0340011
-0.0351978
-0.0321507
-0.0358434
-0.0342754
-0.0339254
-0.0314983
-0.0321891
-0.0329557
-0.0324653
-0.0326616
-0.0318447
-0.0323623
-0.0340121
-0.0355571
-0.0327279
-0.0332946
-0.0328857
-0.0330606
-0.0349697
-0.015752
-0.0342967
-0.0337609
-0.0329605
-0.0348015
-0.0333493
-0.031264
-0.0338774
-0.0332045
-0.0322732
-0.0322729
-0.0316498
-0.0313013
-0.0327663
-0.0322264
-0.0337362
-0.0344044
-0.0327889
-0.0328045
-0.0338545
-0.0340077
-0.0335437
-0.0313058
-0.030738
-0.0298349
-0.0351277
-0.0336337
-0.0337283
-0.0335377
-0.0299322
-0.0293842
-0.0310544
-0.0327572
-0.0343257
-0.0428335
-0.0315752
-0.0333594
-0.0334252
-0.0319184
-0.0318589
-0.0332298
