0
1.11664e-05
2.12684e-06
2.0028e-07
1.12943e-07
8.55606e-08
7.87781e-08
3.17131e-08
6.53508e-08
3.82489e-08
1.21402e-08
2.40787e-08
2.95103e-08
1.36642e-08
3.15111e-08
2.78278e-08
2.04483e-08
1.11206e-08
3.03447e-08
4.87291e-08
1.97633e-08
5.32291e-08
3.41381e-08
2.67327e-08
1.28814e-08
2.66431e-08
1.99695e-08
6.95271e-09
2.03736e-08
2.55385e-08
1.46167e-08
3.24898e-08
2.37146e-08
2.68357e-08
1.69981e-08
2.48026e-08
2.12239e-08
8.08372e-09
1.5737e-08
2.78609e-08
8.58703e-07
1.41237e-08
2.30391e-07
4.37385e-08
4.53821e-08
6.25124e-08
2.25095e-08
4.08848e-08
1.08198e-08
3.84616e-08
2.8318e-08
3.84045e-08
6.38726e-08
3.64775e-07
3.95601e-07
1.86715e-06
3.67072e-06
3.4353e-06
6.08042e-07
0
