0.0428143
0.0410575
0.0410575
0.0410575
0.0410575
-0.0116448
0.0410575
0.0410575
0.0410575
0.0410575
0.0428143
0.0410575
0.0147064
-0.0186717
0.0129496
0.0432131
0.0111929
0.00943616
-0.0169773
0.0375441
-0.016915
0.0393008
-0.0201668
0.0428143
0.0427675
0.0431426
-0.00813127
-0.00637453
0.040886
-0.0371803
0.0409622
-0.0373522
-0.0116448
0.0409086
0.0199766
0.0217334
0.0426036
0.0368142
0.0410575
0.0410528
-0.0011043
0.000652442
-0.000903726
0.00767942
0.0421386
0.00592268
0.00416593
-0.0110571
-0.00988802
0.0431462
0.00240918
0.0409344
0.0412275
-0.00286104
-0.0366699
0.042588
-0.00461779
0.0423731
0.0357873
0.0389694
-0.0369504
0.0430049
0.0413464
0.0415829
0.038031
0.0418675
0.042905
-0.0309689
-0.0344824
-0.0221852
-0.0226573
0.0287603
0.0270036
0.0410575
0.0260221
-0.0364781
0.0406628
-0.0342474
-0.032745
0.0414653
0.0252469
0.0234901
-0.0327257
-0.0327257
-0.0366532
-0.0366729
0.0270036
-0.0011043
0.0408658
-0.0274554
-0.0283007
-0.0367358
-0.0369186
0.0311656
-0.0371112
-0.037312
0.0322738
0.0164631
-0.0374938
0.0352761
0.0393008
-0.0367484
0.0409351
-0.0265646
0.0396682
-0.0256987
0.0409451
-0.03123
-0.0309689
0.0384986
0.039721
-0.0369381
-0.0370135
0.0287603
-0.0369791
0.0305171
-0.0369522
0.0182199
0.0357873
-0.0204285
-0.0368697
-0.0367067
0.0164631
-0.0298237
-0.0292122
-0.0325077
-0.0335717
-0.0362392
-0.0360575
-0.0353395
0.0217334
-0.00637453
-0.0375911
-0.037509
-0.0247193
-0.0115994
-0.00988802
0.0370643
0.0375441
0.0252469
0.0199766
0.0340306
0.0346874
0.00240918
0.00416592
0.0408681
-0.023942
-0.00813127
0.00592268
0.00767942
0.0234901
0.0408854
0.00943616
0.0111929
-0.00286104
-0.00461779
0.0408511
0.0129496
0.0147064
0.00065244
-0.0116448
-0.0344761
-0.0151583
0.0330167
0.0322738
0.0305171
0.0300833
-0.0375708
-0.023942
0.0182199
-0.0134015
-0.0376016
-0.016915
-0.0186717
-0.0344824
-0.0352386
-0.0204285
-0.0221852
-0.0375386
0.0340306
0.0428143
0.0420596
-0.0362392
-0.0363497
-0.0151583
-0.0358599
-0.0134015
0.0402457
0.0406805
0.0428143
0.0410575
-0.016915
0.0428143
-0.0327257
0.0410575
0.0428143
0.0428143
-0.0011043
0.0428143
0.0410575
0.0410575
0.0393008
0.0410575
0.0393008
0.0410575
-0.0011043
-0.00813127
-0.0223344
0.0217334
-0.00286105
-0.023942
-0.0244307
-0.0107998
-0.00988801
-0.00461779
-0.0116448
-0.00637453
0.00416593
0.0305171
-0.0151583
-0.0164651
-0.0197684
-0.016915
-0.0186717
0.0313625
0.0322738
0.00240918
0.0357873
0.00592268
0.00767942
0.00943616
0.0111929
0.0340306
0.0346924
0.0129496
0.0147064
-0.0134015
0.0383936
0.000652442
-0.0221852
-0.0204285
-0.0262811
0.0376152
0.0375441
-0.0256987
0.0365648
0.0390669
0.0287603
0.0270036
0.0262126
0.0252468
0.0393008
0.0234901
-0.0274554
-0.0280813
0.0419259
-0.0344824
0.0322738
0.0326825
-0.0352158
-0.035928
-0.0362392
0.039981
0.0399215
0.0399131
0.0398754
0.0412742
0.0417162
0.0305171
-0.0363813
-0.0366206
-0.0367546
-0.0368257
0.0421484
-0.036799
-0.0367491
-0.0366374
-0.0364923
-0.036457
-0.0365059
-0.0292122
-0.0134015
-0.0151582
-0.016915
-0.0186717
0.0348918
0.0357873
-0.0204285
-0.0221852
-0.023942
0.0380426
-0.0274554
-0.0366224
-0.0303239
0.0393008
-0.0309689
0.0391954
0.0400767
0.0410575
0.0407541
0.0296665
-0.0326091
-0.0327257
-0.0341378
-0.0371283
-0.0327257
-0.0351192
-0.0344824
-0.0357438
-0.0362741
-0.0362392
0.0415235
0.0412886
-0.0343805
-0.0366174
-0.0369025
-0.0334412
-0.0372731
0.0410575
-0.0374102
-0.0374597
-0.0374407
-0.0374681
0.0410193
0.040764
0.0366309
0.0375441
0.0199766
0.0397503
-0.0368122
-0.0370479
-0.0372504
-0.0373536
-0.0374223
0.0421712
0.0420973
0.0419685
0.0417427
0.0397988
0.0397319
0.0182199
0.0340306
0.0397768
0.0398668
0.040044
0.0402341
0.0405262
-0.0310708
-0.0309689
-0.0296521
-0.0292122
-0.0323668
0.0399466
0.0400229
0.00943616
0.0164631
0.0287603
0.0111929
0.0400633
0.0217334
0.0199766
-0.0265987
0.0129496
0.0270036
0.0182199
-0.00461779
-0.00286104
0.00240918
-0.00988802
0.0234901
0.000652442
0.0252469
-0.0011043
-0.0116448
-0.00637453
-0.00154451
-0.00813127
0.0164631
0.0147064
-0.0112454
0.00767942
0.00592268
0.0395685
0.00416593
