-0.0378407
-0.0387981
-0.0397101
-0.0405741
-0.0413876
-0.0416892
-0.042418
-0.043088
-0.0436959
-0.0438027
-0.0442672
-0.0445805
-0.0514688
-0.0528064
-0.0537205
-0.0542108
-0.0536681
-0.0514754
-0.0511077
-0.0494955
-0.0501723
-0.0489483
-0.0503321
-0.0510544
-0.0520223
-0.052469
-0.0360306
-0.034224
-0.0342962
-0.0357204
-0.0370436
-0.0382575
-0.0254061
-0.0254913
-0.0259575
-0.0241366
-0.0403073
-0.0414956
-0.0419113
-0.0427054
-0.0446401
-0.0452494
-0.047243
-0.0478308
-0.0484947
-0.0489596
-0.0486885
-0.0493154
-0.0483268
-0.049137
-0.0475439
-0.0481305
-0.0466409
-0.0452042
-0.0440275
-0.0430747
-0.0403519
-0.0385398
-0.0482055
-0.0491972
-0.067558
-0.0693245
-0.070784
-0.0707306
-0.0714509
-0.072297
-0.074045
-0.0697581
-0.070728
-0.0704746
-0.0723128
-0.0701496
-0.071038
-0.071982
-0.061914
-0.0601151
-0.0653464
-0.0667079
-0.0745324
-0.0824289
-0.0850917
-0.0928177
-0.081009
-0.080143
-0.0802101
-0.0795027
