-0.328726
-0.328449
-0.328089
-0.327903
-0.327407
-0.327055
-0.326761
-0.32648
-0.326269
-0.326231
-0.326022
-0.325917
-0.324532
-0.323931
-0.323532
-0.323714
-0.32386
-0.323968
-0.324035
-0.32406
-0.324312
-0.324433
-0.324671
-0.32429
-0.32367
-0.323965
-0.325046
-0.325362
-0.32448
-0.324538
-0.324758
-0.32862
-0.328791
-0.328892
-0.328671
-0.32873
-0.316856
-0.316855
-0.316626
-0.316991
-0.3152
-0.314978
-0.314888
-0.313812
-0.313509
-0.314127
-0.31413
-0.314032
-0.314388
-0.314766
-0.31509
-0.314879
-0.315175
-0.31541
-0.315581
-0.315683
-0.317549
-0.31756
-0.316745
-0.316295
-0.315954
-0.315474
-0.314921
-0.31515
-0.315467
-0.314805
-0.31492
-0.315182
-0.315508
-0.31577
-0.316039
-0.316265
-0.31642
-0.316497
-0.319287
-0.319616
-0.317296
-0.317501
-0.318393
-0.319327
-0.318821
-0.32359
-0.323856
-0.324019
-0.323228
-0.323326
