1.11664e-05
2.12684e-06
2.0028e-07
1.12943e-07
8.55606e-08
7.87781e-08
3.17131e-08
6.53508e-08
3.82489e-08
1.21402e-08
2.40787e-08
2.44061e-08
1.22914e-08
3.15111e-08
2.78278e-08
2.04483e-08
9.34103e-09
2.30516e-08
3.08543e-08
1.84077e-08
5.32291e-08
3.41381e-08
2.67327e-08
1.28814e-08
2.66431e-08
1.99695e-08
6.93674e-09
1.80935e-08
2.19435e-08
1.01976e-08
3.24898e-08
2.3008e-08
2.36957e-08
1.6643e-08
2.48026e-08
2.12239e-08
7.542e-09
1.32745e-08
2.03649e-08
2.86567e-08
1.41237e-08
2.30391e-07
2.68156e-08
4.53821e-08
6.25124e-08
2.25095e-08
2.56994e-08
1.03934e-08
3.84616e-08
2.8318e-08
9.96447e-09
2.74042e-08
1.37847e-07
3.09091e-07
9.85298e-07
3.3822e-06
3.4353e-06
6.08042e-07
