0.00511984
0.00687659
0.0344719
0.034332
0.0121468
0.0342941
0.034323
0.00734473
0.00687659
0.0139036
0.0361766
0.0358992
0.0368602
0.00511985
0.0350163
0.0348241
0.0349845
0.0343592
0.00160636
0.0344166
0.0345025
0.0367412
0.036501
0.0103901
0.0346623
0.0352636
0.0174171
0.0355617
0.0033631
0.00863334
0.0156603
0.0346748
0.0311447
0.0219341
0.0262008
0.0226873
0.031471
0.0332277
0.0209305
0.033248
0.0121468
0.0103901
0.0342745
0.00863334
0.00687659
0.00511985
0.0033631
0.0346257
0.00160636
0.0297143
0.0250894
0.024444
0.024444
0.0262008
0.0226873
0.0209305
0.0337623
0.0191738
0.0174171
0.0292852
0.0156603
0.0139036
0.0273124
0.0279575
0.0297143
0.0348898
0.0279575
0.0273644
0.0346298
0.0348258
0.037491
0.0348314
0.0375419
0.031471
0.0319746
0.0330039
0.0332277
0.0347349
0.0371804
0.0378375
0.037968
0.0379661
0.037801
0.0307187
0.0163824
0.0191738
0.0156603
0.00863334
0.0332277
0.0139036
0.0103901
0.0349845
0.0121468
0.0209305
0.024444
0.00160636
0.0156603
0.0309792
0.0317404
0.031471
0.0297143
0.0279575
0.0268933
0.0191738
0.0174171
0.0327741
0.0262008
0.024444
0.0226873
0.0209305
0.0139036
0.0191738
0.0174171
0.0156603
0.0139036
0.0121468
0.0103901
0.0356084
0.0372026
0.0375396
0.0378236
0.037941
0.0297143
0.0288921
0.0379345
0.0377589
0.0374194
0.0262008
0.0364286
0.00863333
0.0349845
0.0242295
0.0345723
0.024444
0.0226873
0.0198466
0.0209305
0.0332277
0.0332277
0.0331151
0.031471
0.00511984
0.0033631
0.00182531
0.00160636
0.0279575
0.0267923
0.00687659
0.00511985
0.0033631
0.00160636
0.0121468
0.0103901
0.00863334
0.00687659
0.0304497
0.0341403
0.0336081
0.0341117
0.034811
0.034761
0.0367412
0.034167
0.0341541
0.0346658
0.0354566
0.0351675
0.0345938
0.0364503
0.0347211
0.034732
0.034514
0.0349147
0.0368307
0.035771
0.0349845
0.0360939
0.0345168
0.0342893
0.0367412
0.0341915
0.0342935
0.0344439
-0.0212313
-0.0194746
-0.0124476
-0.0106908
-0.0142043
-0.0177178
-0.00893409
-0.00717735
-0.0379539
-0.0387987
-0.0310888
-0.000150383
-0.0356375
-0.0352852
-0.0397238
-0.0402772
-0.0405555
-0.0407612
-0.0411359
-0.0244356
-0.0159611
-0.0317718
-0.0326087
-0.0177178
-0.0265015
-0.000150383
-0.0164573
-0.00366387
-0.00190713
-0.030015
-0.000150383
-0.0412882
-0.0409929
-0.0352852
-0.0414381
-0.0405555
-0.0387987
-0.0388251
-0.0310888
-0.030015
-0.0159611
-0.0317718
-0.0326087
-0.0177178
-0.0265015
-0.0268442
-0.030015
-0.0413946
-0.0415442
-0.041469
-0.0247448
-0.0414108
-0.0414575
-0.0414005
-0.0405432
-0.000150383
-0.0164573
-0.037042
-0.0124476
-0.00366387
-0.0335285
-0.030015
-0.0159611
-0.0317718
-0.0326087
-0.0177178
-0.0413193
-0.0413291
-0.0413292
-0.0194746
-0.0413798
-0.0413946
-0.0415442
-0.000150383
-0.0164573
-0.00542061
-0.0387987
-0.00366387
-0.00190713
-0.030015
-0.000150383
-0.0412882
-0.0409929
-0.0352852
-0.0414381
