2.06995
2.07006
2.0674
2.06453
2.07151
2.06773
2.07071
2.07028
2.06937
2.06949
2.06934
2.06957
2.07063
2.07078
2.06767
2.06712
2.06827
2.0714
2.06778
2.06586
2.06639
2.06674
2.06627
2.06504
2.06611
2.06686
2.06667
2.06618
2.06755
2.06969
2.06151
2.06823
2.06626
2.06927
2.06386
2.065
2.0666
2.06717
2.06785
2.06348
2.06878
2.06864
2.07013
2.06817
2.06821
2.06922
2.06725
2.0686
2.06963
2.06842
2.06726
2.06444
2.06594
2.0655
2.06727
2.06892
2.06813
2.06876
2.07069
2.06655
2.06868
2.06509
2.07117
2.06794
2.06583
2.06244
2.07103
2.06694
2.06809
2.06566
2.06935
2.06681
2.07381
2.06677
2.07122
2.06886
2.06689
2.0682
2.06846
2.06648
2.06829
2.06495
2.06561
2.06852
2.0651
2.07087
2.06777
2.06785
2.06427
2.06625
2.06973
2.0684
2.06994
2.06589
2.06527
2.07009
2.06873
2.06669
2.0686
2.06525
2.06942
2.06686
2.06862
2.06985
2.06865
2.06625
2.06733
2.06887
2.06784
2.06654
2.07086
2.06687
2.06587
2.06715
2.06778
2.0706
2.06726
2.07092
2.06862
2.06525
2.06853
2.06858
2.06508
2.06972
2.07116
2.06515
2.06931
2.06612
2.0673
2.06634
2.07021
2.07059
2.06892
2.07072
2.06588
2.06424
2.06465
2.06441
2.0622
2.0671
2.06424
2.06705
2.06477
2.06477
2.06894
2.06695
2.06997
2.0652
2.0613
2.06691
2.06548
2.06454
2.0663
2.06719
2.06442
2.06859
2.06688
2.06799
2.0718
2.06825
2.06981
2.06605
2.06692
2.07269
2.0715
2.06591
2.06361
2.0692
2.07021
2.06607
2.07023
2.06785
2.06694
2.06614
2.06734
2.0651
2.06613
2.06533
2.06716
2.06692
2.06655
2.06385
2.06724
2.06915
2.06589
2.0704
2.06987
2.06681
2.06598
2.0662
2.06388
2.07068
2.07015
2.06659
2.06703
2.07004
2.06861
2.06881
2.06862
2.07139
2.06829
2.06998
2.07016
2.06949
2.07079
2.06928
2.06584
2.06545
2.07145
2.06834
2.06828
2.06492
2.06847
2.06564
2.06865
2.0686
2.06936
2.06463
2.06845
2.06756
2.06711
2.06603
2.0656
2.06554
2.06366
2.06858
2.06965
2.06344
2.06776
2.06679
2.06789
2.06453
2.07297
2.06561
2.0717
2.06722
2.0664
2.06748
2.06992
2.06983
2.06931
2.06554
2.07059
2.06715
2.06946
2.06747
2.06853
2.06761
2.07075
2.06997
2.06765
2.06612
2.07096
2.071
2.06722
2.07047
2.06485
2.06842
2.06535
2.07084
2.07071
2.06647
2.06946
2.06573
2.06662
2.07141
2.06752
2.0722
2.06537
2.07029
2.06771
2.06621
2.071
2.0642
2.06845
2.06787
2.07066
2.0624
2.06838
2.06662
2.0687
2.06778
2.06645
2.06591
2.06622
2.07035
2.06931
2.06653
2.0673
2.07211
2.06688
2.07021
2.06895
2.06586
2.06908
2.06709
2.06747
2.06545
2.06686
2.069
2.06499
2.06955
2.06762
2.06703
2.07053
2.07047
2.06866
2.06867
2.06769
2.06815
2.06608
2.06588
2.06607
2.0675
2.06725
2.06414
2.06544
2.06922
2.06693
2.06747
2.06609
2.06563
2.06699
2.06436
2.06923
2.06607
2.06653
2.06841
2.0655
2.06983
2.06664
2.06805
2.06755
2.06682
2.06671
2.07099
2.06471
2.07197
2.06493
2.06576
2.07045
2.06683
2.06839
2.06417
2.06597
2.06843
2.06763
2.06463
2.06578
2.06832
2.06442
2.06736
2.06625
2.06844
2.06749
2.0678
2.0624
2.0632
2.06757
2.06675
2.06622
2.06872
2.06421
2.06725
2.06782
2.06875
2.06852
2.06212
2.06329
2.06693
2.06705
2.06836
2.06524
2.06553
2.0626
2.06361
2.06716
2.06693
2.06631
2.06685
2.06831
2.07145
2.06148
2.06616
2.06266
2.06473
2.06551
2.06938
2.06765
2.06918
2.06472
2.06585
2.06557
2.0658
2.06934
2.06961
2.06761
2.06665
2.06501
2.06969
2.06738
2.06837
2.06612
2.06167
2.06628
2.06697
2.06512
2.0686
2.06844
2.0675
2.06725
2.06823
2.06541
2.06754
2.0694
2.0623
2.06482
2.06611
2.0677
2.06704
2.068
2.06729
2.06601
2.06887
2.06897
2.068
2.06503
2.06782
2.06536
2.06367
2.06604
2.066
2.06453
2.06163
2.06528
2.06575
2.06751
2.06496
2.06697
2.06769
2.06615
2.06836
2.06542
2.06381
2.06554
2.06482
2.06378
2.06412
2.06537
2.06523
2.06731
2.06448
2.06779
2.06968
2.06676
2.06722
2.06601
2.06736
2.0656
2.0671
2.06261
2.0655
2.06797
2.06036
2.06197
2.06419
2.06518
2.06468
2.06564
2.06425
2.06333
2.06784
2.07209
2.06686
2.06413
2.06478
2.06575
2.06516
2.06683
2.06101
2.06747
2.06665
2.06606
2.06381
2.07029
2.06338
2.06433
2.06814
2.06525
2.06426
2.0648
2.06507
2.0671
2.06793
2.06833
2.06325
2.06764
2.0669
2.06532
2.06434
2.06711
