0.202508
0.202528
0.202502
0.202436
0.202565
0.202529
0.202501
0.20254
0.202522
0.202527
0.202487
0.202526
0.202556
0.202536
0.202482
0.202509
0.202522
0.202537
0.202503
0.202512
0.202526
0.202489
0.202526
0.202552
0.202493
0.202514
0.202562
0.202525
0.202543
0.202499
0.202511
0.202465
0.202555
0.202545
0.20251
0.202529
0.202505
0.202492
0.202549
0.202507
0.202534
0.202501
0.20257
0.202486
0.202477
0.202509
0.202564
0.202547
0.202478
0.202548
0.202501
0.202549
0.202479
0.202544
0.20252
0.202529
0.202527
0.202511
0.202466
0.20252
0.202527
0.202516
0.202564
0.202528
0.202497
0.202509
0.202477
0.202529
0.202471
0.202489
0.202508
0.202518
0.202462
0.202507
0.202476
0.202508
0.202494
0.202539
0.202546
0.202499
0.202484
0.20249
0.202509
0.202533
0.202457
0.202511
0.202488
0.202519
0.202504
0.202515
0.202502
0.202513
0.202543
0.202617
0.202549
0.202621
0.202649
0.202641
0.202582
0.202603
0.202555
0.202598
0.202632
0.202632
0.202617
0.202638
0.202617
0.202602
0.202537
0.202593
0.202536
0.202644
0.202617
0.202621
0.202598
0.202661
0.202595
0.202566
0.20257
0.202634
0.202649
0.202639
0.202592
0.202602
0.202618
0.202607
0.202612
0.202636
0.202623
0.202629
0.202595
0.202646
0.202633
0.202591
0.202622
0.202608
0.202615
0.202595
0.202641
0.202619
0.202614
0.202614
0.202611
0.202598
0.202576
0.20262
0.202592
0.202599
0.202639
0.202605
0.202565
0.202558
0.202581
0.202543
0.202563
0.202604
0.202582
0.202598
0.202937
0.20262
0.20257
0.202545
0.202668
0.202614
0.202565
0.20265
0.202555
0.202592
0.202614
0.202591
0.202567
0.202582
0.202505
0.202551
0.202573
0.202514
0.202543
0.202563
0.202499
0.202558
0.202543
0.202535
0.202572
0.202523
0.202595
0.202593
0.202546
0.202564
0.20257
0.202618
0.202587
0.202608
0.202593
0.202545
0.202601
0.202604
0.202603
0.202552
0.202629
0.202602
0.202561
0.202537
0.202576
0.202559
0.202599
0.202862
0.202537
0.202539
0.20258
0.202591
0.202615
0.202585
0.202622
0.202577
0.202588
0.202594
0.202585
0.202594
0.202595
0.202595
0.202639
0.202569
0.202622
0.202613
0.202593
0.202611
0.20259
0.202614
0.202623
0.202556
0.202585
0.202612
0.202604
0.202625
0.202906
0.202558
0.20256
0.202622
0.202621
0.202624
0.202623
0.202611
0.202589
0.202618
0.202592
0.202594
0.202594
0.202583
0.202577
0.202569
0.202585
0.202588
0.202587
0.202582
0.202569
0.202588
0.202604
0.202574
0.202607
0.20259
0.202572
0.202586
0.202587
0.202612
0.202589
0.202596
0.2026
0.202646
0.202611
0.20259
0.20256
0.202559
0.202542
0.202568
0.202541
0.202517
0.202559
0.202562
0.202583
0.20253
0.202589
0.202526
0.202573
0.202545
0.202545
0.202558
0.202522
0.202552
0.202597
0.202869
0.202638
0.20256
0.202547
0.202583
0.202552
0.202535
0.202549
0.202558
0.202555
0.202538
0.202557
0.202554
0.202551
0.202833
0.202844
0.20254
0.202539
0.202512
0.202568
0.202541
0.202562
0.202541
0.202548
0.202596
0.202533
0.202533
0.202569
0.202568
0.202557
0.202583
0.202522
0.202545
0.202536
0.202581
0.202564
0.202576
0.202565
0.202572
0.202554
0.202561
0.202566
0.202563
0.202559
0.202568
0.2026
0.202603
0.202582
0.202573
0.202585
0.20251
0.202546
0.202544
0.202564
0.202587
0.202567
0.202534
0.202557
0.202552
0.202587
0.202538
0.20258
0.202586
0.20261
0.202553
0.202592
0.202561
0.20257
0.202559
0.202547
0.202565
0.202555
0.202559
0.202525
0.202522
0.202611
0.202559
0.202541
0.202546
0.202605
0.202582
0.202568
0.202524
0.202545
0.202546
0.202557
0.202528
0.202507
0.202498
0.202543
0.202495
0.202505
0.202808
0.202515
0.20248
0.202497
0.202523
0.202541
0.202824
0.202779
0.202512
0.20253
0.202513
0.202514
0.202534
0.202516
0.202837
0.202498
0.202526
0.202539
0.202825
0.202513
0.202837
0.202513
0.202536
0.202556
0.202514
0.202484
0.20255
0.202506
0.202532
0.202545
0.202803
0.202513
0.202532
0.202579
0.202541
0.202782
0.202507
0.202517
0.202503
0.202489
0.202519
0.202518
0.202527
0.202527
0.202536
0.202506
0.202518
0.202552
0.202528
0.202547
0.202545
0.202517
0.202546
0.202524
0.20249
0.202512
0.202531
0.202502
0.202512
0.202533
0.20254
0.202507
0.20251
0.202514
0.202534
0.202519
0.202493
0.202528
0.202577
0.202532
0.202531
0.20257
0.202524
0.20255
0.202523
0.202556
0.202508
0.202522
0.202474
0.20252
0.202538
0.202511
0.202514
0.202533
0.202542
0.202519
0.202505
0.202507
0.202493
0.202511
0.20253
0.202492
0.202529
0.202483
0.20252
0.20252
0.202532
0.202514
0.202551
0.202527
0.202522
0.202508
0.202524
0.202495
0.202478
0.202512
0.202515
0.202527
0.202511
0.202523
0.202516
0.202554
0.202539
0.202556
0.202592
0.202552
0.202518
0.202565
0.202557
0.202594
