0
1.34771e-06
2.80731e-05
1.1991e-07
3.40944e-08
6.97576e-08
6.9206e-08
7.14775e-08
3.13583e-08
5.13043e-08
5.99603e-08
1.96657e-08
3.37275e-08
2.47414e-08
1.30273e-08
1.62844e-08
2.08366e-08
8.65804e-09
2.45327e-08
3.73094e-08
3.00077e-08
5.80568e-08
5.59579e-08
3.20306e-08
4.37682e-08
2.90817e-08
2.21086e-08
6.56328e-09
1.94965e-08
2.52927e-08
2.40531e-08
2.69948e-08
1.47081e-08
8.23518e-09
8.8662e-09
9.75529e-09
6.3676e-09
1.06271e-08
9.16058e-09
1.10808e-08
2.26771e-08
2.57069e-08
2.58519e-08
2.34972e-08
3.30661e-08
4.00029e-08
2.05273e-08
3.35044e-08
2.46364e-08
1.02317e-08
1.57281e-08
2.07788e-08
1.5498e-08
4.15963e-08
4.58915e-08
2.70933e-08
5.47408e-08
5.582e-08
3.83873e-08
6.3077e-08
0
