0
1.34771e-06
2.67254e-05
-2.79532e-05
-8.58159e-08
3.56633e-08
-5.51651e-10
2.2715e-09
-4.01192e-08
1.9946e-08
8.65602e-09
-4.02947e-08
1.40619e-08
-8.98611e-09
-1.17141e-08
3.25707e-09
4.55227e-09
-1.21786e-08
1.58747e-08
1.27767e-08
-7.30174e-09
2.80491e-08
-2.09891e-09
-2.39273e-08
1.17376e-08
-1.46865e-08
-6.97315e-09
-1.55453e-08
1.29332e-08
5.79622e-09
-1.23968e-09
2.94177e-09
-1.22867e-08
-6.47294e-09
6.31014e-10
8.89094e-10
-3.38769e-09
4.25947e-09
-1.46649e-09
1.92018e-09
1.15964e-08
3.02977e-09
1.44979e-10
-2.35466e-09
9.56882e-09
6.93684e-09
-1.94756e-08
1.29771e-08
-8.86797e-09
-1.44047e-08
5.49637e-09
5.05071e-09
-5.28079e-09
2.60983e-08
4.29513e-09
-1.87982e-08
2.76475e-08
1.07914e-09
-1.74326e-08
2.46896e-08
-6.3077e-08
