-0.0300067
-0.0211149
0.00556052
0.037571
-0.0193365
-0.0273336
0.0144523
0.0368917
0.0370268
0.0162307
0.0180091
0.0197874
0.0215658
0.0371673
0.0372696
-0.0140015
-0.0122231
-0.0282283
-0.0299228
-0.02645
-0.0246716
-0.0228933
-0.0193365
-0.0198612
-0.0211149
0.0162307
0.0233441
0.0251225
-0.0193365
0.0365329
0.0304576
0.0286792
0.000225442
0.00378217
0.0020038
0.00556053
-0.0317851
-0.0315273
0.0269009
-0.0300067
0.0364696
-0.0246716
0.00627631
0.00733889
0.00911725
0.0108956
0.0366176
0.0367833
-0.0175582
-0.0157798
0.012674
0.0251225
-0.0341594
0.0333985
0.0304576
0.00678472
0.00556052
-0.0104447
-0.00866637
-0.006888
-0.00510964
0.0368088
0.0357927
0.0354931
0.0340143
0.0290772
0.00378217
0.032236
0.0233442
0.0180091
0.0020038
0.0215658
0.0197874
0.00911725
0.00733889
0.00022544
-0.00155292
-0.02645
-0.0254366
-0.0228933
-0.023225
0.0144523
-0.0211149
-0.0341425
-0.034191
-0.0342303
-0.0343111
-0.0282283
-0.0283449
-0.00333128
0.0269009
0.0286792
-0.0175582
-0.0157798
0.012674
0.0108956
-0.0140015
-0.0122231
-0.0341773
-0.0270271
0.0377375
-0.0342522
-0.0339781
0.0310249
-0.0335634
0.032236
0.0364426
0.0380512
0.0364462
0.0378829
0.0340143
0.0364332
0.0376191
-0.0343321
-0.0345641
-0.0334786
0.0375175
-0.0331023
-0.0326917
0.036176
0.0349584
0.0358144
0.0364152
0.0364124
0.0374229
-0.0342387
-0.0344255
0.0363555
0.0364203
0.037367
0.0382036
-0.0345322
-0.0344837
0.0357927
-0.0343711
-0.0341658
0.0335479
0.037571
-0.0295324
0.0385316
0.0384412
-0.00333128
-0.00155292
0.0381355
0.0376416
-0.032135
-0.0314381
-0.0317851
-0.0335634
-0.0334432
-0.0326637
-0.0338544
-0.0305421
-0.0300067
-0.034343
-0.034563
-0.0344313
0.0383365
0.0385145
0.0386463
0.0385793
-0.0345077
-0.0344705
0.037571
-0.00510965
-0.0344062
-0.006888
-0.00866636
-0.0104447
0.0357927
0.00733889
0.037571
0.00556052
0.037571
0.0286792
0.00911725
0.037571
-0.0282283
0.0304576
-0.0335634
0.00378217
0.0357927
0.0108956
-0.0228933
-0.0193365
-0.0317851
0.037571
0.0020038
-0.0341236
0.0269009
0.0180091
0.0197874
0.0215658
0.0233442
0.0383398
0.00733889
0.0383927
0.0384282
0.0373495
0.00556052
-0.00866637
-0.006888
-0.0317851
-0.0310918
0.0269009
0.0275641
-0.0300067
0.0286792
0.0304576
0.00378217
0.0251225
-0.0330915
0.0373161
0.037571
-0.00333128
0.00378217
-0.0335634
0.00556052
0.00733889
0.00911725
-0.00155292
0.0251225
0.00022544
-0.0336676
0.0108956
0.012674
0.0144523
0.0162307
-0.0322599
0.0020038
0.0378429
0.0382055
0.00911725
-0.0104447
-0.0338292
0.0326973
-0.0338246
0.0371864
0.0340143
0.0349896
0.0357927
0.0364288
0.0180091
0.0197874
0.0215658
0.0233442
0.0370934
0.0304576
0.0298572
-0.033827
-0.0280876
-0.02671
-0.02645
-0.0193365
-0.0211149
-0.0338803
0.037571
0.0375312
-0.00510964
-0.0282283
-0.033999
-0.0339437
-0.0338734
-0.0265505
-0.02645
0.0376854
0.0378739
0.0383032
0.0380812
-0.0340568
-0.0293819
0.0286792
-0.0342871
-0.0343746
-0.0343279
-0.0342524
-0.0246716
-0.0228933
0.0369308
0.032236
0.0369789
0.0352307
0.0360029
0.0359219
-0.00333128
-0.00155292
-0.0292464
0.00022544
0.00168446
-0.0282283
0.0343303
-0.0339458
-0.0340224
-0.034106
-0.0341317
0.0020038
0.0361022
0.0162307
-0.0317327
-0.0341367
-0.0340706
0.0328365
0.0340143
0.032236
0.0359045
0.035914
-0.0310432
0.0359304
0.035934
0.0359173
0.03595
-0.0157798
-0.0228933
-0.0250592
-0.0246716
-0.0211149
-0.0228195
-0.0193365
-0.0122231
-0.0140014
0.012674
0.0144523
-0.0157798
-0.0175582
-0.0191998
-0.0175582
-0.0317851
0.0368283
0.0367129
-0.0140015
-0.0122231
0.0366037
0.0364103
0.0120766
0.0108956
-0.0104447
-0.00866637
-0.006888
0.0362435
-0.00510964
0.0358871
-0.032279
-0.0326835
-0.0301778
0.0357927
0.0356386
-0.0330397
-0.0300067
-0.0334265
-0.0335634
-0.0339393
-0.0337539
