1.34771e-06
2.80731e-05
1.1991e-07
3.40944e-08
5.89267e-08
6.9206e-08
7.14775e-08
3.13583e-08
5.13043e-08
5.99603e-08
1.96657e-08
3.37275e-08
2.47414e-08
1.30273e-08
1.37782e-08
1.73212e-08
8.62041e-09
2.22324e-08
2.93442e-08
2.48338e-08
5.62363e-08
5.59579e-08
3.20306e-08
4.37682e-08
2.90817e-08
2.21086e-08
6.02931e-09
1.31052e-08
2.21048e-08
1.74476e-08
2.69948e-08
1.47081e-08
8.23518e-09
8.8662e-09
9.75529e-09
5.49617e-09
1.06271e-08
7.58439e-09
1.10808e-08
1.53451e-08
2.11887e-08
2.58519e-08
2.20409e-08
3.30661e-08
3.7998e-08
2.04033e-08
3.35044e-08
2.46364e-08
1.02317e-08
1.34852e-08
1.60053e-08
1.32538e-08
3.16117e-08
4.58915e-08
2.7071e-08
5.47408e-08
5.582e-08
3.83873e-08
1.71375e-08
