0.0463537
0.0454242
0.0443578
0.0531478
0.0355518
0.046214
0.0358313
0.0368722
0.0359949
0.0540362
0.0351418
0.0460697
0.0459126
0.0346722
0.0343944
0.0452226
0.0355836
0.0353927
0.0426286
0.0443947
0.0334467
0.0442293
0.043877
0.0346209
0.0344376
0.0420819
0.0353731
0.0633286
0.0339117
0.0634791
0.034206
0.043396
0.0439604
0.0350849
0.0438888
0.0349077
0.0454322
0.0630418
0.0453211
0.0629498
0.0420094
0.0542244
0.0629768
0.0438755
0.0535326
0.0443066
0.0541769
0.0645555
0.0529904
0.0632255
0.0540557
0.0526079
0.0536516
0.0632658
0.05313
0.0354423
0.0349086
0.0539955
0.0529521
0.035701
0.0447638
0.0341841
0.0343547
0.0454572
0.0635118
0.0647956
0.0360803
0.0637271
0.0459654
0.0352359
0.0725412
0.0357334
0.0451098
0.03686
0.034912
0.0352326
0.0352056
0.0431908
0.0439044
0.0349267
0.0337783
0.0449177
0.0442776
0.0359504
0.0344163
0.0439611
0.0361416
0.0360973
0.0370294
0.0370448
0.0347273
0.0354753
0.0459857
0.0346547
0.0356169
0.034285
0.0346559
0.0345381
0.0341867
0.0344677
0.0362984
0.0349403
0.045688
0.0346091
0.0348666
0.0334034
0.0337909
0.0349807
0.0360045
0.0352871
0.00778097
0.0354268
0.0442608
0.0458984
0.0342856
0.0350898
0.0361352
0.0355594
0.0455088
0.0357856
0.0336073
0.0358307
0.036563
0.0364767
0.0351154
0.0341377
0.0358048
0.0334727
0.0462493
0.0351471
0.0344561
0.034948
0.0349424
0.0349967
0.0354194
0.0538144
0.0358955
0.0358487
0.0359408
0.0452713
0.0351624
0.0441291
0.0352574
0.035092
0.0355491
0.0356506
0.00722321
0.0372066
0.0348905
0.0360111
0.0353413
0.00860545
0.0354888
0.0366779
0.0459943
0.0364233
0.0543451
0.0362479
0.0348153
0.0355458
0.0354099
0.0362911
0.0355795
0.0351888
0.036274
0.0365553
0.0364833
0.0361098
0.0349994
0.0362475
0.0376553
0.0368006
0.0634656
0.0629188
0.0525421
0.0548899
0.064623
0.0458131
0.0633189
0.0627944
0.0522355
0.0633454
0.0634161
0.0628702
0.0629153
0.0623218
0.0911021
0.0633127
0.0440366
0.0642346
0.0449436
0.0452262
0.0441591
0.0617997
0.0617843
0.0642969
0.0446862
0.0620462
0.0616985
0.0628081
0.0637948
0.0614272
0.0652397
0.0619377
0.0436603
0.0627316
0.0447588
0.0355208
0.0452101
0.0357611
0.0347779
0.0357005
0.0366499
0.0363213
0.036568
0.0358587
0.0355242
0.0338467
0.0370975
0.0343855
0.0352832
0.0354121
0.0337276
0.0273721
0.0352667
0.03466
0.0445951
0.0333808
0.0359437
0.0459614
0.0359152
0.0456522
0.0532083
0.0333438
0.0329697
0.0442367
0.0353561
0.0524772
0.0361165
0.0255419
0.0333909
0.034595
0.0362539
0.0341222
0.0537448
0.0540464
0.062622
0.0343753
0.053531
0.0638077
0.0355044
0.0538942
0.0348181
0.035648
0.00833919
0.0355624
0.0339304
0.0346445
0.0535308
0.0333611
0.0340081
0.0326475
0.0373431
0.0347803
0.0360966
0.0348395
0.0353825
0.0447452
0.0431453
0.0450758
0.0346329
0.0351974
0.0347453
0.0532833
0.0366216
0.0360793
0.0354433
0.0532767
0.0341104
0.0352447
0.0348019
0.0441867
0.0359291
0.036331
0.0361096
0.0367884
0.0345789
0.0349378
0.0515259
0.0339902
0.033692
0.0446405
0.0342931
0.0352708
0.0351772
0.0355289
0.0350512
0.0535215
0.0624713
0.0627908
0.0360132
0.0550505
0.0551812
0.00711831
0.0348878
0.0349145
0.0427843
0.035319
0.0366541
0.0359749
0.0271293
0.0637183
0.062478
0.0635281
0.06369
0.0624189
0.0460652
0.0642942
0.0456588
0.0645422
0.0458483
0.0643795
0.0624712
0.0645999
0.0635492
0.0643429
0.0645305
0.0650981
0.0639642
0.0623976
0.0459565
0.0656648
0.0456642
0.045418
0.0618705
0.0644563
0.0451661
0.0443217
0.0449881
0.0456346
0.0652875
0.0452611
0.0465154
0.063426
0.0453093
0.0464448
0.0639439
0.0459622
0.063613
0.0652542
0.0637451
0.0446601
0.0473587
0.0455822
0.0634474
0.064283
0.0654623
0.0639947
0.0627996
0.0644989
0.0447163
0.0638811
0.0444844
0.0635964
0.0458642
0.0643188
0.0652268
0.0624987
0.0447885
0.0647271
0.0639756
0.0640065
0.0637981
0.0469512
0.0639207
0.0454159
0.0364893
0.0367616
0.0361814
0.0363297
0.0360869
0.0549081
0.0103635
0.0353376
0.0442587
0.0105564
0.0347316
0.0367794
0.0362697
0.0362553
0.04517
0.0345084
0.0363119
0.0457019
0.0454198
0.0360353
0.0464173
0.0456563
0.0640511
0.0444653
0.0647673
0.0447455
0.0343394
0.0332841
0.0538778
0.0550865
0.0550785
0.0549631
0.0533892
0.0336603
0.054244
0.0359493
0.0373564
0.0368885
0.0530188
0.0520793
0.0529458
0.0527864
0.0359956
0.0353184
0.0281127
0.0269007
0.0539527
0.0621406
0.0544009
0.00800678
0.0551602
0.0537026
0.0360364
0.0357814
0.0363933
0.0337614
0.092666
0.0445528
0.0372077
0.0545901
0.0452717
0.0365034
0.0353601
0.0345303
0.0452905
0.035076
0.0457437
0.0364138
0.0346082
0.0349129
0.0366155
0.0344655
0.00741732
0.0357219
0.0344358
0.0349392
0.0444183
0.0357141
0.0345832
0.0342031
0.052629
0.0353419
0.0359126
0.0538821
0.0356524
0.034953
0.0345166
0.0352303
0.0359944
0.0351401
0.0449272
0.0632755
0.0651765
0.0641311
0.0454519
0.0370441
0.043207
0.0452003
0.0358709
0.0357362
0.0341683
0.0454899
0.0345847
0.0361757
0.0360527
0.0343607
0.0457406
0.0343761
0.0344006
0.0342946
0.0331888
0.0353518
0.0357253
0.00656412
0.0351353
0.0448308
0.0349134
0.0353791
0.0339887
0.0339411
0.0346746
0.0450837
0.0347942
0.0329885
0.0336098
