0.0373076
-0.00181636
-0.0329045
0.00885381
0.00707544
-0.0328457
-0.0327907
-0.0327773
-0.0327993
0.00529708
0.00351872
0.0378712
-0.0328101
-0.0326875
0.0141889
0.0375079
0.037945
0.0370415
-0.034054
0.0370977
-0.0338853
0.0382719
0.0159672
-0.0338269
-0.0337409
-0.0335441
-0.0332804
0.0124105
0.0106322
-0.0330495
0.0385236
-0.0302702
-0.0316562
0.0373076
0.0372558
-0.0267134
-0.028166
-0.0284918
-0.0298291
-0.0320485
0.0372044
-0.0309452
0.0386268
0.0380899
-0.0341063
0.0385748
0.0384066
0.0374648
0.0373501
-0.0341855
0.0377096
-0.0324942
-0.0321615
0.0376195
0.0375682
-0.00537309
0.0373076
0.0366138
0.0230807
-0.00892981
0.0213023
-0.00715145
0.0350512
0.019524
-0.00359473
-0.00181636
0.0301941
0.0337509
0.0319725
0.0266374
0.0248591
-3.80054e-05
0.0284158
0.0177456
0.00174036
-0.0107082
0.0320339
0.0355292
-0.0251229
-0.0196
-0.0213783
-0.0231567
-0.0249351
-0.0124865
-0.0142649
-0.0160433
-0.0178216
-0.00289302
0.0319725
0.0373076
-0.00359472
-0.0338269
-0.0249351
-0.0320485
0.0373076
-0.00537309
0.0373076
-0.0338269
0.0301941
0.0373076
-0.00715145
-0.0338269
0.0380238
-0.0324714
-0.0324605
-0.0325141
-0.0325005
-0.0196
0.0369858
-0.0178216
-0.0160433
-0.00537309
0.0369299
-0.032137
-0.0320485
-0.0318143
-0.0313172
0.0368667
0.0383904
-0.0249351
-0.0241287
-0.0337194
-0.033551
-0.0333768
-0.0331921
-0.0323378
0.036768
-0.0329594
-0.0327313
-0.0325648
-0.0325125
0.0367985
-0.0231567
-0.0213783
0.0370824
-0.0302701
-0.00359472
-0.0293436
-0.0284918
-0.0276041
-0.0267134
0.0379193
0.0382062
0.0383568
0.0384667
-0.00181636
0.0370797
0.0373076
-0.00764195
-0.00715145
-0.00892981
-0.0107082
-0.0142649
-0.0124865
0.0376375
0.00174036
-0.0305471
-3.80054e-05
0.0319725
0.0141889
0.0159672
-0.0339426
-0.0338269
0.0337509
-0.0338085
0.0124105
0.037654
0.0355292
0.0342029
0.0360122
0.0177456
0.019524
0.0213023
0.0230807
0.0248591
0.0266374
0.0373424
0.0374673
0.00351872
0.00529708
0.00707544
0.00885381
0.0373076
0.0372256
0.0106322
0.0284158
0.0291744
0.0301941
0.00529708
0.00351872
