5.9862e-07
1.93368e-07
7.35351e-08
3.20424e-08
6.97576e-08
6.82936e-08
6.26616e-08
2.67054e-08
4.94949e-08
5.43558e-08
1.72333e-08
2.48909e-08
2.06362e-08
7.90152e-09
1.62844e-08
2.08366e-08
8.65804e-09
2.45327e-08
3.73094e-08
3.00077e-08
5.80568e-08
5.07986e-08
2.3989e-08
3.91163e-08
1.95396e-08
1.62787e-08
6.56328e-09
1.94965e-08
2.52927e-08
2.40531e-08
1.67072e-08
1.1537e-08
5.20927e-09
8.22624e-09
7.77064e-09
6.3676e-09
9.00269e-09
9.16058e-09
8.15492e-09
2.26771e-08
2.57069e-08
2.51324e-08
2.34972e-08
2.9685e-08
4.00029e-08
2.05273e-08
2.90998e-08
1.59058e-08
8.51168e-09
1.57281e-08
2.07788e-08
1.5498e-08
4.15963e-08
4.58165e-08
2.70933e-08
4.80994e-08
4.58503e-08
2.34246e-08
6.3077e-08
