2.06499
2.06494
2.06462
2.06363
2.06552
2.06454
2.06434
2.06521
2.067
2.06158
2.06451
2.06588
2.06784
2.06388
2.06492
2.0658
2.06213
2.06287
2.06605
2.06297
2.06112
2.0617
2.0639
2.06359
2.06289
2.0636
2.06359
2.06528
2.06315
2.06399
2.06172
2.06418
2.06646
2.06389
2.06511
2.06488
2.06141
2.06664
2.06322
2.06402
2.06538
2.06067
2.0659
2.0657
2.06472
2.06204
2.06339
2.06307
2.06524
2.06247
2.0633
2.06673
2.06161
2.06424
2.06522
2.06034
2.06061
2.0632
2.06727
2.06307
2.06313
2.06668
2.06343
2.06242
2.06665
2.06642
2.06494
2.06343
2.06488
2.06431
2.06421
2.06221
2.06669
2.06663
2.05994
2.06495
2.06702
2.06532
2.06716
2.06553
2.06311
2.06708
2.06394
2.06559
2.0643
2.06271
2.06352
2.06523
2.06421
2.06561
2.06998
2.06643
2.06466
2.06564
2.0665
2.06058
2.06787
2.06799
2.06481
2.06205
2.06339
2.06299
2.06341
2.06296
2.06217
2.06203
2.06359
2.06433
2.06304
2.06217
2.0613
2.06111
2.06505
2.06527
2.06203
2.05948
2.06346
2.06318
2.06433
2.06429
2.06548
2.06214
2.06613
2.062
2.06478
2.06373
2.0639
2.06234
2.06737
2.06363
2.0631
2.0637
2.0623
2.06498
2.06263
2.06454
2.0641
2.06047
2.06396
2.06514
2.06589
2.06502
2.06569
2.06556
2.06505
2.06561
2.06454
2.06589
2.06313
2.06135
2.06652
2.06321
2.06346
2.06279
2.06039
2.06671
2.06255
2.06445
2.06417
2.06687
2.06243
2.06809
2.06688
2.0627
2.06654
2.06615
2.06604
2.06542
2.06598
2.06576
2.06511
2.06741
2.06176
2.06236
2.0642
2.0652
2.06292
2.06423
2.06356
2.06197
2.0635
2.06309
2.06593
2.06318
2.06399
2.0653
2.06582
2.06512
2.06613
2.06593
2.06288
2.06365
2.0628
2.06325
2.06222
2.06422
2.06136
2.0631
2.0634
2.0633
2.06749
2.06279
2.06042
2.06285
2.0606
2.05947
2.06715
2.0623
2.06731
2.06519
2.06455
2.06413
2.06476
2.06322
2.06468
2.06658
2.06726
2.06613
2.06524
2.06392
2.06459
2.06152
2.06408
2.06378
2.06255
2.06301
2.0645
2.06074
2.06716
2.06497
2.06638
2.06127
2.06433
2.06155
2.06405
2.06641
2.06399
2.06496
2.06467
2.06336
2.06134
2.06179
2.06508
2.06323
2.06478
2.06504
2.06329
2.0651
2.06534
2.06668
2.06452
2.06346
2.06269
2.06417
2.0668
2.06026
2.05933
2.06192
2.06592
2.06133
2.05909
2.06066
2.05867
2.06381
2.06526
2.06204
2.06281
2.06294
2.06472
2.06549
2.06435
2.06228
2.06504
2.06216
2.06226
2.06362
2.06026
2.06108
2.06501
2.06274
2.05964
2.06125
2.06266
2.06608
2.06008
2.06363
2.06191
2.06487
2.06634
2.05707
2.06093
2.06413
2.06454
2.06085
2.06661
2.06489
2.06688
2.06461
2.06414
2.0629
2.06414
2.06192
2.0645
2.06431
2.0632
2.06141
2.06494
2.06473
2.06546
2.06545
2.06633
2.06376
2.05946
2.06358
2.06323
2.06478
2.06537
2.06594
2.06399
2.06366
2.06367
2.06245
2.06486
2.06357
2.06217
2.06043
2.06028
2.06077
2.06407
2.06894
2.06457
2.06415
2.06238
2.06207
2.06426
2.06227
2.06419
2.06305
2.06193
2.06035
2.06061
2.0624
2.06203
2.06196
2.06028
2.06156
2.06058
2.0612
2.06285
2.06125
2.05997
2.06265
2.06317
2.0605
2.06222
2.06125
2.06635
2.06366
2.0621
2.0613
2.0617
2.06475
2.06109
2.06239
2.06016
2.0656
2.06495
2.06181
2.06025
2.06211
2.06124
2.06524
2.05911
2.06437
2.06645
2.06519
2.05765
2.06301
2.06241
2.06179
2.06326
2.06339
2.06313
2.0602
2.06184
2.06512
2.05842
2.0646
2.06185
2.05979
2.06299
2.06157
2.06222
2.06093
2.0609
2.06351
2.06687
2.06031
2.06515
2.0677
2.06788
2.065
2.06417
2.06085
2.07203
2.06616
2.06432
2.06782
2.06454
2.06468
2.06346
2.07022
2.06369
2.06544
2.06313
2.06567
2.06508
2.06626
2.06532
2.0627
2.06143
2.06476
2.06576
2.06659
2.06519
2.06255
2.06437
2.06292
2.06378
2.06286
2.05988
2.05819
2.06601
2.05648
2.06472
2.06377
2.06419
2.06292
2.06072
2.05923
2.06327
2.06572
2.06302
2.06166
2.06456
2.06449
2.06372
2.06206
2.06658
2.06388
2.06415
2.06419
2.06384
2.06312
2.06456
2.0656
2.06585
2.06504
2.06197
2.0659
2.06911
2.06433
2.06477
2.06371
2.06835
2.06573
2.06345
2.06383
2.06322
2.06262
2.06503
2.06518
2.06575
2.06582
2.0635
2.06353
2.06592
2.06198
2.06346
2.06494
2.06482
2.06611
2.0651
2.06757
2.06274
2.0651
2.06297
2.06516
2.06658
2.06418
2.06368
2.06588
2.06109
2.06473
2.06371
2.0646
2.06402
2.0625
2.0612
2.0644
2.06446
