0.253535
0.253529
0.253506
0.253478
0.253445
0.253452
0.253513
0.253463
0.25344
0.253468
0.253511
0.253461
0.253459
0.25357
0.253384
0.253572
0.253416
0.253434
0.253519
0.253536
0.253523
0.253586
0.253594
0.253585
0.253578
0.253626
0.253552
0.253716
0.253562
0.253544
0.253554
0.253624
0.253527
0.253504
0.253655
0.253576
0.253631
0.253442
0.253578
0.253596
0.253683
0.253548
0.253535
0.253642
0.253631
0.253525
0.253534
0.253628
0.253521
0.253624
0.253511
0.253503
0.253585
0.253585
0.253518
0.253523
0.253511
0.253553
0.253494
0.253546
0.253501
0.253536
0.253494
0.253475
0.253562
0.253535
0.253498
0.253523
0.253494
0.253501
0.253496
0.253538
0.253495
0.253532
0.253516
0.253504
0.253526
0.253547
0.25355
0.25356
0.253547
0.253622
0.253541
0.253518
0.253607
0.253583
0.253694
0.253575
0.253549
0.253582
0.25367
0.253568
0.253525
0.25356
0.253524
0.253584
0.253544
0.25356
0.253607
0.25361
0.253595
0.253596
0.253504
0.253591
0.253602
0.25361
0.253589
0.253567
0.253543
0.253596
0.253632
0.253553
0.253633
0.253583
0.253593
0.253598
0.253514
0.253572
0.253595
0.253578
0.25359
0.253574
0.253545
0.253519
0.253526
0.253626
0.253584
0.25363
0.253549
0.253615
0.2536
0.253609
0.253629
0.253532
0.253596
0.253551
0.253612
0.253614
0.253573
0.253518
0.253663
0.253618
0.253575
0.253644
0.253617
0.253517
0.253613
0.253473
0.253571
0.253504
0.253549
0.253547
0.253563
0.253489
0.253478
0.253552
0.253513
0.253492
0.253645
0.253567
0.253548
0.25361
0.253632
0.253613
0.253607
0.253533
0.253548
0.253612
0.253563
0.253604
0.253525
0.253568
0.253636
0.253655
0.253556
0.253571
0.253614
0.253601
0.253626
0.253592
0.253632
0.253599
0.253646
0.253657
0.25364
0.253731
0.253654
0.253607
0.2537
0.253601
0.25373
0.253725
0.253721
0.253709
0.253756
0.253724
0.253613
0.253622
0.253709
0.253702
0.253594
0.253583
0.253714
0.253746
0.253762
0.25378
0.253642
0.253617
0.253594
0.253607
0.253717
0.253607
0.253629
0.253614
0.253605
0.253604
0.253613
0.253632
0.253623
0.253664
0.253593
0.253664
0.253651
0.253583
0.253659
0.253606
0.253672
0.253609
0.253595
0.253683
0.253595
0.253719
0.253616
0.253642
0.253623
0.253632
0.253616
0.253616
0.253605
0.253553
0.253637
0.253631
0.253587
0.253663
0.253669
0.25366
0.253646
0.253598
0.253615
0.253562
0.253615
0.253655
0.25358
0.253651
0.253603
0.253203
0.253665
0.253691
0.253641
0.253569
0.253578
0.253627
0.253564
0.253622
0.253585
0.253632
0.253703
0.253657
0.25369
0.253634
0.253588
0.25368
0.253672
0.253714
0.253609
0.253579
0.253653
0.25355
0.253606
0.253608
0.25366
0.253632
0.25359
0.253691
0.253742
0.253599
0.253601
0.253598
0.253669
0.253555
0.253619
0.253585
0.253642
0.253664
0.253625
0.253622
0.253587
0.253594
0.253612
0.253572
0.253583
0.253533
0.253535
0.253592
0.253668
0.253574
0.253664
0.253593
0.253582
0.253544
0.253554
0.253505
0.253665
0.253645
0.253677
0.253511
0.253599
0.253559
0.253563
0.253616
0.253554
0.253488
0.253561
0.253453
0.253528
0.253397
0.25352
0.253574
0.253569
0.253571
0.253515
0.253452
0.253634
0.25353
0.2537
0.253619
0.253588
0.253626
0.253666
0.253502
0.253352
0.253507
0.25347
0.253483
0.2535
0.253361
0.253392
0.253509
0.253442
0.253466
0.253421
0.253512
0.253508
0.253388
0.253435
0.253499
0.253471
0.253537
0.253458
0.253383
0.253391
0.253441
0.253379
0.253426
0.253332
0.253348
0.253267
0.253518
0.253342
0.253408
0.253293
0.253469
0.253387
0.253257
0.253324
0.2535
0.253362
0.253319
0.253345
0.253319
0.253295
0.253261
0.253283
0.253295
0.253469
0.253319
0.253355
0.253283
0.253281
0.253298
0.253434
0.253406
0.253322
0.253447
0.25345
0.253302
0.253303
0.253401
0.253348
0.25351
0.253367
0.253537
0.253492
0.253387
0.25331
0.253316
0.253182
0.253247
0.253322
0.25337
0.253163
0.253272
0.253261
0.253285
0.25332
0.253412
0.253433
0.253376
0.253291
0.253272
0.253252
0.253293
0.253374
0.253333
0.253317
0.253317
0.253319
0.253347
0.253376
0.253317
0.253314
0.253357
0.253306
0.253335
0.253326
0.253325
0.253375
0.253266
0.253351
0.253412
0.253382
0.253361
0.25336
0.25331
0.253374
0.253505
0.253386
0.253409
0.253415
0.253353
0.253367
0.253354
0.253375
0.253342
0.253431
0.253376
0.2534
0.253308
0.253389
0.2531
0.253384
0.253461
0.253424
0.25342
0.253412
0.25341
0.253424
0.253472
0.253415
0.253356
0.253309
0.253387
0.253412
0.253433
0.253457
0.253394
0.253482
0.253452
0.253409
0.253465
0.253453
0.253517
0.253476
0.25315
0.253488
0.253467
0.253476
0.253577
0.253511
0.253454
0.253478
0.253486
0.25349
0.253473
0.253464
0.253485
0.25345
0.253463
0.253489
0.253454
0.253534
