0.202554
0.202565
0.202505
0.202599
0.202541
0.202521
0.202592
0.202544
0.202549
0.202552
0.202546
0.202494
0.202523
0.202566
0.20252
0.202507
0.202595
0.202595
0.202539
0.202537
0.202611
0.202578
0.202605
0.202622
0.202668
0.202561
0.202601
0.202601
0.202622
0.202572
0.202568
0.202523
0.202571
0.202565
0.202586
0.202624
0.202604
0.202525
0.202582
0.202586
0.202559
0.20262
0.202531
0.202581
0.202629
0.202561
0.202589
0.202576
0.202619
0.202592
0.20257
0.2026
0.202587
0.202598
0.20259
0.202593
0.20258
0.202615
0.202619
0.202575
0.202535
0.20259
0.202593
0.202542
0.202591
0.202556
0.202605
0.20258
0.20254
0.202642
0.202528
0.202654
0.202533
0.202592
0.202592
0.202555
0.202641
0.202564
0.202575
0.202608
0.202589
0.202547
0.202564
0.202582
0.202643
0.202571
0.202684
0.202685
0.202642
0.202679
0.202647
0.202659
0.202542
0.202664
0.202611
0.202643
0.202662
0.202644
0.202678
0.202671
0.202699
0.20265
0.202563
0.20269
0.202634
0.202631
0.202677
0.202629
0.202661
0.202691
0.202646
0.202651
0.202639
0.202611
0.202623
0.202627
0.202651
0.202657
0.202617
0.202651
0.202653
0.202654
0.202662
0.202613
0.202642
0.202652
0.202627
0.202676
0.202609
0.20267
0.202653
0.202644
0.202721
0.202642
0.202652
0.202659
0.202654
0.202688
0.202665
0.202585
0.202642
0.202645
0.202645
0.202694
0.202696
0.202624
0.202662
0.202647
0.202695
0.20264
0.202644
0.202617
0.202649
0.202636
0.202591
0.202614
0.202601
0.202662
0.202691
0.202639
0.202649
0.202711
0.202711
0.20267
0.202657
0.202664
0.20261
0.202707
0.202668
0.202711
0.20266
0.202694
0.202603
0.20264
0.202623
0.202639
0.202607
0.20267
0.202587
0.202594
0.202681
0.202614
0.202634
0.202641
0.202652
0.202617
0.202641
0.202604
0.202602
0.202611
0.202634
0.202629
0.202603
0.20261
0.202605
0.202613
0.202602
0.202584
0.202607
0.202616
0.202624
0.202578
0.202602
0.202627
0.202634
0.202639
0.202666
0.202695
0.202597
0.202628
0.2027
0.202651
0.202674
0.202656
0.202693
0.202652
0.202696
0.202702
0.202673
0.202685
0.202721
0.202687
0.202718
0.202676
0.202684
0.202677
0.202638
0.202688
0.20263
0.202599
0.202678
0.202623
0.202649
0.202642
0.202672
0.202675
0.202698
0.202645
0.20267
0.202698
0.202682
0.202698
0.202656
0.202704
0.202726
0.202692
0.202673
0.202692
0.202671
0.20261
0.202693
0.202702
0.202719
0.202683
0.202647
0.202221
0.202691
0.202703
0.202675
0.202711
0.202682
0.202715
0.202635
0.202693
0.202635
0.202662
0.202669
0.202636
0.202693
0.202611
0.202626
0.202705
0.202699
0.202683
0.202601
0.202628
0.202676
0.20259
0.20262
0.202653
0.202706
0.202669
0.202671
0.202672
0.2027
0.202699
0.202663
0.202687
0.202705
0.202676
0.202695
0.202619
0.202671
0.202767
0.202702
0.20266
0.202697
0.202698
0.202631
0.202625
0.202674
0.202648
0.202638
0.202665
0.202699
0.202695
0.202617
0.202636
0.202676
0.20268
0.202643
0.202589
0.202555
0.202587
0.20262
0.202579
0.202587
0.202554
0.20257
0.202492
0.20258
0.202552
0.202584
0.202534
0.202578
0.202518
0.202558
0.202554
0.202558
0.202574
0.202596
0.202568
0.202587
0.202547
0.20259
0.202559
0.202579
0.202591
0.202541
0.202464
0.202424
0.202459
0.202438
0.202454
0.202475
0.202471
0.202434
0.202489
0.202401
0.202447
0.202467
0.202418
0.202453
0.202433
0.202452
0.20246
0.202474
0.202447
0.202474
0.202403
0.202393
0.202389
0.202406
0.202407
0.202367
0.202334
0.202346
0.202407
0.202391
0.202398
0.202368
0.202377
0.202387
0.202356
0.202374
0.202398
0.202531
0.20253
0.202506
0.202504
0.202486
0.202461
0.202462
0.202476
0.202424
0.202514
0.202509
0.202501
0.202482
0.202469
0.202457
0.202427
0.202445
0.202407
0.202408
0.202424
0.202368
0.202353
0.202348
0.202407
0.20239
0.202404
0.202525
0.202593
0.202627
0.202669
0.202689
0.202686
0.202754
0.202682
0.202706
0.20271
0.202719
0.202733
0.202722
0.202651
0.202695
0.202625
0.202554
0.202393
0.202422
0.202483
0.20248
0.202388
0.202434
0.202445
0.202458
0.202466
0.202461
0.202472
0.202495
0.202498
0.20241
0.202419
0.202435
0.20243
0.202417
0.202415
0.202441
0.202459
0.202461
0.20247
0.202442
0.202465
0.202493
0.202496
0.202516
0.202448
0.20249
0.202484
0.202473
0.202478
0.202434
0.202474
0.202501
0.202495
0.202476
0.202446
0.20249
0.202808
0.202496
0.202554
0.202534
0.202555
0.202496
0.202507
0.202487
0.20249
0.202479
0.202436
0.202477
0.202489
0.202518
0.202483
0.202529
0.202477
0.202542
0.202499
0.202536
0.20254
0.202529
0.202566
0.202525
0.202838
0.202542
0.202529
0.202531
0.202589
0.202576
0.20255
0.202546
0.20254
0.202544
0.202536
0.202528
0.202545
0.202515
0.202518
0.202549
0.202509
0.202553
