0
7.57098e-07
7.73695e-08
9.44593e-08
2.45442e-08
3.74275e-08
5.45109e-08
8.45196e-08
3.43476e-08
1.04604e-07
7.25495e-08
9.7806e-08
4.12114e-08
1.1817e-07
2.76939e-08
7.06551e-08
3.63996e-08
3.37417e-08
1.38573e-08
4.36145e-08
2.6367e-08
4.35928e-08
2.64232e-08
5.023e-08
4.09608e-08
9.33334e-08
6.3083e-08
8.84315e-08
4.43071e-08
7.37806e-08
1.69432e-08
2.93493e-08
4.2628e-08
4.54384e-08
1.96648e-08
2.26447e-08
9.20264e-08
5.09058e-08
1.02479e-07
3.79931e-08
6.19649e-08
2.57132e-08
6.59021e-08
3.75713e-08
7.27789e-08
1.92807e-08
6.58007e-08
1.1052e-07
6.52182e-07
5.88474e-07
2.25325e-06
1.77496e-06
5.60838e-06
4.47152e-06
1.25836e-05
1.11506e-05
2.26316e-05
1.57542e-05
1.26084e-05
2.36516e-06
9.85742e-07
0
