7.57098e-07
7.73695e-08
9.44593e-08
2.45442e-08
3.49466e-08
4.97391e-08
7.78596e-08
2.85081e-08
9.54745e-08
7.25495e-08
9.36711e-08
4.05616e-08
1.1817e-07
2.76939e-08
7.06551e-08
3.63996e-08
3.37417e-08
1.26139e-08
3.18001e-08
2.6367e-08
4.35928e-08
1.17042e-08
4.02766e-08
3.8904e-08
6.84083e-08
6.27137e-08
8.84315e-08
4.43071e-08
7.37806e-08
1.69432e-08
2.7055e-08
4.2628e-08
4.4029e-08
1.93978e-08
2.03662e-08
7.98047e-08
5.09058e-08
1.02479e-07
3.79931e-08
6.19649e-08
2.57132e-08
6.09709e-08
3.75713e-08
7.27789e-08
1.92807e-08
2.44812e-08
3.74388e-08
2.8523e-07
3.64766e-07
1.46483e-06
1.58915e-06
4.01732e-06
3.2838e-06
9.67748e-06
9.25457e-06
1.93361e-05
1.57542e-05
1.26084e-05
2.36516e-06
5.4857e-07
