0.0654857
0.0653704
0.0651099
0.0656278
-0.0364461
0.0668004
0.0938736
0.0935597
0.0652111
-0.05439
0.0664422
0.0665024
0.0656053
0.065118
0.064374
0.0662902
0.0636933
0.0649173
0.0650578
0.0649116
-0.0381152
0.0652278
-0.038666
0.064907
0.0929839
0.0639803
0.0653312
0.0939981
0.0932032
0.0923857
0.0643364
0.0634176
0.093375
0.0937194
0.0936043
0.0654627
0.093363
0.0660019
0.0656565
0.0946389
0.0935839
-0.037574
0.0663456
0.0933452
0.0661755
-0.0650636
0.0938783
0.0940526
0.0931837
0.0948598
0.0929507
-0.0374501
0.0928346
0.0938127
-0.0373264
0.0938802
0.0931705
-0.0365862
0.0655906
0.0925541
0.0659616
0.093235
-0.0654375
0.0943314
0.093551
0.0941697
0.0947875
0.0660442
-0.0378539
0.0664991
0.0653681
0.0658534
0.0656423
0.0656753
-0.0373603
-0.0390105
0.064918
0.0639604
0.0931786
0.065951
0.0663554
-0.0553232
0.0646263
-0.0380335
0.0655414
0.0656026
0.0927303
0.0929679
0.0655272
0.0643529
0.0655797
0.0930239
-0.0374824
0.0650463
0.0930324
0.0656946
0.0662558
0.0651196
0.066561
0.0933984
0.0645227
0.0654271
0.0932133
0.0650104
0.065185
0.0641932
0.0641737
0.065464
-0.0373086
0.0928797
0.0649661
0.0640489
0.0656547
0.0659771
0.0658731
-0.0545258
0.0933107
0.0933318
0.0642893
-0.0383776
0.0924863
0.0641271
0.0659954
0.0933777
0.0912466
-0.03547
0.0652882
0.0644025
0.0923199
0.0928339
0.0655273
0.0651499
0.064473
-0.0367245
0.0655166
0.0655458
0.066273
0.0649
0.0645389
0.0655979
0.0660841
-0.0548813
-0.0378905
0.065545
-0.0377668
0.0648704
0.0655496
0.0658352
0.0645359
0.0647953
0.0646759
0.0656617
0.0654304
0.0631723
0.064676
0.0655779
0.0659936
0.0658112
0.0644192
0.0660648
0.0658154
0.0643584
0.0635834
0.0938265
0.065256
0.0656842
0.0660496
0.0652223
0.0667803
0.0659912
0.0670196
0.0638226
0.0649922
0.0649848
0.0636291
0.0641331
0.0655073
0.0651952
0.0647363
0.0643762
0.0645546
0.0657907
0.0666627
0.0660369
0.0651078
0.0657114
0.0651799
0.0656479
0.0651488
0.0661516
0.0650361
0.0645005
0.0665568
0.0663223
0.066026
0.0661981
0.0662471
0.0657879
0.0655287
0.0655073
0.0637518
0.0662646
0.0660794
0.0652146
0.0658421
0.0659314
0.064923
-0.0203079
0.0662109
0.0661058
-0.0393993
0.0923993
0.0944918
-0.0373636
-0.038466
0.0663189
0.0642045
-0.0384442
0.0660545
-0.0372479
-0.0363384
0.0647528
0.0648818
0.0653677
0.0645015
0.0944641
0.0671111
0.0931003
0.0648197
0.0655229
-0.0383433
0.0925119
0.0647767
-0.0381343
-0.05666
0.0938538
-0.0565647
-0.0397398
0.0941185
0.0930927
-0.0394801
0.0928106
-0.0381146
0.0654146
0.0951391
0.0933961
0.0654858
0.0937742
0.0658266
0.0650872
0.0659075
0.094207
0.0948804
0.0930541
0.0939695
0.09418
0.094132
0.0640015
0.0650039
0.0652229
0.0923211
0.0927615
0.0931603
0.0641304
0.0664831
0.0652644
-0.038428
0.0928668
0.0647541
0.0652358
0.0648406
-0.038298
0.065578
0.0640493
-0.0373627
0.0661441
0.0635984
0.0646937
0.064886
0.0656061
0.0646748
0.0654918
0.0647787
0.0657763
0.0661839
0.0648362
-0.0375858
0.0648807
0.06483
0.0650437
0.0645854
0.0643047
-0.0368224
0.0650894
0.0646173
0.0644255
0.0651241
0.0649387
0.0646903
0.0631175
0.0639743
0.0639891
0.0634742
0.0645785
0.0651432
0.0638708
0.0656884
0.0652435
-0.0363785
0.0647828
0.0662535
0.0654303
0.0673722
-0.0379186
0.0650162
0.0653352
-0.03836
0.0647101
0.0662542
0.0664752
0.0651228
0.0658959
0.0942247
-0.0377195
-0.0375911
0.0651214
0.0649582
0.0655888
0.0625078
0.0661673
0.0664685
0.0655911
-0.0372078
0.0656687
0.0641817
0.065063
0.0638577
-0.0380722
0.0637162
0.0648973
0.0934219
0.065489
0.064131
-0.037196
0.0642449
0.0648928
0.0648481
0.0654679
0.0651268
0.065039
0.0649837
0.0651983
0.0656477
0.0652513
-0.038218
0.0659233
0.0654501
0.0644695
0.0633426
-0.0364412
0.0648316
0.0654379
0.0659566
0.0666179
0.0659268
0.0650814
0.0653603
0.0657767
0.0923768
0.0925566
0.065953
0.0651405
0.0940015
0.0663026
0.0651236
0.0941158
0.0669224
-0.0380605
-0.038077
0.0941043
0.0936662
0.0932781
0.0644357
0.0936786
0.0649828
0.0657561
0.0936213
0.0667184
0.0664663
0.0663805
0.0662592
0.0658548
0.0666928
0.0663921
0.0940447
0.0654181
0.065489
0.0665616
0.0650712
0.0649668
0.0649454
0.065182
0.0648402
0.0649127
0.0652511
0.0936287
0.0648898
0.0658008
0.0644168
0.0649962
0.0650061
0.0659341
0.0656208
0.0651729
0.0917903
0.0937865
0.0656039
0.066375
0.092819
0.0654426
-0.037816
0.0942507
0.0649045
0.0925007
0.0958676
0.0655178
0.0928455
0.0653826
0.0923842
0.0933516
0.0663169
0.0657062
0.0922935
0.0929939
0.0652635
0.0642206
0.0659838
0.0653798
0.0932715
0.0653017
0.0920551
0.0650432
-0.0380672
0.0666338
0.0659486
0.0638374
0.0650113
0.0911525
0.0642777
-0.0362028
0.0651008
0.0646095
-0.0381827
0.0654036
0.0931518
0.0929055
-0.0385533
0.0935064
0.0921487
0.0933005
0.0934814
0.0933274
0.0931493
0.0939903
0.0655943
0.0930164
0.0661188
0.0932759
0.0925994
0.0929864
0.0924411
0.065074
0.0651174
-0.0378481
0.0644919
-0.0379194
0.0643441
0.0652018
0.0657257
0.0648616
0.0644743
0.0655015
0.0651967
0.064915
0.0657244
0.0944081
-0.0381655
0.0934275
0.0645172
0.0656633
0.0664749
0.0926936
0.0647747
0.06429
0.0641643
0.064374
0.0930681
0.0943065
0.0652273
0.0654371
0.093302
