2.48816e-07
3.26586e-08
5.69001e-08
1.87167e-08
3.74275e-08
5.45109e-08
8.45196e-08
3.43476e-08
1.04604e-07
4.39574e-08
9.7806e-08
4.12114e-08
8.55873e-08
2.63008e-08
5.56276e-08
3.13343e-08
2.61893e-08
1.38573e-08
4.36145e-08
2.36306e-08
2.76219e-08
2.64232e-08
5.023e-08
4.09608e-08
9.33334e-08
6.3083e-08
8.45371e-08
3.46893e-08
5.00791e-08
1.23387e-08
2.93493e-08
3.69602e-08
4.54384e-08
1.96648e-08
2.26447e-08
9.20264e-08
4.69248e-08
9.32421e-08
2.58931e-08
5.32902e-08
2.14182e-08
6.59021e-08
3.73342e-08
4.67309e-08
1.03e-08
6.58007e-08
1.1052e-07
6.52182e-07
5.88474e-07
2.25325e-06
1.77496e-06
5.60838e-06
4.47152e-06
1.25836e-05
1.11506e-05
2.26316e-05
1.46695e-05
9.29556e-06
5.32098e-07
9.85742e-07
