2.06145
2.06426
2.06593
2.06414
-2.0619
2.06318
2.06738
2.06816
2.06846
-2.06414
2.06305
2.06623
2.06455
2.06783
2.06089
2.06496
2.06761
2.06366
2.06225
2.06406
-2.06163
2.06833
-2.06427
2.06743
2.06904
2.06744
2.06369
2.06635
2.06784
2.06858
2.06683
2.06439
2.06827
2.06956
2.06965
2.06584
2.07008
2.06704
2.06875
2.06555
2.06739
-2.06249
2.06621
2.06374
2.06401
-2.0642
2.06592
2.06963
2.06904
2.06889
2.06843
-2.06438
2.06779
2.06885
-2.06351
2.06772
2.06552
-2.06474
2.06679
2.0686
2.06767
2.06909
-2.06433
2.06836
2.06886
2.06836
2.06684
2.06828
-2.0675
2.06707
2.06423
2.06675
2.06538
2.06596
-2.0649
-2.06362
2.06296
2.06478
2.06511
2.06602
2.06283
-2.06385
2.06377
-2.06281
2.06216
2.06925
2.06909
2.0666
2.0659
2.0635
2.06665
2.06607
-2.06353
2.06579
2.06737
2.0644
2.06487
2.06551
2.06684
2.06737
2.0663
2.0668
2.06904
2.06339
2.06448
2.06701
2.06476
2.06712
-2.06268
2.06477
2.06333
2.06821
2.06459
2.06401
2.06579
-2.06576
2.06913
2.06876
2.06724
-2.06309
2.06688
2.06477
2.06781
2.07051
2.06547
-2.0625
2.06694
2.06772
2.06864
2.06683
2.06219
2.06733
2.06637
-2.06398
2.06696
2.06643
2.06697
2.06309
2.06874
2.06275
2.06553
-2.06281
-2.06372
2.06457
-2.06364
2.06735
2.06625
2.06424
2.06413
2.06607
2.06288
2.06715
2.06479
2.06161
2.06562
2.06651
2.06538
2.0663
2.06584
2.06662
2.06753
2.06569
2.06686
2.06777
2.06615
2.06635
2.06682
2.0656
2.06597
2.06547
2.06872
2.06453
2.06601
2.06653
2.06296
2.0673
2.06738
2.06298
2.06587
2.06724
2.06579
2.06331
2.06661
2.06498
2.06612
2.068
2.06509
2.06458
2.06784
2.06492
2.06408
2.0678
2.06601
2.06915
2.06546
2.06479
2.06384
2.06858
2.06439
2.06676
2.06803
2.06633
2.06543
2.06306
2.06509
2.06769
2.06551
-2.06486
2.06593
2.06538
-2.06179
2.07124
2.06874
-2.06181
-2.06309
2.06829
2.06475
-2.06328
2.06789
-2.06118
-2.0624
2.06375
2.0646
2.06551
2.06801
2.06831
2.06611
2.06323
2.06851
2.06717
-2.06441
2.06795
2.06457
-2.06123
-2.06275
2.06842
-2.06481
-2.0632
2.06962
2.06889
-2.06405
2.06921
-2.06353
2.06624
2.06694
2.06557
2.06659
2.06552
2.06467
2.0678
2.06423
2.06747
2.06728
2.06694
2.06682
2.06492
2.06677
2.06676
2.06692
2.06545
2.06906
2.06653
2.06744
2.06582
2.06824
2.06813
-2.06317
2.06528
2.06681
2.06423
2.06298
-2.06295
2.06595
2.06573
-2.06502
2.06861
2.06497
2.06759
2.06523
2.06413
2.06543
2.06766
2.06512
2.06609
2.06482
2.06829
-2.0607
2.06448
2.06697
2.06392
2.06406
2.06483
-2.0604
2.06286
2.06411
2.06511
2.06348
2.06284
2.06548
2.066
2.06822
2.06724
2.06672
2.06415
2.06697
2.0656
2.06674
2.06682
-2.06261
2.06481
2.0675
2.06619
2.06768
-2.06595
2.06829
2.06778
-2.06445
2.06533
2.06357
2.06742
2.06502
2.06499
2.06772
-2.06413
-2.06239
2.06382
2.06305
2.06283
2.06611
2.06772
2.06411
2.06416
-2.06318
2.06814
2.06544
2.06519
2.06289
-2.06404
2.06312
2.06327
2.06635
2.06559
2.06644
-2.0612
2.06707
2.06274
2.06429
2.06703
2.06599
2.06679
2.06421
2.06559
2.06609
2.06272
-2.06109
2.06463
2.06506
2.06602
2.0637
-2.06094
2.06738
2.06563
2.06275
2.0642
2.06204
2.06709
2.06149
2.06824
2.06765
2.06994
2.06274
2.06586
2.06649
2.06601
2.06312
2.06544
2.06529
-2.0642
-2.06055
2.06705
2.0695
2.06745
2.06419
2.07075
2.06758
2.06084
2.06671
2.06807
2.0617
2.06405
2.0641
2.06676
2.06545
2.07021
2.0658
2.06274
2.06982
2.06554
2.06414
2.0677
2.06455
2.06722
2.06682
2.06656
2.06489
2.06612
2.06762
2.0687
2.06545
2.06977
2.06438
2.06763
2.06228
2.0647
2.06218
2.06832
2.06494
2.06673
2.06487
2.06292
-2.06501
2.06613
2.06671
2.06805
2.06699
2.06138
2.06289
2.0672
2.06549
2.06844
2.06779
2.06219
2.06757
2.06848
2.06757
2.06565
2.06616
2.06468
2.06646
2.06673
2.06956
2.06653
-2.06225
2.06646
2.06363
2.06783
2.06517
2.0674
2.06391
-2.06322
2.06476
2.06688
-2.06295
2.06927
2.06634
2.06485
-2.06376
2.06426
2.06557
2.0662
2.06541
2.06686
2.0643
2.0653
2.06312
2.0638
2.06216
2.06647
2.06795
2.0644
2.06582
2.06401
2.06249
-2.05586
2.06178
-2.06344
2.06665
2.06568
2.06601
2.06384
2.06481
2.06552
2.06684
2.06661
2.0665
2.07013
-2.06273
2.06862
2.06557
2.06602
2.06749
2.06767
2.06519
2.06201
2.06505
2.06537
2.06566
2.06926
2.06359
2.06158
2.0677
