-0.0359763
-0.0357634
-0.0352819
-0.036243
3.09408
-0.0384331
-0.0217677
-0.0212257
-0.0354743
3.10349
-0.0377647
-0.0378647
-0.0362011
-0.0353012
-0.0338874
-0.037475
-0.0326665
-0.0349171
-0.0351757
-0.0349078
3.09095
-0.0355048
3.09007
-0.03491
-0.0202055
-0.0331959
-0.0356896
-0.0219444
-0.0205443
-0.0190679
-0.0338511
-0.0321251
-0.0208884
-0.0215989
-0.0213906
-0.0359365
-0.0209679
-0.0369354
-0.0362959
-0.0231
-0.0212284
3.09201
-0.0375741
-0.0205761
-0.037264
3.10484
-0.0216971
-0.0222205
-0.0205768
-0.0236793
-0.0201088
3.09233
-0.0198559
-0.0217338
3.09252
-0.0217979
-0.0203509
3.09396
-0.0361742
-0.0193818
-0.0368598
-0.0206747
3.10415
-0.0226715
-0.0212481
-0.0223704
-0.0234427
-0.0370114
3.09175
-0.0378554
-0.035759
-0.0366607
-0.0362699
-0.0363311
3.09253
3.08939
-0.0349161
-0.0331394
-0.0203421
-0.0368427
-0.0376033
3.10175
-0.0343745
3.09117
-0.0360812
-0.0361967
-0.019738
-0.0200347
-0.0360562
-0.0338627
-0.0361539
-0.0201085
3.09223
-0.0351633
-0.0201998
-0.0363673
-0.0374114
-0.0352989
-0.0379709
-0.0208815
-0.0341936
-0.0358712
-0.0206314
-0.0350901
-0.0354183
-0.0335871
-0.0335364
-0.0359399
3.09251
-0.0197621
-0.0350072
-0.0333282
-0.0362931
-0.0368941
-0.0366983
3.10325
-0.0208174
-0.0208359
-0.0337664
3.09054
-0.0191526
-0.0334496
-0.0369221
-0.0210188
-0.0167451
3.09593
-0.0356143
-0.0339784
-0.0189489
-0.0197977
-0.0360548
-0.035359
-0.0341018
3.09366
-0.0360371
-0.0360909
-0.0374374
-0.0348829
-0.0342354
-0.036187
-0.0370905
3.10256
3.09148
-0.0360888
3.09171
-0.034842
-0.0360979
-0.0366294
-0.0342076
-0.0346983
-0.0344631
-0.0363057
-0.0358757
-0.0316372
-0.0344751
-0.0361505
-0.0369228
-0.0365831
-0.0339993
-0.0370525
-0.0365898
-0.0338855
-0.0324565
-0.0217008
-0.0355533
-0.0363475
-0.0370241
-0.0354897
-0.0383813
-0.036918
-0.0388084
-0.0328809
-0.0350635
-0.0350512
-0.0325064
-0.0334777
-0.0360201
-0.0354343
-0.0345881
-0.0339271
-0.0342503
-0.0365471
-0.0381602
-0.0370038
-0.0352783
-0.0363973
-0.0354101
-0.0362805
-0.0353581
-0.0372173
-0.0351399
-0.0341599
-0.0379665
-0.0375218
-0.0369828
-0.0373041
-0.037398
-0.0365382
-0.0360584
-0.0360197
-0.0327781
-0.0374236
-0.0370821
-0.0354707
-0.0366415
-0.036804
-0.0349335
3.08223
-0.0373251
-0.0371312
3.08856
-0.019253
-0.0229887
3.09237
3.09038
-0.0375183
-0.0335936
3.09043
-0.0370312
3.09255
3.09431
-0.0346104
-0.034854
-0.0357597
-0.0341629
-0.0229151
-0.038994
-0.0200863
-0.0347524
-0.0360489
3.09068
-0.0192646
-0.0346581
3.0909
3.09924
-0.0217868
3.09945
3.08801
-0.0223419
-0.0203995
3.08855
-0.0198941
3.09106
-0.0358476
-0.0241033
-0.0207754
-0.0359798
-0.0214804
-0.0366129
-0.0352442
-0.0367642
-0.0223934
-0.0236382
-0.0202151
-0.0219162
-0.0222078
-0.0222166
-0.0332303
-0.0350878
-0.0354907
-0.0189771
-0.0196448
-0.0204421
-0.0334628
-0.0378215
-0.0355721
3.09045
-0.0197678
-0.0346248
-0.0355125
-0.0347714
3.09068
-0.0361506
-0.0333116
3.09253
-0.0371949
-0.0324671
-0.0345161
-0.0348639
-0.0362025
-0.034472
-0.0359917
-0.0346641
-0.0365184
-0.0372776
-0.0347821
3.09189
-0.0348516
-0.034766
-0.0351536
-0.0342995
-0.0337806
3.09331
-0.0352362
-0.0343593
-0.034007
-0.0353026
-0.0349545
-0.034501
-0.0315838
-0.0331906
-0.0332107
-0.0322528
-0.034287
-0.0353457
-0.0329792
-0.0363553
-0.0355312
3.09424
-0.0346704
-0.0373998
-0.0358767
-0.0394662
3.09155
-0.0351142
-0.0357024
3.09065
-0.0345373
-0.0374121
-0.0378099
-0.0353036
-0.0367417
-0.0224393
3.09182
3.09197
-0.0352984
-0.0349916
-0.0361701
-0.0304532
-0.03724
-0.0378098
-0.0361746
3.09273
-0.0363186
-0.0335556
-0.0351929
-0.0329332
3.09116
-0.0326706
-0.0348785
-0.020868
-0.0359852
-0.0334681
3.09265
-0.0336832
-0.0348683
-0.0347901
-0.0359469
-0.0353132
-0.0351524
-0.0350426
-0.0354451
-0.0362799
-0.0355387
3.09073
-0.0367931
-0.0359124
-0.0340936
-0.0319783
3.09405
-0.0347704
-0.0358903
-0.0368577
-0.0380879
-0.0368029
-0.0352316
-0.0357412
-0.0365179
-0.0189949
-0.0194663
-0.0368512
-0.0353384
-0.0219581
-0.037495
-0.0353008
-0.0221152
-0.0386488
3.09119
3.09097
-0.0221795
-0.021497
-0.0206622
-0.0340211
-0.0215883
-0.0350506
-0.0364839
-0.0212604
-0.0382563
-0.0378148
-0.0376459
-0.0374199
-0.0366634
-0.0382215
-0.0376469
-0.0220016
-0.0358507
-0.0359878
-0.0379774
-0.0352056
-0.0350214
-0.0349723
-0.0354181
-0.0347844
-0.0349178
-0.0355422
-0.0212413
-0.0348787
-0.0365619
-0.0339926
-0.0350814
-0.0350848
-0.036809
-0.0362298
-0.0353963
-0.017552
-0.0216563
-0.0361985
-0.037627
-0.0196539
-0.0358967
3.09169
-0.0224042
-0.0349029
-0.0192496
-0.0254636
-0.0360366
-0.0195863
-0.0357893
-0.0188767
-0.0208546
-0.037516
-0.0363898
-0.0188347
-0.020192
-0.0355694
-0.0336292
-0.0369033
-0.0357814
-0.0205934
-0.0356389
-0.0185139
-0.0351595
3.09108
-0.0381073
-0.0368415
-0.0329347
-0.0350967
-0.0166977
-0.0337248
3.0946
-0.0352621
-0.0343573
3.0909
-0.0358302
-0.020363
-0.0198151
3.09025
-0.0209084
-0.0184412
-0.0206324
-0.0209264
-0.0207206
-0.0202406
-0.0218729
-0.0361803
-0.0199616
-0.0371624
-0.0206022
-0.0194273
-0.0199407
-0.0190035
-0.0352104
-0.0352878
3.09115
-0.0341135
3.09141
-0.0338643
-0.0354519
-0.0364246
-0.0348137
-0.0340961
-0.0360084
-0.0354447
-0.0349222
-0.036422
-0.0229046
3.09092
-0.0210058
-0.03418
-0.0363088
-0.037809
-0.0195859
-0.0346569
-0.0337364
-0.0335207
-0.0339126
-0.0201671
-0.0226716
-0.0354955
-0.0358853
-0.0207205
