0.203113
0.203135
0.203121
0.20309
0.20301
0.202987
0.203115
0.202946
0.20295
0.202997
0.203082
0.203007
0.202996
0.202974
0.202951
0.203103
0.202968
0.203121
0.202995
0.203095
0.203101
0.203082
0.203054
0.203023
0.20306
0.203068
0.203094
0.203115
0.203073
0.20311
0.203104
0.20309
0.203
0.2034
0.203108
0.203123
0.203062
0.203085
0.203056
0.203127
0.202973
0.202993
0.203113
0.203098
0.203123
0.203025
0.202973
0.203113
0.203065
0.203085
0.203061
0.20297
0.203122
0.203054
0.203076
0.202967
0.202966
0.202973
0.203115
0.203083
0.203078
0.203057
0.202996
0.203115
0.203021
0.203001
0.202983
0.203015
0.202949
0.203105
0.202993
0.203014
0.202987
0.202981
0.202979
0.202988
0.202973
0.202996
0.202987
0.203007
0.203022
0.202986
0.202972
0.202957
0.202981
0.202982
0.20297
0.203003
0.202959
0.202977
0.202987
0.202957
0.203003
0.202997
0.202946
0.202972
0.20296
0.202969
0.202978
0.202975
0.202986
0.202964
0.202985
0.203
0.203083
0.202969
0.202994
0.202983
0.202995
0.20299
0.202952
0.202964
0.202964
0.202986
0.202974
0.202996
0.202959
0.202955
0.20297
0.203084
0.202896
0.202961
0.203048
0.203041
0.203067
0.203093
0.203067
0.203089
0.203087
0.203056
0.202966
0.202965
0.202957
0.203
0.203097
0.203012
0.202992
0.202992
0.202987
0.203015
0.202999
0.202977
0.202972
0.202993
0.202975
0.203029
0.203057
0.203025
0.203035
0.203
0.202984
0.202991
0.202962
0.202969
0.202958
0.203024
0.202974
0.202987
0.203015
0.202997
0.203004
0.203071
0.202985
0.203086
0.203142
0.202959
0.203123
0.203108
0.203131
0.203065
0.20309
0.203005
0.202974
0.202935
0.203069
0.203061
0.202962
0.202958
0.20295
0.202993
0.202984
0.202987
0.203078
0.202991
0.202987
0.202981
0.203089
0.202999
0.202986
0.202997
0.20296
0.202998
0.203018
0.202995
0.20302
0.202997
0.203018
0.202995
0.203012
0.203027
0.203018
0.203005
0.203001
0.203046
0.20307
0.203032
0.20304
0.202983
0.202987
0.203012
0.203016
0.202977
0.20297
0.203023
0.203007
0.202988
0.202986
0.203008
0.203095
0.202976
0.202993
0.203009
0.203006
0.203037
0.20301
0.203083
0.203119
0.203087
0.203109
0.203081
0.203019
0.203078
0.203007
0.203022
0.203101
0.203089
0.202979
0.202988
0.202993
0.203095
0.202984
0.202987
0.202991
0.203034
0.20309
0.203091
0.202991
0.203098
0.202987
0.202998
0.202987
0.202961
0.203081
0.202972
0.20299
0.203092
0.203067
0.202976
0.202954
0.202957
0.202948
0.202971
0.20298
0.20298
0.202972
0.202987
0.203101
0.202978
0.202984
0.203065
0.203067
0.203056
0.202989
0.203122
0.202978
0.202966
0.202997
0.203032
0.203104
0.202999
0.202965
0.203
0.202966
0.203006
0.202991
0.203078
0.203018
0.202995
0.203027
0.20304
0.202983
0.202964
0.202983
0.202972
0.202975
0.20298
0.202976
0.203011
0.202991
0.202967
0.202999
0.202946
0.202976
0.203015
0.203002
0.202951
0.202923
0.202951
0.202958
0.202987
0.203109
0.202967
0.20305
0.202974
0.203128
0.20298
0.202976
0.203022
0.202976
0.203086
0.203014
0.203114
0.20312
0.20301
0.203119
0.203056
0.20298
0.203127
0.203085
0.203117
0.202993
0.203047
0.20312
0.20308
0.203074
0.20301
0.202998
0.202997
0.203001
0.202974
0.202944
0.202965
0.202979
0.203003
0.202982
0.203036
0.203035
0.202992
0.203018
0.202998
0.20296
0.203015
0.202987
0.20304
0.202981
0.203034
0.203035
0.203095
0.20303
0.203027
0.203145
0.202959
0.203042
0.203014
0.203008
0.202994
0.202999
0.203115
0.203007
0.203094
0.202988
0.203033
0.202984
0.202961
0.203027
0.203003
0.203013
0.202999
0.203017
0.202999
0.20301
0.203006
0.203011
0.202996
0.203019
0.203013
0.20299
0.203019
0.202992
0.203001
0.202981
0.203064
0.203009
0.203009
0.202967
0.203021
0.202984
0.203015
0.202992
0.202976
0.202987
0.203049
0.202981
0.202953
0.203016
0.202963
0.202995
0.203021
0.203021
0.202996
0.203032
0.203092
0.202995
0.202949
0.202937
0.202978
0.202992
0.202987
0.203047
0.203013
0.202975
0.203009
0.203009
0.203006
0.202943
0.202993
0.202983
0.203068
0.20294
0.202965
0.203122
0.203092
0.202955
0.202986
0.20296
0.202985
0.202984
0.202982
0.203006
0.203019
0.203014
0.202989
0.202984
0.202961
0.202964
0.203008
0.202998
0.202997
0.202974
0.203008
0.202982
0.203001
0.202988
0.202962
0.202942
0.202948
0.202972
0.202963
0.202962
0.20293
0.202922
0.202969
0.20293
0.202938
0.202973
0.20298
0.20295
0.202952
0.203075
0.202946
0.202925
0.20297
0.202955
0.202963
0.203028
0.203011
0.203035
0.203022
0.203008
0.203006
0.202975
0.202953
0.203003
0.202998
0.203017
0.202956
0.20304
0.203001
0.203102
0.202982
0.203007
0.203127
0.203016
0.20299
0.202994
0.203014
0.202984
0.203
0.203044
0.203002
0.203011
