0.93125
0.93115
0.931263
0.931125
0.931605
0.931383
0.931213
0.931161
0.931086
0.931395
0.9311
0.931457
0.931407
0.931272
0.931247
0.931088
0.931272
0.931263
0.931519
0.93115
0.9311
0.930975
0.93105
0.9308
0.930963
0.9309
0.931163
0.931225
0.931025
0.9312
0.93115
0.931038
0.931407
0.93038
0.931088
0.931275
0.930963
0.931163
0.930938
0.9312
0.931296
0.931519
0.931225
0.931
0.931275
0.931543
0.931407
0.931113
0.93105
0.931088
0.930975
0.931284
0.931275
0.930938
0.93105
0.931284
0.93121
0.93121
0.931225
0.930963
0.93105
0.930938
0.931407
0.931213
0.931506
0.931432
0.931259
0.931482
0.931259
0.931175
0.931482
0.931494
0.931284
0.931259
0.93142
0.931482
0.931321
0.93142
0.931198
0.931556
0.931543
0.93137
0.931309
0.931148
0.93137
0.931407
0.931272
0.931383
0.931235
0.931333
0.931444
0.931235
0.931556
0.931506
0.931173
0.931296
0.931247
0.931284
0.931222
0.931296
0.931346
0.931247
0.931333
0.931358
0.931088
0.931259
0.931407
0.931247
0.931531
0.931395
0.931222
0.931222
0.931259
0.93137
0.93121
0.931395
0.93121
0.931198
0.931185
0.931188
0.930938
0.931333
0.9309
0.93085
0.930938
0.931138
0.9309
0.931113
0.931075
0.93095
0.931309
0.931321
0.93121
0.931531
0.931125
0.931383
0.931296
0.93142
0.931333
0.931519
0.931407
0.931333
0.931494
0.931395
0.93142
0.931457
0.931667
0.931556
0.931617
0.931432
0.931309
0.931272
0.931259
0.931235
0.931321
0.931432
0.931296
0.931284
0.931407
0.931407
0.931444
0.930938
0.931346
0.931088
0.931163
0.931321
0.931175
0.931113
0.931288
0.931013
0.931113
0.931457
0.931321
0.931111
0.931038
0.93095
0.931235
0.931346
0.931185
0.93137
0.931173
0.931395
0.931038
0.931383
0.93137
0.931309
0.931025
0.931432
0.931346
0.931407
0.931259
0.931383
0.931407
0.931383
0.931519
0.931432
0.931519
0.931358
0.931494
0.931543
0.931494
0.931531
0.931333
0.931667
0.931741
0.931482
0.93163
0.93142
0.931444
0.931482
0.931543
0.931284
0.931272
0.931667
0.931383
0.931358
0.931383
0.931383
0.931038
0.931543
0.931506
0.931482
0.931457
0.931605
0.931457
0.930875
0.931238
0.931125
0.9312
0.931063
0.931617
0.931063
0.931383
0.93158
0.9311
0.9311
0.931432
0.931482
0.93137
0.931138
0.931457
0.931358
0.931494
0.931482
0.9311
0.931125
0.931383
0.931175
0.931383
0.931407
0.931395
0.931161
0.931075
0.93137
0.93137
0.93105
0.931013
0.931296
0.931284
0.931136
0.931161
0.931296
0.931247
0.931259
0.931272
0.931235
0.931275
0.931333
0.931333
0.931025
0.931113
0.931075
0.93137
0.931275
0.93142
0.931247
0.931432
0.931568
0.931175
0.931259
0.931259
0.93142
0.931284
0.931444
0.931383
0.931038
0.931654
0.931321
0.931543
0.931617
0.931358
0.931259
0.931494
0.931235
0.931235
0.93142
0.931333
0.931321
0.931395
0.931358
0.931395
0.931161
0.93121
0.931519
0.93142
0.931111
0.931136
0.931185
0.931432
0.93137
0.931188
0.931259
0.930913
0.931284
0.931263
0.931383
0.93142
0.931432
0.931432
0.931
0.93142
0.931225
0.93125
0.931383
0.931263
0.93105
0.931272
0.9313
0.931088
0.931213
0.931407
0.931469
0.931175
0.93105
0.931025
0.931469
0.931444
0.931519
0.931469
0.931321
0.931259
0.931284
0.931395
0.93158
0.931235
0.931531
0.931506
0.931383
0.93142
0.931321
0.931259
0.931494
0.931272
0.931457
0.931482
0.931593
0.93158
0.931125
0.931494
0.931494
0.931375
0.931247
0.931642
0.931519
0.931407
0.931383
0.931457
0.931213
0.931457
0.931113
0.931309
0.931482
0.931346
0.931321
0.931568
0.931358
0.931407
0.931494
0.931457
0.931432
0.931444
0.931444
0.931568
0.93137
0.931519
0.931531
0.931296
0.931494
0.93142
0.931444
0.931259
0.931519
0.931457
0.931432
0.931272
0.931543
0.931222
0.931482
0.931395
0.931198
0.931284
0.931642
0.931333
0.931198
0.93142
0.931272
0.93137
0.931506
0.931519
0.931358
0.931494
0.931113
0.931346
0.931111
0.931161
0.931222
0.931395
0.931358
0.931654
0.931506
0.931296
0.931284
0.931457
0.931432
0.931062
0.931346
0.931383
0.931
0.931272
0.931235
0.931238
0.93115
0.931222
0.931247
0.93121
0.931272
0.931333
0.93137
0.931457
0.931407
0.931469
0.931358
0.931482
0.931235
0.931272
0.931346
0.931346
0.931407
0.931235
0.931469
0.931259
0.93142
0.931296
0.931222
0.931173
0.93121
0.93121
0.931259
0.931259
0.931123
0.930988
0.931284
0.931235
0.931148
0.931321
0.931444
0.931222
0.93121
0.931038
0.931198
0.931086
0.931383
0.931247
0.931432
0.931593
0.931506
0.931568
0.931444
0.931457
0.931556
0.931321
0.931136
0.931444
0.931407
0.931407
0.931198
0.931444
0.931395
0.931088
0.931358
0.931358
0.931175
0.931494
0.931346
0.931407
0.931494
0.931272
0.931407
0.931642
0.931469
0.931457
