1 1 1 1 1 1 1 1 1 1 1 1 1 1 1 1 
0.513825 0.615207 0.528802 0.480415 0.574885 0.635945 0.697005 0.859447 0.526498 0.609447 0.608295 0.511521 0.562212 0.729263 0.509217 0.486175 
0.998962 1 1 1 1 1 1 0.994808 1 1 1 1 1 1 1 1 
1 0.998698 0.998698 0.529948 0.884115 1 0.307292 0.505208 0.952147 1 0.552083 0.998698 0.671875 1 0.535156 0.974233 
0.495706 1 0.676074 0.294479 0.28589 0.469939 0.303067 1 1 0.598773 0.388957 0.466258 0.527607 0.492025 0.289571 1 
0.987976 0.524048 0.466934 1 0.49499 0.990982 0.973948 0.982966 0.462926 1 1 0.997996 0.99499 0.468938 0.476954 0.991984 
0.996364 0.552147 0.993636 0.982727 0.999091 0.999091 0.885455 0.999091 0.547239 0.972727 0.574233 0.999091 0.998182 0.979091 0.536196 0.990909 
0.993318 1 0.996659 1 0.989978 0.998886 0.997773 0.998886 1 0.998886 0.993318 0.987751 1 0.997773 0.995546 1 
0.296933 1 0.321472 0.30184 0.425767 1 0.998492 0.984049 0.478528 0.342331 0.373006 0.33865 1 0.309202 0.300613 0.328834 
0.946012 1 1 1 0.997546 1 1 1 0.997783 1 0.978936 1 1 0.996674 0.988957 0.987805 
1 1 0.993833 1 1 1 0.998972 1 1 1 1 1 0.991778 1 0.988695 1 
1 1 1 1 1 1 1 1 1 1 1 1 1 1 1 1 
1 1 1 1 1 1 1 1 1 1 1 1 1 1 1 1 
0.998947 1 1 1 1 0.998947 0.998947 1 1 0.997895 0.995789 1 1 1 1 0.995789 
1 0.968401 0.986059 0.995353 0.997212 0.904275 0.965613 0.981413 0.999071 0.999071 0.986059 0.951673 0.947026 0.973048 0.980483 0.989777 
1 1 1 1 1 1 1 0.99772 1 1 1 1 1 1 1 1 
