1 1 1 1 1 1 1 1 1 1 1 1 1 1 1 1 
1 1 1 1 1 1 1 1 1 1 1 1 1 1 1 1 
1 1 1 1 1 1 1 1 1 1 1 1 1 1 1 1 
1 1 1 1 0.977914 1 1 1 1 1 1 1 0.992638 0.985276 0.96319 1 
1 1 1 1 1 1 0.998478 1 1 1 1 1 1 1 1 1 
1 1 1 1 1 1 1 1 1 1 1 1 1 1 1 1 
1 0.992727 1 1 1 1 1 1 0.991818 1 0.991818 1 1 1 0.978182 1 
1 1 1 1 1 1 1 1 1 1 1 1 1 1 1 1 
1 1 1 0.998492 1 1 1 1 1 0.992459 1 0.918552 1 0.969834 1 1 
1 1 1 1 0.996674 0.993348 1 1 1 1 1 1 1 1 1 1 
1 1 1 1 1 1 1 1 1 1 1 1 1 1 1 1 
1 1 1 1 1 1 1 1 1 1 1 1 1 1 1 1 
1 1 1 1 1 1 1 1 1 1 1 1 1 1 1 1 
1 1 1 1 1 1 1 1 1 1 1 1 1 1 1 1 
1 1 1 1 1 1 1 1 1 1 1 1 1 1 1 1 
1 1 1 1 1 1 1 1 1 1 1 1 1 1 1 1 
