1.4232e-05 1.46461e-05 1.37837e-05 1.26985e-05 1.22282e-05 1.45217e-05 1.44891e-05 1.24862e-05 1.26729e-05 1.22765e-05 1.2559e-05 1.38256e-05 1.39602e-05 1.35175e-05 1.5547e-05 1.45132e-05 
2.01075e-05 2.33913e-05 3.17634e-05 1.96131e-05 3.13807e-05 3.41262e-05 3.36724e-05 2.69935e-05 3.20832e-05 2.46e-05 2.30516e-05 3.00707e-05 2.13496e-05 2.18528e-05 2.24684e-05 2.22972e-05 
2.43859e-05 2.52261e-05 2.61053e-05 2.60597e-05 2.43435e-05 2.61439e-05 3.05573e-05 2.59666e-05 2.61159e-05 1.73826e-05 2.82178e-05 2.69025e-05 2.3709e-05 1.98965e-05 2.01068e-05 2.38833e-05 
3.15066e-05 2.95665e-05 2.94069e-05 3.54978e-05 5.28074e-05 2.64798e-05 3.63857e-05 3.09318e-05 5.62466e-05 3.86275e-05 3.16295e-05 3.05598e-05 3.95151e-05 4.2766e-05 6.7007e-05 5.176e-05 
6.90581e-05 4.13602e-05 4.25393e-05 4.31374e-05 4.20721e-05 5.6413e-05 5.33503e-05 3.83279e-05 2.95724e-05 4.28606e-05 3.78079e-05 4.60551e-05 3.68235e-05 5.4622e-05 3.90013e-05 3.17457e-05 
2.14249e-05 1.91022e-05 2.10031e-05 3.05017e-05 1.77262e-05 2.22435e-05 1.86441e-05 2.22957e-05 2.23842e-05 2.25604e-05 2.32785e-05 2.49993e-05 2.26435e-05 1.81285e-05 2.24432e-05 1.65813e-05 
1.9396e-05 5.71199e-05 2.86289e-05 2.76164e-05 2.01879e-05 4.27698e-05 3.02753e-05 2.01736e-05 5.76937e-05 3.24147e-05 5.04539e-05 3.28465e-05 2.77448e-05 3.37017e-05 7.93078e-05 3.76126e-05 
2.73232e-05 2.61924e-05 2.69718e-05 2.54862e-05 2.61435e-05 2.64903e-05 2.52316e-05 2.76498e-05 2.78701e-05 2.62626e-05 3.08208e-05 3.05411e-05 2.56081e-05 2.5963e-05 2.40484e-05 2.49186e-05 
5.76217e-05 4.51526e-05 5.09271e-05 5.7087e-05 6.86441e-05 4.15704e-05 5.46385e-05 5.41486e-05 5.8752e-05 6.67294e-05 5.00455e-05 0.000126254 4.23768e-05 8.70246e-05 4.259e-05 5.20042e-05 
4.73594e-05 2.90386e-05 4.25226e-05 3.5405e-05 3.93245e-05 4.5299e-05 1.83451e-05 2.68761e-05 3.23212e-05 4.19475e-05 3.68409e-05 2.23214e-05 2.1611e-05 2.24908e-05 4.94047e-05 2.80697e-05 
2.04793e-05 1.73113e-05 2.22033e-05 2.5913e-05 2.12113e-05 2.01246e-05 2.56693e-05 2.15128e-05 1.86689e-05 2.34935e-05 2.44365e-05 2.83043e-05 1.7712e-05 1.95391e-05 1.78337e-05 1.76768e-05 
2.57145e-05 2.65624e-05 2.55843e-05 2.40832e-05 2.53352e-05 2.6347e-05 2.83963e-05 2.55871e-05 2.60015e-05 2.72492e-05 2.5957e-05 2.44394e-05 2.35053e-05 2.61273e-05 2.57943e-05 2.70301e-05 
1.30853e-05 1.40951e-05 1.40431e-05 1.29856e-05 1.36711e-05 1.37149e-05 1.33709e-05 1.36681e-05 1.35964e-05 1.40207e-05 1.37222e-05 1.22118e-05 1.35346e-05 1.3331e-05 1.53301e-05 1.28081e-05 
1.79322e-05 1.77168e-05 2.23087e-05 1.94107e-05 1.85793e-05 1.6152e-05 1.99805e-05 1.62482e-05 1.98574e-05 1.70912e-05 1.94956e-05 2.08369e-05 1.72154e-05 1.915e-05 1.62572e-05 1.84768e-05 
1.74778e-05 1.62914e-05 1.26448e-05 1.14762e-05 1.27519e-05 1.30946e-05 1.83671e-05 1.37857e-05 1.59742e-05 1.68461e-05 1.53573e-05 1.47777e-05 1.55482e-05 1.41871e-05 1.41357e-05 1.35807e-05 
1.66335e-05 1.86979e-05 1.72033e-05 1.53833e-05 1.538e-05 1.5712e-05 1.5711e-05 1.83416e-05 1.68784e-05 1.67455e-05 1.74516e-05 1.41262e-05 1.5923e-05 1.52052e-05 1.40819e-05 1.67345e-05 
