1 1 1 1 1 1 1 1 1 1 1 1 1 1 1 1 
0.513825 0.615207 0.528802 0.480415 0.574885 0.635945 0.697005 0.859447 0.526498 0.609447 0.608295 0.511521 0.562212 0.729263 0.509217 0.486175 
0.998962 1 1 1 1 1 1 0.994808 1 1 1 1 1 1 1 1 
1 0.998698 0.998698 0.529948 0.884115 1 0.307292 0.505208 1 1 0.552083 0.998698 0.671875 1 0.535156 1 
1 1 1 1 1 1 0.998478 1 1 1 1 1 1 1 1 1 
0.987976 0.524048 0.466934 1 0.49499 0.990982 0.973948 0.982966 0.462926 1 1 0.997996 0.99499 0.468938 0.476954 0.991984 
0.996364 0.992727 0.993636 0.982727 0.999091 0.999091 0.885455 0.999091 0.991818 0.972727 0.991818 0.999091 0.998182 0.979091 0.978182 0.990909 
0.993318 1 0.996659 1 0.989978 0.998886 0.997773 0.998886 1 0.998886 0.993318 0.987751 1 0.997773 0.995546 1 
1 1 1 0.998492 1 1 0.998492 1 1 0.992459 1 0.918552 1 0.969834 1 1 
1 1 1 1 0.996674 0.993348 1 1 0.997783 1 0.978936 1 1 0.996674 1 0.987805 
1 1 0.993833 1 1 1 0.998972 1 1 1 1 1 0.991778 1 0.988695 1 
1 1 1 1 1 1 1 1 1 1 1 1 1 1 1 1 
1 1 1 1 1 1 1 1 1 1 1 1 1 1 1 1 
0.998947 1 1 1 1 0.998947 0.998947 1 1 0.997895 0.995789 1 1 1 1 0.995789 
1 0.968401 0.986059 0.995353 0.997212 0.904275 0.965613 0.981413 0.999071 0.999071 0.986059 0.951673 0.947026 0.973048 0.980483 0.989777 
1 1 1 1 1 1 1 0.99772 1 1 1 1 1 1 1 1 
