1 1 1 1 1 1 1 1 1 1 1 1 1 1 1 1 
1 1 1 1 1 1 1 1 1 1 1 1 1 1 1 1 
1 1 1 1 1 1 1 1 1 1 1 1 1 1 1 1 
1 1 1 1 0.977914 1 1 1 0.952147 1 1 1 0.992638 0.985276 0.96319 0.974233 
0.495706 1 0.676074 0.294479 0.28589 0.469939 0.303067 1 1 0.598773 0.388957 0.466258 0.527607 0.492025 0.289571 1 
1 1 1 1 1 1 1 1 1 1 1 1 1 1 1 1 
1 0.552147 1 1 1 1 1 1 0.547239 1 0.574233 1 1 1 0.536196 1 
1 1 1 1 1 1 1 1 1 1 1 1 1 1 1 1 
0.296933 1 0.321472 0.30184 0.425767 1 1 0.984049 0.478528 0.342331 0.373006 0.33865 1 0.309202 0.300613 0.328834 
0.946012 1 1 1 0.997546 1 1 1 1 1 1 1 1 1 0.988957 1 
1 1 1 1 1 1 1 1 1 1 1 1 1 1 1 1 
1 1 1 1 1 1 1 1 1 1 1 1 1 1 1 1 
1 1 1 1 1 1 1 1 1 1 1 1 1 1 1 1 
1 1 1 1 1 1 1 1 1 1 1 1 1 1 1 1 
1 1 1 1 1 1 1 1 1 1 1 1 1 1 1 1 
1 1 1 1 1 1 1 1 1 1 1 1 1 1 1 1 
