1.4232e-05 1.46461e-05 1.37837e-05 1.26985e-05 1.22282e-05 1.45217e-05 1.44891e-05 1.24862e-05 1.26729e-05 1.22765e-05 1.2559e-05 1.38256e-05 1.39602e-05 1.35175e-05 1.5547e-05 1.45132e-05 
0.00281557 0.000764921 0.00277983 0.00345427 0.00079806 0.000648905 0.000562213 0.000184465 0.00248146 0.000684988 0.000665875 0.00282263 0.000821361 0.000457912 0.00305296 0.00338602 
3.12705e-05 3.19421e-05 4.98105e-05 4.42463e-05 2.68574e-05 3.06235e-05 4.04634e-05 4.66891e-05 3.56684e-05 2.80947e-05 2.82178e-05 3.68548e-05 2.3709e-05 3.10618e-05 2.75253e-05 2.49922e-05 
4.5472e-05 4.9263e-05 5.31007e-05 0.00261226 0.000159888 2.64798e-05 0.00720778 0.00294617 5.62466e-05 5.05862e-05 0.00236533 5.68691e-05 0.00071516 5.72895e-05 0.00255544 5.176e-05 
6.90581e-05 4.13602e-05 4.25393e-05 4.31374e-05 4.20721e-05 5.6413e-05 5.33503e-05 3.83279e-05 2.95724e-05 4.28606e-05 3.78079e-05 4.60551e-05 3.68235e-05 5.4622e-05 3.90013e-05 3.17457e-05 
7.87558e-05 0.00278024 0.00333892 4.75255e-05 0.00313261 7.60894e-05 7.07865e-05 8.20108e-05 0.00370973 5.27444e-05 4.00996e-05 4.67978e-05 5.64716e-05 0.00337365 0.00325832 5.72347e-05 
4.90428e-05 5.71199e-05 5.40385e-05 5.43414e-05 5.72238e-05 4.59244e-05 0.000151725 4.00659e-05 5.76937e-05 7.43538e-05 5.04539e-05 3.85421e-05 4.8275e-05 5.91057e-05 7.93078e-05 5.05693e-05 
5.1069e-05 3.65835e-05 4.45389e-05 3.72306e-05 6.44422e-05 3.76434e-05 4.24645e-05 4.90603e-05 3.86021e-05 3.68921e-05 4.82652e-05 6.11741e-05 4.02032e-05 4.06462e-05 4.3318e-05 4.34455e-05 
5.76217e-05 4.51526e-05 5.09271e-05 5.7087e-05 6.86441e-05 4.65949e-05 7.73595e-05 5.41486e-05 5.8752e-05 6.67294e-05 5.00455e-05 0.000126254 4.23768e-05 8.70246e-05 4.259e-05 5.20042e-05 
4.73594e-05 6.96804e-05 4.25226e-05 3.5405e-05 3.93245e-05 4.5299e-05 4.89245e-05 4.02348e-05 5.60536e-05 4.19475e-05 8.24799e-05 5.03738e-05 4.68662e-05 7.79423e-05 4.94047e-05 5.37326e-05 
5.33862e-05 3.52444e-05 3.96969e-05 3.13516e-05 4.13367e-05 3.28705e-05 4.44441e-05 3.44148e-05 3.049e-05 3.79761e-05 3.25449e-05 2.88956e-05 4.61244e-05 2.77085e-05 4.89382e-05 3.16713e-05 
3.64113e-05 3.84414e-05 3.62249e-05 3.88775e-05 3.73683e-05 3.80844e-05 3.8202e-05 3.77776e-05 3.67681e-05 3.84933e-05 3.6344e-05 3.63706e-05 3.54035e-05 3.72078e-05 3.90873e-05 3.95613e-05 
1.30853e-05 1.40951e-05 1.40431e-05 1.29856e-05 1.36711e-05 1.37149e-05 1.33709e-05 1.36681e-05 1.35964e-05 1.40207e-05 1.37222e-05 1.22118e-05 1.35346e-05 1.3331e-05 1.53301e-05 1.28081e-05 
3.90414e-05 4.34276e-05 3.17972e-05 3.73618e-05 3.22522e-05 3.69609e-05 3.49041e-05 3.47659e-05 2.79206e-05 3.65703e-05 3.85233e-05 3.69335e-05 3.38712e-05 3.8149e-05 2.91312e-05 4.42979e-05 
4.33365e-05 7.87192e-05 5.14127e-05 4.70393e-05 4.05931e-05 0.000130419 7.56407e-05 5.66609e-05 3.38435e-05 3.3665e-05 4.90942e-05 9.43558e-05 9.63028e-05 7.25433e-05 4.86088e-05 5.39552e-05 
2.43997e-05 3.31471e-05 2.41629e-05 3.46911e-05 2.6514e-05 3.31015e-05 2.78993e-05 3.51153e-05 2.88019e-05 2.44696e-05 2.57817e-05 2.56499e-05 2.32799e-05 3.45793e-05 2.77528e-05 2.53907e-05 
