1.91514e-05 2.03318e-05 2.02079e-05 1.91081e-05 2.0857e-05 2.22173e-05 1.99444e-05 2.46224e-05 2.07567e-05 2.07752e-05 2.0235e-05 2.05022e-05 1.93833e-05 2.17059e-05 2.06767e-05 2.18361e-05 
2.01075e-05 2.33913e-05 3.17634e-05 1.96131e-05 3.13807e-05 3.41262e-05 3.36724e-05 2.69935e-05 3.20832e-05 2.46e-05 2.30516e-05 3.00707e-05 2.13496e-05 2.18528e-05 2.24684e-05 2.22972e-05 
2.43859e-05 2.52261e-05 2.61053e-05 2.60597e-05 2.43435e-05 2.61439e-05 3.05573e-05 2.59666e-05 2.61159e-05 1.73826e-05 2.83562e-05 2.69025e-05 3.13244e-05 1.98965e-05 2.01068e-05 2.38833e-05 
3.15066e-05 2.95665e-05 2.94069e-05 3.54978e-05 5.28074e-05 3.77994e-05 3.63857e-05 3.09318e-05 7.57077e-05 3.86275e-05 3.16295e-05 3.05598e-05 3.95151e-05 4.2766e-05 6.7007e-05 5.64757e-05 
0.00119975 4.75652e-05 0.000426956 0.00827971 0.00692219 0.00211029 0.00751642 6.54318e-05 5.11934e-05 0.000719317 0.00467212 0.00221141 0.00299521 0.00139082 0.00840943 8.1249e-05 
2.14249e-05 1.91022e-05 2.10031e-05 3.05017e-05 1.77262e-05 2.22435e-05 1.86441e-05 2.22957e-05 2.23842e-05 2.25604e-05 2.32785e-05 2.49993e-05 2.26435e-05 1.81285e-05 2.24432e-05 1.65813e-05 
1.9396e-05 0.00261938 2.86289e-05 2.76164e-05 2.01879e-05 4.27698e-05 3.02753e-05 2.01736e-05 0.00272001 3.24147e-05 0.00241587 3.28465e-05 2.77448e-05 3.37017e-05 0.00284717 3.76126e-05 
2.73232e-05 2.61924e-05 2.69718e-05 2.54862e-05 2.61435e-05 2.64903e-05 2.52316e-05 2.76498e-05 2.78701e-05 2.62626e-05 3.08208e-05 3.05411e-05 2.56081e-05 2.5963e-05 2.40484e-05 2.49186e-05 
0.00799907 5.27627e-05 0.00630526 0.00816095 0.00398387 4.15704e-05 5.46385e-05 7.62136e-05 0.00181727 0.00674828 0.0051661 0.00707074 6.69459e-05 0.00660278 0.00834936 0.00745042 
9.97709e-05 2.90386e-05 4.53831e-05 5.85997e-05 7.00631e-05 6.72771e-05 1.83451e-05 2.68761e-05 3.23212e-05 6.55237e-05 3.68409e-05 2.23214e-05 2.1611e-05 2.24908e-05 8.00065e-05 2.80697e-05 
2.04793e-05 1.73113e-05 2.22033e-05 2.5913e-05 2.12113e-05 2.01246e-05 2.56693e-05 2.15128e-05 1.86689e-05 2.34935e-05 2.44365e-05 2.83043e-05 1.7712e-05 1.95391e-05 1.78337e-05 1.76768e-05 
2.57145e-05 2.65624e-05 2.55843e-05 2.40832e-05 2.53352e-05 2.6347e-05 2.83963e-05 2.55871e-05 2.60015e-05 2.72492e-05 2.5957e-05 2.44394e-05 2.35053e-05 2.61273e-05 2.57943e-05 2.70301e-05 
2.4156e-05 2.5466e-05 2.33504e-05 2.24986e-05 2.20283e-05 2.41982e-05 2.37124e-05 2.25614e-05 2.41507e-05 2.53943e-05 2.4528e-05 2.46683e-05 2.62383e-05 2.44908e-05 2.27534e-05 2.2843e-05 
1.79322e-05 1.77168e-05 2.23087e-05 1.94107e-05 1.85793e-05 1.6152e-05 1.99805e-05 1.62482e-05 1.98574e-05 1.70912e-05 1.94956e-05 2.08369e-05 1.72154e-05 1.915e-05 1.62572e-05 1.84768e-05 
1.74778e-05 1.62914e-05 1.26448e-05 1.14762e-05 1.27519e-05 1.30946e-05 1.83671e-05 1.37857e-05 1.59742e-05 1.68461e-05 1.53573e-05 1.47777e-05 1.55482e-05 1.41871e-05 1.41357e-05 1.35807e-05 
1.66335e-05 1.86979e-05 1.72033e-05 1.53833e-05 1.538e-05 1.5712e-05 1.5711e-05 1.83416e-05 1.68784e-05 1.67455e-05 1.74516e-05 1.41262e-05 1.5923e-05 1.52052e-05 1.40819e-05 1.67345e-05 
