0
5.20269e-07
5.81566e-05
5.34981e-08
1.95771e-08
4.82135e-08
5.32407e-08
4.98888e-08
2.34072e-08
3.79301e-08
3.21634e-08
9.15843e-09
2.20765e-08
1.36317e-08
6.76907e-09
1.35917e-08
1.28356e-08
1.5395e-08
1.08988e-08
3.42452e-08
4.45129e-08
2.20551e-08
4.92104e-08
3.86364e-08
2.17592e-08
1.2581e-07
4.14242e-07
6.66808e-07
1.11563e-06
2.01497e-06
2.44276e-06
1.3807e-06
1.86643e-06
1.38275e-06
4.77387e-07
3.66348e-07
1.00301e-07
2.51894e-08
1.2838e-08
1.61253e-08
1.70845e-08
1.35206e-08
2.97016e-08
2.52995e-08
1.60618e-08
2.5554e-08
1.68639e-08
1.83979e-08
7.6847e-09
1.73692e-08
1.90206e-08
1.75036e-08
3.38772e-08
4.54064e-08
2.41626e-08
4.62578e-08
4.41074e-08
4.2378e-08
1.52814e-08
0
