5.20269e-07
5.81566e-05
5.34981e-08
1.89226e-08
4.16679e-08
5.32407e-08
4.98888e-08
2.34072e-08
3.79301e-08
3.21634e-08
8.39934e-09
2.20765e-08
1.35294e-08
6.76907e-09
1.35917e-08
1.2077e-08
1.5395e-08
1.00675e-08
2.50804e-08
3.82495e-08
2.20551e-08
4.48466e-08
3.86364e-08
1.77263e-08
5.94266e-08
2.02053e-07
6.40448e-07
9.92519e-07
1.62401e-06
2.44276e-06
1.32057e-06
1.46515e-06
1.38275e-06
4.77387e-07
3.66348e-07
1.00301e-07
2.51894e-08
1.2838e-08
1.61253e-08
1.2647e-08
1.00394e-08
2.8434e-08
2.52995e-08
1.60618e-08
2.5554e-08
1.68639e-08
1.62126e-08
7.6847e-09
1.73692e-08
1.41948e-08
1.23464e-08
3.07924e-08
4.34658e-08
2.41626e-08
4.53985e-08
4.41074e-08
4.2378e-08
1.52814e-08
