-0.0261048
-0.0158073
-0.0187296
0.0358491
-0.0281547
-0.0298399
-0.0263907
-0.0280823
-0.0246268
-0.0193351
-0.0228629
-0.02398
-0.021099
-0.0217037
-0.0175712
0.0340651
0.0106514
0.00888752
0.00712361
0.0053597
0.00359579
0.00183187
0.00101446
6.79504e-05
0.034589
0.0344202
0.0342893
0.0341733
0.034093
0.0124154
-0.0383543
0.0212349
0.0282906
0.0284574
0.0300545
0.0314821
0.0318184
0.0331265
0.0335823
0.0341579
0.0347767
0.0352422
0.0265267
0.0247627
0.0229988
-0.0383461
0.019471
0.0177071
0.0159432
0.0141793
0.0353462
0.0355824
0.0357957
0.0357771
0.0353462
0.0352997
0.0355985
0.0349754
0.0347636
-0.0373818
-0.0382798
-0.0381212
-0.0368799
-0.0362303
-0.0314376
-0.0299186
-0.0328481
-0.0316825
-0.0342013
-0.0334464
-0.0352989
-0.0352103
-0.0378023
-0.0369742
-0.0382514
-0.0381592
-0.00875161
-0.0105155
-0.0140434
-0.0069877
-0.0135188
-0.0122794
-0.00169596
-0.00345987
-0.00522379
0.0282906
6.79504e-05
-0.0352103
0.0335823
0.0329547
0.0318184
0.0300545
0.027887
0.0177071
0.019471
0.0312117
0.0282906
-0.0382258
-0.0327232
-0.0379617
-0.0381281
-0.0382276
0.0352675
0.0347503
0.0340537
0.0141793
0.0159432
-0.000855005
6.79504e-05
0.0053597
0.00183187
0.00359579
0.0265267
0.0247627
0.0229988
0.0212349
0.0340069
0.0339064
-0.0299186
0.034566
0.0343956
0.0342511
0.0341104
-0.0312983
-0.0380412
-0.0376608
0.0357978
0.0358628
-0.037924
-0.0238067
-0.0228629
-0.0258693
-0.0246268
0.0358685
0.0356676
0.0353462
-0.0278842
-0.0263907
-0.0296353
-0.0372377
-0.0369742
0.0355795
0.035283
0.0353462
0.0124154
0.0106514
-0.0158073
-0.0184604
-0.0175712
-0.0334464
-0.0281547
-0.0193351
-0.021496
-0.021099
0.0349767
0.00888752
0.0347363
0.00712361
-0.0351632
-0.00345987
-0.00522379
-0.0069877
-0.0316825
-0.0140434
-0.0105155
-0.00875161
-0.0340917
-0.0122794
-0.0367078
-0.00169596
-0.0360699
-0.0352103
-0.0125478
0.0335823
-0.0381154
-0.0380246
-0.0380461
-0.0381442
-0.0381452
-0.0383517
-0.0387381
-0.0388656
-0.0385916
-0.0390896
-0.0388889
-0.0387381
-0.00698769
-0.0263907
