-0.0291
-0.0355537
-0.0343917
-0.0202804
-0.0272634
-0.0255721
-0.0288653
-0.027336
-0.0303436
-0.0340715
-0.0317667
-0.0308639
-0.0330181
-0.0326278
-0.0349185
-0.000877342
-0.0349237
-0.0350746
-0.0352317
-0.0354836
-0.0357918
-0.0360457
-0.0361556
-0.0362751
-0.00969691
-0.007933
-0.00616908
-0.00440517
-0.00264126
-0.0348233
-0.00440516
-0.0353042
-0.03445
-0.0343917
-0.0336649
-0.0326278
-0.0323193
-0.0308639
-0.0302161
-0.0291
-0.027336
-0.0255721
-0.0349986
-0.0352522
-0.0353801
-0.00616907
-0.0350827
-0.0349409
-0.0348439
-0.0348317
-0.0250584
-0.0238082
-0.0220443
-0.0185165
-0.0152099
-0.0149887
-0.0167526
-0.0132247
-0.0114608
-0.0132247
-0.00793298
-0.0096969
-0.0149886
-0.0167526
-0.0238082
-0.0254885
-0.0220443
-0.0235201
-0.0202804
-0.0212955
-0.0185165
-0.0186711
-0.0114608
-0.0146457
-0.00264125
-0.000877329
-0.0367636
-0.0366903
-0.0360315
-0.036787
-0.0361556
-0.0364331
-0.0364745
-0.0366307
-0.0367493
-0.0343917
-0.0361556
-0.0185165
-0.0299941
-0.0308639
-0.0320828
-0.0334487
-0.0343917
-0.0348252
-0.0349458
-0.0326278
-0.0342567
-0.00440516
-0.0220443
-0.0096969
-0.00793298
-0.00616907
-0.0255721
-0.027336
-0.0291
-0.0346949
-0.0347383
-0.0361556
-0.0360576
-0.0353686
-0.0358518
-0.0356299
-0.0347666
-0.0350276
-0.0351749
-0.0351371
-0.00264126
-0.000877342
-0.0252796
-0.00969691
-0.007933
-0.00616908
-0.00440517
-0.0238082
-0.00264125
-0.0114608
-0.0185165
-0.0202804
-0.000877329
-0.0308639
-0.031619
-0.0291
-0.0301873
-0.0220443
-0.0238082
-0.0252258
-0.027336
-0.0286679
-0.0255721
-0.0132247
-0.0140919
-0.0167526
-0.0149887
-0.0153706
-0.0346835
-0.0347907
-0.0354189
-0.0343917
-0.0347845
-0.0211629
-0.0270679
-0.0339317
-0.0326278
-0.0328773
-0.0132247
-0.0350014
-0.0114608
-0.0351544
-0.0185165
-0.0364122
-0.0365464
-0.0365824
-0.0233562
-0.035865
-0.0364627
-0.03656
-0.0202804
-0.0362016
-0.0149886
-0.036249
-0.0167526
-0.0184366
-0.0361556
0.0238174
0.000886588
0.0026505
0.00441441
0.00617833
0.00794224
0.00970615
0.0125411
0.013234
0.0114701
0.0202896
0.0220536
0.0229186
0.0330892
0.0326667
