3.19293e-06 6.31199e-05 0.000104175 4.43162e-05 5.85758e-06 4.19286e-06 
5.27472e-06 5.97954e-05 9.88469e-05 5.79059e-05 9.82371e-06 4.82309e-06 
7.21461e-06 6.01761e-05 9.96572e-05 7.01251e-05 1.2251e-05 5.5376e-06 
9.94453e-06 6.15753e-05 9.89983e-05 7.87825e-05 1.74327e-05 5.60512e-06 
1.32014e-05 8.7099e-05 0.000128771 9.47795e-05 3.11312e-05 6.67207e-06 
3.00395e-05 8.66117e-05 0.000127782 9.3582e-05 3.96143e-05 9.78812e-06 
1.70025e-05 9.61293e-05 0.000145052 8.41229e-05 4.84151e-05 1.04562e-05 
3.48724e-05 8.40066e-05 0.000131649 9.3235e-05 4.50985e-05 1.08227e-05 
3.34345e-05 8.36502e-05 0.000123981 0.000103204 3.93336e-05 1.14767e-05 
2.00004e-05 8.90315e-05 0.000129142 9.03445e-05 4.17877e-05 1.13345e-05 
2.72141e-05 7.09337e-05 0.00012452 9.74211e-05 4.27268e-05 1.03955e-05 
1.90229e-05 4.13119e-05 0.00011878 0.000105903 4.3663e-05 9.95677e-06 
1.84597e-05 3.51447e-05 0.000122487 0.000101392 4.26587e-05 1.15632e-05 
1.5379e-05 2.98657e-05 9.13806e-05 7.65416e-05 3.17962e-05 1.09758e-05 
1.17927e-05 1.4326e-05 0.000103149 8.38619e-05 3.25786e-05 8.61877e-06 
9.77705e-06 1.11452e-05 0.000116503 8.39779e-05 2.05485e-05 7.6258e-06 
7.20697e-06 8.31087e-06 8.31795e-05 6.9301e-05 1.18146e-05 5.53788e-06 
4.64924e-06 4.39063e-06 8.54452e-05 5.44113e-05 7.40525e-06 4.19324e-06 
3.455e-06 2.49362e-06 7.1728e-05 4.53033e-05 5.59735e-06 4.56129e-06 
2.82963e-06 1.61318e-06 7.76977e-05 3.37128e-05 3.86268e-06 5.30844e-06 
2.56003e-06 1.8834e-06 7.62119e-05 3.83869e-05 3.20983e-06 6.56758e-06 
2.65846e-06 1.76227e-06 7.86042e-05 4.19146e-05 3.07408e-06 7.84422e-06 
2.41491e-06 1.56361e-06 6.95275e-05 3.54892e-05 2.3953e-06 8.7625e-06 
2.83039e-06 2.08674e-06 7.41311e-05 2.35929e-05 1.97571e-06 9.11231e-06 
2.90177e-06 1.82227e-06 5.14584e-05 1.8088e-05 2.11642e-06 8.94202e-06 
2.53129e-06 1.74728e-06 1.26328e-05 1.44541e-05 1.75349e-06 7.7973e-06 
2.96199e-06 1.66204e-06 7.12969e-06 1.78438e-05 2.26488e-06 9.22084e-06 
