5.08422e-05 6.31199e-05 6.42076e-06 3.27984e-05 4.40256e-05 6.12705e-05 
4.13197e-05 5.97954e-05 8.95325e-06 3.30359e-05 3.53119e-05 6.02424e-05 
4.08945e-05 6.01761e-05 6.87986e-06 3.67259e-05 3.67157e-05 5.38099e-05 
4.19721e-05 6.15753e-05 5.6993e-06 3.48235e-05 3.13088e-05 5.26125e-05 
4.6197e-05 8.7099e-05 6.90934e-06 3.473e-05 2.99133e-05 6.00839e-05 
3.90287e-05 8.66117e-05 6.45606e-06 3.5784e-05 3.57479e-05 5.40759e-05 
4.16428e-05 9.61293e-05 8.0768e-06 3.41579e-05 3.74189e-05 5.55146e-05 
4.08718e-05 8.40066e-05 7.13164e-06 3.15261e-05 3.12746e-05 5.36211e-05 
3.14459e-05 8.36502e-05 7.76023e-06 1.89153e-05 2.76428e-05 5.24081e-05 
2.81057e-05 8.90315e-05 1.68988e-05 1.18972e-05 2.11998e-05 4.86233e-05 
1.02841e-05 7.09337e-05 4.629e-05 1.27255e-05 6.87516e-06 4.17213e-05 
3.63231e-06 4.13119e-05 6.09646e-05 1.87537e-05 2.26813e-06 1.06283e-05 
1.91533e-06 3.51447e-05 5.36123e-05 1.65257e-05 1.76569e-06 6.23259e-06 
1.95148e-06 2.98657e-05 7.03441e-05 2.02239e-05 1.94382e-06 6.44191e-06 
2.03757e-06 1.4326e-05 7.04736e-05 2.44733e-05 2.1491e-06 6.20909e-06 
2.02152e-06 1.11452e-05 7.4835e-05 3.55878e-05 2.64536e-06 5.96662e-06 
1.77412e-06 8.31087e-06 6.13368e-05 3.07269e-05 2.40285e-06 6.43448e-06 
1.6774e-06 4.39063e-06 6.83154e-05 2.93649e-05 2.38034e-06 4.763e-06 
1.63561e-06 2.49362e-06 5.69256e-05 2.76431e-05 2.49058e-06 5.01387e-06 
1.68092e-06 1.61318e-06 7.75081e-05 2.09631e-05 2.45285e-06 4.44067e-06 
1.89768e-06 1.8834e-06 7.65104e-05 5.10613e-05 2.25232e-06 6.11196e-06 
1.74283e-06 1.76227e-06 7.05452e-05 2.67212e-05 2.5953e-06 5.78555e-06 
1.61267e-06 1.56361e-06 7.12453e-05 5.8865e-05 2.6659e-06 5.57551e-06 
1.51261e-06 2.08674e-06 7.54474e-05 4.54565e-05 2.14505e-06 5.19185e-06 
1.95898e-06 1.82227e-06 6.47224e-05 2.34103e-05 2.35035e-06 5.50847e-06 
1.79298e-06 1.74728e-06 4.39129e-05 1.88288e-05 1.95286e-06 4.78298e-06 
2.2438e-06 1.66204e-06 1.00444e-05 2.14797e-05 3.01688e-06 5.7036e-06 
