1.83726e-06 5.85758e-06 4.40256e-05 7.98537e-05 1.52261e-05 8.287e-06 
1.8106e-06 9.82371e-06 3.53119e-05 7.25907e-05 1.67555e-05 7.08639e-06 
1.96453e-06 1.2251e-05 3.67157e-05 6.61557e-05 1.9764e-05 7.08556e-06 
2.22049e-06 1.74327e-05 3.13088e-05 6.68572e-05 1.80869e-05 8.36868e-06 
2.11704e-06 3.11312e-05 2.99133e-05 5.42649e-05 1.71045e-05 8.67515e-06 
1.82033e-06 3.96143e-05 3.57479e-05 6.94787e-05 1.91173e-05 7.44382e-06 
2.44015e-06 4.84151e-05 3.74189e-05 6.79981e-05 2.1474e-05 8.49234e-06 
2.49355e-06 4.50985e-05 3.12746e-05 6.43828e-05 1.61248e-05 8.53357e-06 
1.81494e-06 3.93336e-05 2.76428e-05 5.86203e-05 2.04168e-05 7.34348e-06 
2.17772e-06 4.17877e-05 2.11998e-05 6.61231e-05 1.80351e-05 7.59457e-06 
3.27019e-06 4.27268e-05 6.87516e-06 6.29023e-05 2.17334e-05 8.70815e-06 
2.45026e-06 4.3663e-05 2.26813e-06 6.84524e-05 2.64575e-05 9.4294e-06 
2.36901e-06 4.26587e-05 1.76569e-06 5.84496e-05 1.45449e-05 8.12087e-06 
3.24471e-06 3.17962e-05 1.94382e-06 5.64176e-05 1.60378e-05 7.77665e-06 
2.96944e-06 3.25786e-05 2.1491e-06 6.63085e-05 1.94142e-05 9.06895e-06 
3.19782e-06 2.05485e-05 2.64536e-06 6.37625e-05 2.12822e-05 1.00199e-05 
2.0793e-06 1.18146e-05 2.40285e-06 6.81602e-05 2.43317e-05 8.83079e-06 
2.09359e-06 7.40525e-06 2.38034e-06 6.15568e-05 2.36314e-05 7.02698e-06 
1.98025e-06 5.59735e-06 2.49058e-06 5.45877e-05 2.24175e-05 9.1295e-06 
2.51446e-06 3.86268e-06 2.45285e-06 6.85687e-05 1.72956e-05 8.16076e-06 
2.73777e-06 3.20983e-06 2.25232e-06 5.58213e-05 2.09911e-05 9.81889e-06 
3.13278e-06 3.07408e-06 2.5953e-06 6.09467e-05 2.18604e-05 1.05486e-05 
2.81393e-06 2.3953e-06 2.6659e-06 5.82612e-05 2.5573e-05 1.05774e-05 
2.66968e-06 1.97571e-06 2.14505e-06 6.9591e-05 2.43057e-05 9.14288e-06 
2.57383e-06 2.11642e-06 2.35035e-06 4.8437e-05 1.96722e-05 1.00921e-05 
2.95131e-06 1.75349e-06 1.95286e-06 1.46283e-05 1.42379e-05 9.07666e-06 
3.00687e-06 2.26488e-06 3.01688e-06 8.73413e-06 1.73363e-05 9.21835e-06 
