9.20051e-05 0.000104175 6.42076e-06 4.32253e-05 7.98537e-05 0.000138625 
8.91426e-05 9.88469e-05 8.95325e-06 4.53118e-05 7.25907e-05 0.000127819 
7.89207e-05 9.96572e-05 6.87986e-06 4.30047e-05 6.61557e-05 0.000122463 
8.50619e-05 9.89983e-05 5.6993e-06 4.05827e-05 6.68572e-05 0.000118632 
7.9174e-05 0.000128771 6.90934e-06 3.53149e-05 5.42649e-05 0.000108527 
8.51753e-05 0.000127782 6.45606e-06 3.82781e-05 6.94787e-05 0.000112809 
8.147e-05 0.000145052 8.0768e-06 3.55357e-05 6.79981e-05 0.000128817 
7.74566e-05 0.000131649 7.13164e-06 3.36152e-05 6.43828e-05 9.8356e-05 
7.01199e-05 0.000123981 7.76023e-06 3.79687e-05 5.86203e-05 0.000101259 
7.80349e-05 0.000129142 1.68988e-05 3.95798e-05 6.61231e-05 0.000108131 
8.68285e-05 0.00012452 4.629e-05 3.40486e-05 6.29023e-05 0.000106751 
8.1336e-05 0.00011878 6.09646e-05 3.5402e-05 6.84524e-05 0.000118441 
6.83889e-05 0.000122487 5.36123e-05 3.87228e-05 5.84496e-05 0.000102786 
8.94531e-05 9.13806e-05 7.03441e-05 4.24445e-05 5.64176e-05 0.000107175 
8.12029e-05 0.000103149 7.04736e-05 3.93654e-05 6.63085e-05 0.000112248 
8.99916e-05 0.000116503 7.4835e-05 3.50876e-05 6.37625e-05 0.000123242 
8.28736e-05 8.31795e-05 6.13368e-05 3.57254e-05 6.81602e-05 0.000122824 
7.24374e-05 8.54452e-05 6.83154e-05 3.70149e-05 6.15568e-05 0.000113143 
7.37651e-05 7.1728e-05 5.69256e-05 3.38848e-05 5.45877e-05 0.000121658 
7.70614e-05 7.76977e-05 7.75081e-05 3.72549e-05 6.85687e-05 0.000121118 
7.02948e-05 7.62119e-05 7.65104e-05 3.05133e-05 5.58213e-05 0.000105346 
8.58315e-05 7.86042e-05 7.05452e-05 2.83673e-05 6.09467e-05 0.00011804 
8.03988e-05 6.95275e-05 7.12453e-05 2.92917e-05 5.82612e-05 0.000142158 
9.27903e-05 7.41311e-05 7.54474e-05 2.8731e-05 6.9591e-05 0.000119581 
8.38147e-05 5.14584e-05 6.47224e-05 1.24492e-05 4.8437e-05 0.000113303 
3.88628e-05 1.26328e-05 4.39129e-05 6.70744e-06 1.46283e-05 8.54726e-05 
1.55762e-05 7.12969e-06 1.00444e-05 6.26271e-06 8.73413e-06 5.62829e-05 
