3.19293e-06 5.08422e-05 9.20051e-05 2.36205e-05 1.83726e-06 3.87947e-06 
5.27472e-06 4.13197e-05 8.91426e-05 2.84243e-05 1.8106e-06 3.06575e-06 
7.21461e-06 4.08945e-05 7.89207e-05 2.58132e-05 1.96453e-06 3.16189e-06 
9.94453e-06 4.19721e-05 8.50619e-05 4.50415e-05 2.22049e-06 3.08601e-06 
1.32014e-05 4.6197e-05 7.9174e-05 3.4412e-05 2.11704e-06 3.69388e-06 
3.00395e-05 3.90287e-05 8.51753e-05 2.77046e-05 1.82033e-06 3.78008e-06 
1.70025e-05 4.16428e-05 8.147e-05 4.03095e-05 2.44015e-06 2.83428e-06 
3.48724e-05 4.08718e-05 7.74566e-05 2.38058e-05 2.49355e-06 3.8098e-06 
3.34345e-05 3.14459e-05 7.01199e-05 2.65007e-05 1.81494e-06 3.43225e-06 
2.00004e-05 2.81057e-05 7.80349e-05 2.95136e-05 2.17772e-06 3.04946e-06 
2.72141e-05 1.02841e-05 8.68285e-05 5.75395e-05 3.27019e-06 2.85379e-06 
1.90229e-05 3.63231e-06 8.1336e-05 6.10209e-05 2.45026e-06 3.17299e-06 
1.84597e-05 1.91533e-06 6.83889e-05 2.44021e-05 2.36901e-06 2.82098e-06 
1.5379e-05 1.95148e-06 8.94531e-05 3.95716e-05 3.24471e-06 2.65646e-06 
1.17927e-05 2.03757e-06 8.12029e-05 4.64563e-05 2.96944e-06 2.97801e-06 
9.77705e-06 2.02152e-06 8.99916e-05 4.83836e-05 3.19782e-06 3.15831e-06 
7.20697e-06 1.77412e-06 8.28736e-05 6.01372e-05 2.0793e-06 2.9676e-06 
4.64924e-06 1.6774e-06 7.24374e-05 5.11397e-05 2.09359e-06 2.82963e-06 
3.455e-06 1.63561e-06 7.37651e-05 3.07739e-05 1.98025e-06 3.96267e-06 
2.82963e-06 1.68092e-06 7.70614e-05 2.56619e-05 2.51446e-06 2.99753e-06 
2.56003e-06 1.89768e-06 7.02948e-05 4.51311e-05 2.73777e-06 3.97229e-06 
2.65846e-06 1.74283e-06 8.58315e-05 6.31743e-05 3.13278e-06 3.80553e-06 
2.41491e-06 1.61267e-06 8.03988e-05 6.43043e-05 2.81393e-06 3.92051e-06 
2.83039e-06 1.51261e-06 9.27903e-05 6.116e-05 2.66968e-06 3.29205e-06 
2.90177e-06 1.95898e-06 8.38147e-05 3.68179e-05 2.57383e-06 3.34959e-06 
2.53129e-06 1.79298e-06 3.88628e-05 2.58883e-05 2.95131e-06 3.33944e-06 
2.96199e-06 2.2438e-06 1.55762e-05 4.52289e-05 3.00687e-06 3.51894e-06 
