3.87947e-06 4.19286e-06 6.12705e-05 0.000138625 6.30442e-05 8.287e-06 
3.06575e-06 4.82309e-06 6.02424e-05 0.000127819 7.33815e-05 7.08639e-06 
3.16189e-06 5.5376e-06 5.38099e-05 0.000122463 7.30962e-05 7.08556e-06 
3.08601e-06 5.60512e-06 5.26125e-05 0.000118632 6.42561e-05 8.36868e-06 
3.69388e-06 6.67207e-06 6.00839e-05 0.000108527 5.81718e-05 8.67515e-06 
3.78008e-06 9.78812e-06 5.40759e-05 0.000112809 7.31696e-05 7.44382e-06 
2.83428e-06 1.04562e-05 5.55146e-05 0.000128817 6.64969e-05 8.49234e-06 
3.8098e-06 1.08227e-05 5.36211e-05 9.8356e-05 5.64084e-05 8.53357e-06 
3.43225e-06 1.14767e-05 5.24081e-05 0.000101259 6.9898e-05 7.34348e-06 
3.04946e-06 1.13345e-05 4.86233e-05 0.000108131 6.81781e-05 7.59457e-06 
2.85379e-06 1.03955e-05 4.17213e-05 0.000106751 7.14562e-05 8.70815e-06 
3.17299e-06 9.95677e-06 1.06283e-05 0.000118441 7.40131e-05 9.4294e-06 
2.82098e-06 1.15632e-05 6.23259e-06 0.000102786 6.96269e-05 8.12087e-06 
2.65646e-06 1.09758e-05 6.44191e-06 0.000107175 6.57769e-05 7.77665e-06 
2.97801e-06 8.61877e-06 6.20909e-06 0.000112248 7.53048e-05 9.06895e-06 
3.15831e-06 7.6258e-06 5.96662e-06 0.000123242 6.31563e-05 1.00199e-05 
2.9676e-06 5.53788e-06 6.43448e-06 0.000122824 7.21596e-05 8.83079e-06 
2.82963e-06 4.19324e-06 4.763e-06 0.000113143 6.84321e-05 7.02698e-06 
3.96267e-06 4.56129e-06 5.01387e-06 0.000121658 7.22738e-05 9.1295e-06 
2.99753e-06 5.30844e-06 4.44067e-06 0.000121118 7.1618e-05 8.16076e-06 
3.97229e-06 6.56758e-06 6.11196e-06 0.000105346 7.20284e-05 9.81889e-06 
3.80553e-06 7.84422e-06 5.78555e-06 0.00011804 7.0678e-05 1.05486e-05 
3.92051e-06 8.7625e-06 5.57551e-06 0.000142158 7.79583e-05 1.05774e-05 
3.29205e-06 9.11231e-06 5.19185e-06 0.000119581 7.1502e-05 9.14288e-06 
3.34959e-06 8.94202e-06 5.50847e-06 0.000113303 7.82404e-05 1.00921e-05 
3.33944e-06 7.7973e-06 4.78298e-06 8.54726e-05 6.67358e-05 9.07666e-06 
3.51894e-06 9.22084e-06 5.7036e-06 5.62829e-05 7.55925e-05 9.21835e-06 
