2.36205e-05 4.43162e-05 3.27984e-05 4.32253e-05 1.52261e-05 6.30442e-05 
2.84243e-05 5.79059e-05 3.30359e-05 4.53118e-05 1.67555e-05 7.33815e-05 
2.58132e-05 7.01251e-05 3.67259e-05 4.30047e-05 1.9764e-05 7.30962e-05 
4.50415e-05 7.87825e-05 3.48235e-05 4.05827e-05 1.80869e-05 6.42561e-05 
3.4412e-05 9.47795e-05 3.473e-05 3.53149e-05 1.71045e-05 5.81718e-05 
2.77046e-05 9.3582e-05 3.5784e-05 3.82781e-05 1.91173e-05 7.31696e-05 
4.03095e-05 8.41229e-05 3.41579e-05 3.55357e-05 2.1474e-05 6.64969e-05 
2.38058e-05 9.3235e-05 3.15261e-05 3.36152e-05 1.61248e-05 5.64084e-05 
2.65007e-05 0.000103204 1.89153e-05 3.79687e-05 2.04168e-05 6.9898e-05 
2.95136e-05 9.03445e-05 1.18972e-05 3.95798e-05 1.80351e-05 6.81781e-05 
5.75395e-05 9.74211e-05 1.27255e-05 3.40486e-05 2.17334e-05 7.14562e-05 
6.10209e-05 0.000105903 1.87537e-05 3.5402e-05 2.64575e-05 7.40131e-05 
2.44021e-05 0.000101392 1.65257e-05 3.87228e-05 1.45449e-05 6.96269e-05 
3.95716e-05 7.65416e-05 2.02239e-05 4.24445e-05 1.60378e-05 6.57769e-05 
4.64563e-05 8.38619e-05 2.44733e-05 3.93654e-05 1.94142e-05 7.53048e-05 
4.83836e-05 8.39779e-05 3.55878e-05 3.50876e-05 2.12822e-05 6.31563e-05 
6.01372e-05 6.9301e-05 3.07269e-05 3.57254e-05 2.43317e-05 7.21596e-05 
5.11397e-05 5.44113e-05 2.93649e-05 3.70149e-05 2.36314e-05 6.84321e-05 
3.07739e-05 4.53033e-05 2.76431e-05 3.38848e-05 2.24175e-05 7.22738e-05 
2.56619e-05 3.37128e-05 2.09631e-05 3.72549e-05 1.72956e-05 7.1618e-05 
4.51311e-05 3.83869e-05 5.10613e-05 3.05133e-05 2.09911e-05 7.20284e-05 
6.31743e-05 4.19146e-05 2.67212e-05 2.83673e-05 2.18604e-05 7.0678e-05 
6.43043e-05 3.54892e-05 5.8865e-05 2.92917e-05 2.5573e-05 7.79583e-05 
6.116e-05 2.35929e-05 4.54565e-05 2.8731e-05 2.43057e-05 7.1502e-05 
3.68179e-05 1.8088e-05 2.34103e-05 1.24492e-05 1.96722e-05 7.82404e-05 
2.58883e-05 1.44541e-05 1.88288e-05 6.70744e-06 1.42379e-05 6.67358e-05 
4.52289e-05 1.78438e-05 2.14797e-05 6.26271e-06 1.73363e-05 7.55925e-05 
