1 0.534368 1 1 1 0.596566 0.479774 0.90134 0.994278 0.657727 0.637053 0.900285 1 0.51216 0.985207 0.991637 
0.745392 1 1 1 0.436636 1 1 0.9447 0.721198 0.985023 1 0.87212 0.452765 0.550691 1 1 
0.939772 1 1 0.998962 0.767394 1 1 0.974039 0.513057 0.686397 1 0.988577 0.713396 1 1 1 
0.997396 0.93459 0.982552 1 0.867188 0.930931 0.956726 1 0.876302 0.91276 0.524377 1 0.888021 0.537939 0.902367 0.994026 
1 0.802131 0.38386 0.69434 1 0.441441 0.530574 0.669915 1 1 0.32286 0.696581 1 0.434881 0.752465 0.796894 
0.592184 1 1 0.983968 0.744489 1 1 0.931864 0.42986 0.992986 1 0.942886 0.788577 1 1 0.997996 
0.922727 1 1 0.998182 0.622727 1 1 0.96 0.564545 0.98 1 0.943636 0.785455 1 1 0.997273 
0.907572 0.926829 0.995638 1 0.572093 0.846325 0.962371 1 0.887528 0.771715 0.960997 1 0.289532 0.57461 0.966469 0.996416 
1 0.561086 0.405671 0.869182 1 0.822823 0.616893 0.37028 1 0.94636 0.730228 0.44302 1 0.680634 0.404339 0.869773 
0.415743 1 1 0.743902 0.736142 1 1 0.513304 0.392461 1 1 0.960089 0.496933 1 1 0.493348 
0.853032 1 1 0.934224 0.430627 1 1 0.950668 0.631038 0.996917 1 0.934224 0.815005 1 1 1 
0.913043 0.870288 0.549618 1 0.788647 0.990991 0.596618 0.9843 0.743961 0.817633 0.992416 0.981884 0.812802 0.995169 0.991124 1 
1 0.845898 0.44602 0.418868 1 0.871872 0.476011 0.845311 1 1 0.942579 0.871795 1 0.996602 0.994083 0.427718 
0.887368 1 1 0.568553 0.910526 1 1 0.923264 0.852632 0.998947 0.513684 0.932632 0.938947 1 1 0.995789 
0.55948 1 0.996283 0.997212 0.715613 1 1 0.947955 0.549257 0.510223 1 0.946097 0.894052 1 1 0.993494 
0.992018 1 1 1 0.883694 0.724059 0.548461 0.993159 0.397948 0.802043 0.794755 0.992018 0.743865 0.937712 1 1 
