6.66092e-06 0.000870822 6.33423e-05 3.03468e-05 2.65862e-05 0.00213535 0.00305214 0.000127424 4.35352e-05 0.000581433 0.00073824 0.00011817 1.63008e-05 0.00349916 6.97465e-05 3.88616e-05 
0.000388413 9.94986e-06 1.38905e-05 3.49489e-05 0.00398994 1.53378e-05 1.83086e-05 9.13097e-05 0.000454997 4.63179e-05 2.24702e-05 0.000177994 0.00314246 0.00197536 2.22493e-05 3.08845e-05 
9.89419e-05 2.27305e-05 5.74654e-06 1.89335e-05 0.000357895 1.76539e-05 1.86079e-05 4.23741e-05 0.00172479 0.000912102 2.08374e-05 4.30687e-05 0.000492573 3.4235e-05 1.33419e-05 1.99222e-05 
3.80991e-05 0.000113829 3.59223e-05 1.54002e-05 0.000164753 0.000132759 8.43212e-05 1.27291e-05 0.000152261 0.000136013 0.00287403 1.80059e-05 0.000141225 0.00268548 0.000168054 2.97415e-05 
4.84139e-05 0.000346047 0.00481966 0.000508049 7.16986e-06 0.00358099 0.00259369 0.000490099 6.93802e-06 5.03405e-05 0.00628062 0.000596492 1.70543e-05 0.00391517 0.000343344 0.000277042 
0.000876782 1.34462e-05 2.48257e-05 6.07413e-05 0.000463385 6.11936e-06 8.51866e-06 0.000112955 0.00125962 3.43683e-05 1.38275e-05 0.000102529 0.000294257 2.59943e-05 1.3256e-05 4.18348e-05 
0.000133794 2.01927e-05 2.35488e-05 4.509e-05 0.000643734 1.05317e-05 5.76047e-06 7.40381e-05 0.000830416 5.78257e-05 1.72383e-05 0.000107496 0.00035435 3.94132e-05 1.23645e-05 3.51178e-05 
0.000118914 0.000149334 2.73099e-05 2.09689e-05 0.00246157 0.000194901 6.09577e-05 9.92555e-06 0.000171891 0.000365298 7.09197e-05 2.14383e-05 0.00559614 0.00240518 6.06176e-05 2.15321e-05 
1.88029e-05 0.00257062 0.00384156 0.00016019 6.54322e-06 0.000246593 0.0019359 0.0041515 6.81496e-06 7.85705e-05 0.000445504 0.00321666 1.80212e-05 0.000575584 0.00422596 0.000209251 
0.00429262 1.88276e-05 2.9014e-05 0.000557945 0.000416738 1.54785e-05 2.40343e-05 0.00298045 0.00446444 1.2827e-05 1.20219e-05 7.56258e-05 0.00362926 1.49442e-05 2.39122e-05 0.0033403 
0.000196695 2.06593e-05 3.09401e-05 0.000111622 0.0037601 1.16646e-05 1.38503e-05 8.59311e-05 0.000870114 2.76759e-05 5.16198e-06 0.000109956 0.000252127 2.04e-05 1.56653e-05 3.22535e-05 
0.000109738 0.000209391 0.00239407 3.24627e-05 0.000361048 4.48076e-05 0.00199296 3.42093e-05 0.000412895 0.000282563 2.97377e-05 3.61411e-05 0.000301191 4.40908e-05 3.50917e-05 2.49374e-05 
2.32133e-05 0.000209074 0.00320741 0.00394182 1.78935e-05 0.000169408 0.00317583 0.000204644 2.07093e-05 2.56332e-05 9.40274e-05 0.000179955 6.21025e-06 4.82584e-05 6.05468e-05 0.00379797 
0.000155768 2.67698e-05 2.32656e-05 0.00227008 0.000127434 1.22579e-05 1.61755e-05 0.000120652 0.0002444 2.66282e-05 0.00316326 0.000125823 8.10949e-05 9.41883e-06 1.14713e-05 4.36152e-05 
0.000856235 2.78723e-05 3.69963e-05 4.72841e-05 0.000459569 1.08503e-05 1.07862e-05 8.46267e-05 0.000820427 0.00109296 2.10251e-05 9.6999e-05 0.000156569 2.03533e-05 7.35297e-06 3.59678e-05 
4.47349e-05 2.8826e-05 2.86265e-05 1.97877e-05 0.000171847 0.000518648 0.00253402 3.35656e-05 0.00411141 0.000310129 0.000295898 3.41966e-05 0.000446845 0.000106746 1.73947e-05 7.90501e-06 
