1 1 1 1 1 0.644645 0.537911 1 1 1 1 1 1 0.801812 1 1 
1 1 1 1 1 1 1 1 1 1 1 1 0.886503 1 1 1 
1 1 1 1 0.88062 1 1 1 0.92108 1 1 1 1 1 1 1 
1 1 1 1 1 1 1 1 1 0.957854 0.615885 1 0.966258 0.744792 1 1 
1 0.833703 0.535769 1 1 0.841705 1 1 1 1 0.5586 0.684932 1 1 0.974125 1 
1 1 1 1 1 1 1 1 0.884793 1 1 1 1 1 1 1 
1 1 1 1 1 1 1 1 0.864823 1 1 1 0.998466 1 1 1 
1 1 1 1 0.462138 0.930931 1 1 1 0.909323 1 1 1 0.926387 1 1 
1 0.786031 0.9819 1 1 1 0.688617 1 1 1 1 0.812971 1 1 0.995475 1 
0.889222 1 1 0.916981 1 1 1 0.724726 1 1 1 1 0.964523 1 1 0.807646 
1 1 1 1 0.866667 1 1 1 0.870968 1 1 1 1 1 1 1 
1 1 0.913043 1 0.87907 1 0.965193 1 0.791091 0.899106 1 1 1 0.996602 1 1 
1 1 1 1 1 1 1 0.998578 1 1 1 1 1 1 1 0.800853 
1 1 1 0.934737 1 1 1 0.938947 1 1 1 1 1 1 1 1 
1 1 1 1 1 1 1 1 1 1 1 1 1 1 1 1 
1 1 1 1 1 0.832833 1 1 1 1 1 1 0.787913 1 1 1 
