5.09134e-06 2.12137e-05 2.54858e-05 1.54481e-05 1.53461e-05 0.000814032 0.00271323 2.29562e-05 1.05824e-05 1.944e-05 3.46234e-05 2.12097e-05 1.43354e-05 0.000280368 2.15595e-05 1.2902e-05 
2.52036e-05 7.46325e-06 1.34879e-05 1.60328e-05 6.53572e-05 8.56968e-06 1.17171e-05 1.84992e-05 4.04604e-05 1.55273e-05 1.57742e-05 2.9341e-05 0.000178479 4.96286e-05 1.7608e-05 1.91226e-05 
3.20982e-05 2.2241e-05 4.99831e-06 1.05909e-05 0.000190895 1.36202e-05 7.32792e-06 1.48366e-05 0.000118761 2.05494e-05 1.57875e-05 2.07634e-05 2.21362e-05 2.94556e-05 9.64307e-06 1.47181e-05 
1.59637e-05 2.29557e-05 9.37639e-06 8.66059e-06 1.38039e-05 2.19971e-05 8.82653e-06 6.15531e-06 1.51224e-05 8.17861e-05 0.0018758 1.1982e-05 6.77671e-05 0.000365001 2.64146e-05 1.40783e-05 
4.10581e-05 0.000223 0.00290862 2.93547e-05 6.72231e-06 0.000265601 2.41918e-05 2.26091e-05 6.384e-06 1.49774e-05 0.00271345 0.000447633 1.65992e-05 1.42607e-05 6.68445e-05 3.0479e-05 
2.57576e-05 7.9228e-06 8.6857e-06 1.47226e-05 4.26306e-05 6.01598e-06 8.34674e-06 2.21571e-05 0.000181262 4.71902e-06 8.22267e-06 1.37226e-05 1.78531e-05 1.29801e-05 1.29297e-05 1.92169e-05 
3.42762e-05 1.28026e-05 5.86811e-06 1.8035e-05 3.0987e-05 7.16998e-06 5.64403e-06 1.80149e-05 0.00022219 7.29075e-06 4.08247e-06 2.94747e-05 4.46653e-05 2.47922e-05 1.03312e-05 1.40414e-05 
1.55444e-05 3.00056e-05 2.35647e-05 1.20251e-05 0.00170257 0.000112424 2.94997e-05 7.12564e-06 1.27602e-05 0.000151218 3.85501e-05 1.15369e-05 2.68731e-05 0.000115315 1.55477e-05 1.85122e-05 
1.73607e-05 0.000315664 5.18299e-05 1.6372e-05 6.43673e-06 1.87019e-05 0.000579689 2.75483e-05 6.78884e-06 1.52832e-05 3.74155e-05 0.000348449 1.30333e-05 2.05148e-05 4.61032e-05 2.31613e-05 
0.000185216 1.66196e-05 2.31854e-05 0.000128708 1.29466e-05 6.80318e-06 1.11553e-05 0.000417471 3.62252e-05 4.76559e-06 1.11175e-05 5.93813e-05 8.00207e-05 1.19365e-05 2.24938e-05 0.00029395 
2.39063e-05 1.38641e-05 1.26734e-05 2.6362e-05 0.000235257 9.17066e-06 7.54629e-06 1.91995e-05 0.000186948 1.08885e-05 4.03687e-06 1.6662e-05 5.47487e-05 1.99599e-05 1.42822e-05 1.47586e-05 
1.50419e-05 2.16717e-05 0.000133462 1.31564e-05 0.000164162 4.06198e-05 8.81403e-05 1.56031e-05 0.00034612 0.000150165 1.54734e-05 8.20787e-06 2.38334e-05 3.27779e-05 2.67832e-05 2.21838e-05 
2.09071e-05 2.09221e-05 2.65055e-05 2.00931e-05 1.02633e-05 2.05842e-05 2.28509e-05 5.00817e-05 1.77216e-05 1.91785e-05 5.05635e-05 2.79844e-05 5.12092e-06 1.35657e-05 1.47596e-05 0.000333407 
1.68601e-05 1.84578e-05 1.54564e-05 0.000107928 1.66039e-05 8.81366e-06 1.18481e-05 0.000112038 2.0045e-05 1.20386e-05 1.97996e-05 3.59399e-05 2.85991e-05 5.89932e-06 1.08593e-05 2.38761e-05 
1.50812e-05 1.60464e-05 1.00641e-05 1.05829e-05 3.272e-05 1.04758e-05 1.01161e-05 1.21569e-05 2.59436e-05 1.64568e-05 1.25627e-05 2.07987e-05 1.67731e-05 7.57139e-06 4.46005e-06 8.5576e-06 
1.12653e-05 1.84543e-05 2.05569e-05 1.06055e-05 2.55466e-05 0.000252303 2.79996e-05 1.97708e-05 3.1059e-05 4.76537e-05 4.28825e-05 1.9269e-05 0.000326579 3.03895e-05 7.62372e-06 5.28625e-06 
