1 0.534368 1 1 1 0.644645 0.479774 0.90134 1 0.657727 0.637053 0.900285 1 0.801812 0.985207 0.991637 
1 1 1 1 1 1 1 1 1 1 1 1 0.886503 1 1 1 
1 1 1 1 0.88062 1 1 1 0.513057 1 1 1 1 1 1 1 
1 0.93459 0.982552 1 1 0.930931 0.956726 1 1 0.957854 0.524377 1 0.966258 0.537939 0.902367 0.994026 
1 0.833703 0.38386 0.69434 1 0.441441 0.530574 0.669915 1 1 0.32286 0.696581 1 0.434881 0.752465 0.796894 
1 1 1 1 1 1 1 1 0.884793 1 1 1 1 1 1 1 
1 1 1 1 1 1 1 1 0.864823 1 1 1 0.998466 1 1 1 
1 0.926829 0.995638 1 0.572093 0.930931 0.962371 1 1 0.909323 0.960997 1 1 0.926387 0.966469 0.996416 
1 0.786031 0.405671 0.869182 1 0.822823 0.688617 0.37028 1 0.94636 0.730228 0.44302 1 0.680634 0.404339 0.869773 
0.889222 1 1 0.916981 1 1 1 0.724726 1 1 1 1 0.496933 1 1 0.807646 
1 1 1 1 0.866667 1 1 1 0.870968 1 1 1 1 1 1 1 
1 0.870288 0.549618 1 0.87907 0.990991 0.965193 1 0.791091 0.899106 0.992416 1 1 0.996602 0.991124 1 
1 0.845898 0.44602 0.418868 1 0.871872 0.476011 0.845311 1 1 0.942579 0.871795 1 0.996602 0.994083 0.427718 
1 1 1 0.568553 1 1 1 0.923264 1 1 1 1 1 1 1 1 
1 1 1 1 1 1 1 1 1 1 1 1 1 1 1 1 
1 1 1 1 1 0.832833 1 1 1 0.802043 1 1 0.743865 0.937712 1 1 
