1 1 1 1 1 0.596566 0.537911 1 0.994278 1 1 1 1 0.51216 1 1 
0.745392 1 1 1 0.436636 1 1 0.9447 0.721198 0.985023 1 0.87212 0.452765 0.550691 1 1 
0.939772 1 1 0.998962 0.767394 1 1 0.974039 0.92108 0.686397 1 0.988577 0.713396 1 1 1 
0.997396 1 1 1 0.867188 1 1 1 0.876302 0.91276 0.615885 1 0.888021 0.744792 1 1 
1 0.802131 0.535769 1 1 0.841705 1 1 1 1 0.5586 0.684932 1 1 0.974125 1 
0.592184 1 1 0.983968 0.744489 1 1 0.931864 0.42986 0.992986 1 0.942886 0.788577 1 1 0.997996 
0.922727 1 1 0.998182 0.622727 1 1 0.96 0.564545 0.98 1 0.943636 0.785455 1 1 0.997273 
0.907572 1 1 1 0.462138 0.846325 1 1 0.887528 0.771715 1 1 0.289532 0.57461 1 1 
1 0.561086 0.9819 1 1 1 0.616893 1 1 1 1 0.812971 1 1 0.995475 1 
0.415743 1 1 0.743902 0.736142 1 1 0.513304 0.392461 1 1 0.960089 0.964523 1 1 0.493348 
0.853032 1 1 0.934224 0.430627 1 1 0.950668 0.631038 0.996917 1 0.934224 0.815005 1 1 1 
0.913043 1 0.913043 1 0.788647 1 0.596618 0.9843 0.743961 0.817633 1 0.981884 0.812802 0.995169 1 1 
1 1 1 1 1 1 1 0.998578 1 1 1 1 1 1 1 0.800853 
0.887368 1 1 0.934737 0.910526 1 1 0.938947 0.852632 0.998947 0.513684 0.932632 0.938947 1 1 0.995789 
0.55948 1 0.996283 0.997212 0.715613 1 1 0.947955 0.549257 0.510223 1 0.946097 0.894052 1 1 0.993494 
0.992018 1 1 1 0.883694 0.724059 0.548461 0.993159 0.397948 1 0.794755 0.992018 0.787913 1 1 1 
