5.09134e-06 0.000870822 6.33423e-05 3.03468e-05 1.53461e-05 0.000814032 0.00305214 0.000127424 1.05824e-05 0.000581433 0.00073824 0.00011817 1.63008e-05 0.000280368 6.97465e-05 3.88616e-05 
2.52036e-05 9.94986e-06 1.38905e-05 1.60328e-05 6.53572e-05 1.53378e-05 1.83086e-05 1.84992e-05 4.04604e-05 1.55273e-05 1.57742e-05 2.9341e-05 0.000178479 4.96286e-05 2.22493e-05 1.91226e-05 
3.20982e-05 2.27305e-05 4.99831e-06 1.05909e-05 0.000190895 1.76539e-05 1.86079e-05 1.48366e-05 0.00172479 2.05494e-05 1.57875e-05 2.07634e-05 2.21362e-05 3.4235e-05 1.33419e-05 1.47181e-05 
1.59637e-05 0.000113829 3.59223e-05 1.54002e-05 1.38039e-05 0.000132759 8.43212e-05 1.27291e-05 1.51224e-05 8.17861e-05 0.00287403 1.1982e-05 6.77671e-05 0.00268548 0.000168054 2.97415e-05 
4.84139e-05 0.000223 0.00481966 0.000508049 6.72231e-06 0.00358099 0.00259369 0.000490099 6.93802e-06 5.03405e-05 0.00628062 0.000596492 1.65992e-05 0.00391517 0.000343344 0.000277042 
2.57576e-05 7.9228e-06 8.6857e-06 1.47226e-05 4.26306e-05 6.11936e-06 8.51866e-06 2.21571e-05 0.000181262 4.71902e-06 8.22267e-06 1.37226e-05 1.78531e-05 1.29801e-05 1.3256e-05 1.92169e-05 
3.42762e-05 1.28026e-05 5.86811e-06 1.8035e-05 3.0987e-05 7.16998e-06 5.76047e-06 1.80149e-05 0.00022219 7.29075e-06 4.08247e-06 2.94747e-05 4.46653e-05 3.94132e-05 1.03312e-05 1.40414e-05 
1.55444e-05 0.000149334 2.73099e-05 1.20251e-05 0.00246157 0.000112424 6.09577e-05 7.12564e-06 1.27602e-05 0.000151218 7.09197e-05 1.15369e-05 2.68731e-05 0.000115315 6.06176e-05 2.15321e-05 
1.73607e-05 0.000315664 0.00384156 0.00016019 6.54322e-06 0.000246593 0.000579689 0.0041515 6.81496e-06 7.85705e-05 0.000445504 0.00321666 1.30333e-05 0.000575584 0.00422596 0.000209251 
0.000185216 1.88276e-05 2.9014e-05 0.000128708 1.29466e-05 1.54785e-05 2.40343e-05 0.000417471 3.62252e-05 4.76559e-06 1.20219e-05 5.93813e-05 0.00362926 1.49442e-05 2.39122e-05 0.00029395 
2.39063e-05 1.38641e-05 1.26734e-05 2.6362e-05 0.000235257 1.16646e-05 1.38503e-05 1.91995e-05 0.000186948 1.08885e-05 4.03687e-06 1.6662e-05 5.47487e-05 1.99599e-05 1.42822e-05 1.47586e-05 
1.50419e-05 0.000209391 0.00239407 1.31564e-05 0.000164162 4.48076e-05 8.81403e-05 1.56031e-05 0.00034612 0.000150165 2.97377e-05 8.20787e-06 2.38334e-05 3.27779e-05 3.50917e-05 2.21838e-05 
2.09071e-05 0.000209074 0.00320741 0.00394182 1.02633e-05 0.000169408 0.00317583 0.000204644 1.77216e-05 2.56332e-05 9.40274e-05 0.000179955 5.12092e-06 4.82584e-05 6.05468e-05 0.00379797 
1.68601e-05 1.84578e-05 1.54564e-05 0.00227008 1.66039e-05 1.22579e-05 1.61755e-05 0.000120652 2.0045e-05 1.20386e-05 1.97996e-05 3.59399e-05 2.85991e-05 5.89932e-06 1.14713e-05 2.38761e-05 
1.50812e-05 1.60464e-05 1.00641e-05 1.05829e-05 3.272e-05 1.04758e-05 1.01161e-05 1.21569e-05 2.59436e-05 1.64568e-05 1.25627e-05 2.07987e-05 1.67731e-05 7.57139e-06 4.46005e-06 8.5576e-06 
1.12653e-05 2.8826e-05 2.05569e-05 1.06055e-05 2.55466e-05 0.000252303 2.79996e-05 1.97708e-05 3.1059e-05 0.000310129 4.28825e-05 1.9269e-05 0.000446845 0.000106746 1.73947e-05 5.28625e-06 
