6.66092e-06 2.12137e-05 2.54858e-05 1.54481e-05 2.65862e-05 0.00213535 0.00271323 2.29562e-05 4.35352e-05 1.944e-05 3.46234e-05 2.12097e-05 1.43354e-05 0.00349916 2.15595e-05 1.2902e-05 
0.000388413 7.46325e-06 1.34879e-05 3.49489e-05 0.00398994 8.56968e-06 1.17171e-05 9.13097e-05 0.000454997 4.63179e-05 2.24702e-05 0.000177994 0.00314246 0.00197536 1.7608e-05 3.08845e-05 
9.89419e-05 2.2241e-05 5.74654e-06 1.89335e-05 0.000357895 1.36202e-05 7.32792e-06 4.23741e-05 0.000118761 0.000912102 2.08374e-05 4.30687e-05 0.000492573 2.94556e-05 9.64307e-06 1.99222e-05 
3.80991e-05 2.29557e-05 9.37639e-06 8.66059e-06 0.000164753 2.19971e-05 8.82653e-06 6.15531e-06 0.000152261 0.000136013 0.0018758 1.80059e-05 0.000141225 0.000365001 2.64146e-05 1.40783e-05 
4.10581e-05 0.000346047 0.00290862 2.93547e-05 7.16986e-06 0.000265601 2.41918e-05 2.26091e-05 6.384e-06 1.49774e-05 0.00271345 0.000447633 1.70543e-05 1.42607e-05 6.68445e-05 3.0479e-05 
0.000876782 1.34462e-05 2.48257e-05 6.07413e-05 0.000463385 6.01598e-06 8.34674e-06 0.000112955 0.00125962 3.43683e-05 1.38275e-05 0.000102529 0.000294257 2.59943e-05 1.29297e-05 4.18348e-05 
0.000133794 2.01927e-05 2.35488e-05 4.509e-05 0.000643734 1.05317e-05 5.64403e-06 7.40381e-05 0.000830416 5.78257e-05 1.72383e-05 0.000107496 0.00035435 2.47922e-05 1.23645e-05 3.51178e-05 
0.000118914 3.00056e-05 2.35647e-05 2.09689e-05 0.00170257 0.000194901 2.94997e-05 9.92555e-06 0.000171891 0.000365298 3.85501e-05 2.14383e-05 0.00559614 0.00240518 1.55477e-05 1.85122e-05 
1.88029e-05 0.00257062 5.18299e-05 1.6372e-05 6.43673e-06 1.87019e-05 0.0019359 2.75483e-05 6.78884e-06 1.52832e-05 3.74155e-05 0.000348449 1.80212e-05 2.05148e-05 4.61032e-05 2.31613e-05 
0.00429262 1.66196e-05 2.31854e-05 0.000557945 0.000416738 6.80318e-06 1.11553e-05 0.00298045 0.00446444 1.2827e-05 1.11175e-05 7.56258e-05 8.00207e-05 1.19365e-05 2.24938e-05 0.0033403 
0.000196695 2.06593e-05 3.09401e-05 0.000111622 0.0037601 9.17066e-06 7.54629e-06 8.59311e-05 0.000870114 2.76759e-05 5.16198e-06 0.000109956 0.000252127 2.04e-05 1.56653e-05 3.22535e-05 
0.000109738 2.16717e-05 0.000133462 3.24627e-05 0.000361048 4.06198e-05 0.00199296 3.42093e-05 0.000412895 0.000282563 1.54734e-05 3.61411e-05 0.000301191 4.40908e-05 2.67832e-05 2.49374e-05 
2.32133e-05 2.09221e-05 2.65055e-05 2.00931e-05 1.78935e-05 2.05842e-05 2.28509e-05 5.00817e-05 2.07093e-05 1.91785e-05 5.05635e-05 2.79844e-05 6.21025e-06 1.35657e-05 1.47596e-05 0.000333407 
0.000155768 2.67698e-05 2.32656e-05 0.000107928 0.000127434 8.81366e-06 1.18481e-05 0.000112038 0.0002444 2.66282e-05 0.00316326 0.000125823 8.10949e-05 9.41883e-06 1.08593e-05 4.36152e-05 
0.000856235 2.78723e-05 3.69963e-05 4.72841e-05 0.000459569 1.08503e-05 1.07862e-05 8.46267e-05 0.000820427 0.00109296 2.10251e-05 9.6999e-05 0.000156569 2.03533e-05 7.35297e-06 3.59678e-05 
4.47349e-05 1.84543e-05 2.86265e-05 1.97877e-05 0.000171847 0.000518648 0.00253402 3.35656e-05 0.00411141 4.76537e-05 0.000295898 3.41966e-05 0.000326579 3.03895e-05 7.62372e-06 7.90501e-06 
