0
1.40543e-06
3.18669e-06
2.10329e-06
1.03342e-06
7.74537e-07
2.87412e-07
3.50557e-07
3.02252e-07
2.46639e-07
1.59123e-07
2.98423e-07
3.61057e-07
3.01122e-07
1.28333e-07
2.43869e-07
2.7499e-07
1.70906e-07
2.0492e-07
2.00347e-07
1.73331e-07
5.58981e-08
1.01348e-07
1.06383e-07
5.81016e-08
8.68236e-08
6.28713e-08
8.72683e-08
5.41605e-08
7.34212e-08
5.2403e-08
5.44869e-08
3.04332e-08
4.2788e-08
7.91177e-08
4.99612e-08
1.4692e-07
2.55408e-07
8.20961e-07
1.7872e-07
6.64053e-07
4.26597e-07
2.84264e-07
4.47692e-07
3.28751e-07
4.83505e-07
2.06956e-07
3.81422e-07
3.03196e-07
2.6821e-07
1.1758e-07
1.3309e-07
1.82533e-07
1.23126e-07
1.00902e-07
5.32754e-08
4.57087e-08
4.56787e-08
2.94928e-07
7.12883e-07
8.25198e-07
0
