-0.0334798
0.0205358
0.0235411
0.0222783
0.0240207
-0.0334798
0.0254858
-0.0230252
0.0298819
-0.0334798
0.0257632
-0.034158
-0.0336398
0.0320015
0.00485388
-0.0319969
0.0329105
0.0352087
-0.02651
-0.0282525
-0.0317374
-0.0315294
-0.0283574
-0.031128
-0.0299949
0.00311143
-0.0328304
0.0344754
0.00659631
0.00704806
0.00833876
0.0334206
0.0100812
0.0118236
0.0335665
0.0344754
0.0135661
0.0153085
-0.0334798
0.0187934
0.0309905
0.0309302
-0.0325324
0.017051
-0.0247676
-0.0253083
0.0275056
-0.0212827
-0.0195403
-0.0209795
-0.0235554
0.029248
0.0327329
-0.0327083
-0.0334738
-0.033404
0.0333494
-0.0324805
-0.0334385
-0.0333356
-0.0330109
0.0352307
-0.0300475
0.0135661
0.0153085
-0.0337065
-0.0337799
-0.0337296
-0.02651
-0.0269811
-0.0125705
-0.014313
-0.0165285
-0.0160554
-0.0193255
-0.0177978
-0.0299949
0.0118236
-0.0282525
-0.0291406
-0.0282009
-0.0297154
0.017051
0.0187934
0.0205359
0.0222783
0.0240207
0.0227689
-0.0108281
-0.0123296
-0.00908565
0.00485389
0.0336687
-0.0324441
-0.0326086
-0.0331504
-0.0334798
0.0351079
0.0352342
0.0348026
0.0350888
0.0350498
0.0347984
0.0353653
0.0356774
0.00311144
0.0339072
0.00659632
0.00833877
0.0356559
0.0354423
0.0351191
0.0348423
0.0346667
0.0344754
0.0342121
0.0338831
0.0335154
0.0100254
0.0100812
-0.0322272
-0.0127977
-0.0125705
0.0309905
0.0328923
-0.0108281
-0.0111775
-0.00908563
-0.00560076
-0.0065261
-0.000373444
0.00136899
-0.0306384
-0.0315433
-0.0317374
-0.0320298
0.0327329
-0.0323758
-0.0321713
-0.032685
-0.0073432
0.0340365
0.001369
0.0338225
-0.000373433
0.0346892
0.0339435
-0.00211588
-0.00385832
-0.00334667
0.0344754
0.0339461
-0.00560077
-0.00595404
-0.00385833
-0.00211589
0.033833
0.0257632
0.0292481
0.0278107
0.0275056
-0.014313
-0.0247676
-0.0237138
-0.0200685
-0.0155118
-0.0160554
-0.0177978
-0.0212827
-0.0195403
-0.0230252
-0.00734321
0.0100812
-0.00560077
0.0327329
-0.0299949
-0.0282525
-0.0334798
-0.0125705
0.0135661
0.0275056
0.00659631
-0.0334798
-0.0317374
-0.00385833
0.0222783
0.0153085
0.0118236
-0.000373433
0.0327329
0.0327329
0.0344754
0.017051
-0.00211589
-0.0073432
-0.0326086
-0.0317374
0.0344754
0.0344754
0.0344754
0.001369
-0.000373444
-0.0334798
-0.0317374
0.0344754
-0.0230252
0.00136899
0.0292481
0.0327329
0.0344754
0.00485389
-0.0317374
0.0344754
0.0327329
-0.0230252
0.00485388
0.0187934
0.0222783
-0.00211588
0.0187934
-0.0324177
-0.0333632
-0.0330676
-0.0326086
-0.0320212
-0.0334859
-0.0334798
-0.0334798
0.0135661
0.00311143
-0.0212827
-0.00908563
-0.0299949
-0.0247676
-0.0317374
0.0327329
-0.0334798
0.0205359
0.00311144
0.0344754
0.0344754
-0.0299949
0.0205358
0.0344754
0.0344754
0.0344754
0.0309905
-0.02651
0.0327329
0.0327329
-0.0282525
0.0153085
0.00659632
0.0344754
-0.0160554
0.0118236
-0.0108281
0.0327329
-0.0108281
0.0327329
0.0344754
0.0327329
0.017051
0.0240207
0.0257632
-0.014313
0.0309905
0.0327329
0.0344754
0.0327329
0.0337451
-0.00211589
-0.00385833
-0.00560077
0.0340856
0.0327329
-0.00385832
0.0344348
0.0344754
0.0347999
0.0327329
0.0325484
-0.0326086
-0.00211588
-0.0323372
0.0327329
-0.0320102
0.032209
0.0283648
0.0292481
0.0314918
-0.000373433
-0.0247676
0.0340403
-0.0230252
0.0331206
0.0337963
0.0338008
0.00136899
0.0338215
-0.000373444
0.0340842
-0.027936
0.0318477
0.0309905
0.0309229
0.0298532
-0.0295692
-0.031297
-0.0314082
-0.0308186
-0.0299949
-0.0113899
-0.0108281
-0.0291432
-0.0290142
-0.0282525
-0.00908563
-0.0273286
-0.0125705
-0.0141589
-0.014313
-0.0160554
-0.0177978
-0.0195403
-0.0212827
-0.0230252
-0.0247676
-0.0248514
0.001369
-0.02651
-0.0265225
0.0329685
-0.00734321
-0.0108281
-0.0105141
-0.00908565
0.0327019
0.0327329
-0.0125705
-0.0157156
-0.014313
-0.0160554
-0.0182413
-0.0177978
0.0344754
0.0332542
-0.00560076
0.0325702
0.0324202
0.0323439
0.0327988
0.0321718
-0.0319813
-0.0317458
-0.0317374
-0.030913
-0.0306779
-0.0073432
-0.0327525
-0.0327791
-0.0329567
0.0256282
0.0275056
0.029248
-0.0212827
0.00726561
-0.022437
0.00659632
-0.0195403
0.00485389
-0.019942
0.00311144
-0.02651
0.0303326
0.0240207
0.0257632
-0.0307077
0.0309905
0.0313186
0.0325203
-0.0317374
-0.0321049
0.0327329
0.0222783
0.0205359
-0.0325417
0.0118236
-0.0292679
0.0118236
-0.0299949
-0.0300957
0.0135661
0.0153085
0.0153085
0.0135661
0.017051
0.0187934
0.0113157
0.0341297
0.0205358
0.0222783
0.0100812
0.00833877
0.0100812
-0.0282525
0.0238646
0.0240207
0.0257632
-0.0242306
0.0275056
0.00311143
0.0187934
-0.0329986
-0.0330746
-0.0323315
0.00659631
0.0342511
-0.0327069
-0.0330095
-0.0328305
0.00833876
0.00485388
0.0331658
0.0337096
-0.0320478
-0.0318194
0.017051
0.0337425
0.0331272
