2.06468
2.06437
2.06295
2.0623
2.06632
2.06932
2.06394
2.06577
2.06857
2.06494
2.06376
2.06427
2.06632
2.0654
2.06764
2.06751
2.06636
2.06788
2.06395
2.06884
2.06755
2.06794
2.07087
2.06726
2.07031
2.0683
2.06856
2.06705
2.0665
2.07055
2.06826
2.06694
2.06443
2.06654
2.06497
2.06354
2.06429
2.06231
2.06451
2.06709
2.06682
2.07176
2.06521
2.06857
2.06492
2.06247
2.06504
2.06739
2.06673
2.06545
2.06312
2.0643
2.0639
2.06444
2.06342
2.06533
2.06569
2.06686
2.0692
2.0655
2.06555
2.06632
2.06689
2.06765
2.06769
2.06617
2.06715
2.06734
2.06601
2.06567
2.06642
2.06467
2.06475
2.06494
2.06206
2.06779
2.06755
2.06553
2.06757
2.06651
2.06647
2.06363
2.06534
2.06679
2.06574
2.06957
2.06496
2.06354
2.06557
2.0594
2.065
2.06223
2.06218
2.06897
2.0652
2.06522
2.06221
2.06897
2.06566
2.06532
2.06252
2.06698
2.06771
2.06419
2.06537
2.06609
2.0674
2.06709
2.06525
2.06616
2.06217
2.06807
2.06742
2.06527
2.06579
2.06815
2.06498
2.06872
2.06483
2.06549
2.06396
2.06165
2.06699
2.06718
2.06747
2.0636
2.06213
2.06291
2.06345
2.06537
2.07153
2.06588
2.06344
2.06296
2.0665
2.06557
2.06669
2.06415
2.06582
2.06773
2.06688
2.06236
2.06401
2.06552
2.06323
2.06387
2.0593
2.06693
2.06362
2.06414
2.06623
2.06498
2.06343
2.06154
2.06424
2.06451
2.063
2.06499
2.06398
2.06324
2.06272
2.06715
2.06368
2.06443
2.06441
2.06267
2.06221
2.06357
2.06254
2.06431
2.06463
2.06013
2.06276
2.0656
2.06465
2.0668
2.06386
2.06386
2.06559
2.06771
2.06564
2.06751
2.06513
2.06491
2.07066
2.06617
2.06806
2.06464
2.06665
2.06374
2.06241
2.06219
2.06219
2.06611
2.0616
2.0641
2.06381
2.06171
2.06485
2.06618
2.06473
2.07016
2.06039
2.06689
2.05942
2.06303
2.0633
2.06245
2.06361
2.06627
2.06627
2.06727
2.06711
2.06629
2.06576
2.06284
2.06317
2.06597
2.06719
2.06478
2.06711
2.06718
2.06161
2.06474
2.06666
2.06389
2.0633
2.06633
2.06568
2.06329
2.06535
2.06239
2.06639
2.06432
2.06677
2.06236
2.06525
2.06426
2.06491
2.065
2.06543
2.06445
2.06533
2.06394
2.06341
2.06616
2.06529
2.06762
2.06503
2.06179
2.06861
2.06223
2.06636
2.0632
2.06313
2.06674
2.0641
2.06436
2.06522
2.06891
2.06638
2.0678
2.06292
2.06424
2.06538
2.0654
2.06325
2.06464
2.06441
2.06833
2.06192
2.06328
2.06765
2.06599
2.06432
2.06225
2.06494
2.06585
2.06228
2.06059
2.06183
2.06487
2.0663
2.06578
2.06344
2.06607
2.06759
2.0668
2.06435
2.06655
2.0652
2.06115
2.06433
2.0653
2.0656
2.06705
2.06832
2.06594
2.06475
2.06544
2.0681
2.06924
2.06629
2.06331
2.06509
2.06353
2.06384
2.06758
2.06609
2.06609
2.06302
2.06557
2.06285
2.06506
2.06269
2.0634
2.06474
2.06545
2.06603
2.0657
2.06564
2.06388
2.06853
2.06574
2.0658
2.06447
2.06437
2.0673
2.06319
2.06937
2.06353
2.06363
2.06482
2.06544
2.06604
2.06261
2.0641
2.0656
2.06428
2.06373
2.06687
2.07
2.06564
2.06622
2.06719
2.07029
2.06851
2.06264
2.06471
2.06751
2.06399
2.06606
2.06601
2.06154
2.07073
2.06639
2.06526
2.06625
2.06569
2.0651
2.06587
2.06257
2.06688
2.06664
2.06441
2.06762
2.06539
2.06251
2.06425
2.0663
2.06221
2.06088
2.06629
2.06821
2.06437
2.06538
2.06202
2.06703
2.06295
2.06793
2.06281
2.0666
2.0626
2.06624
2.06606
2.06215
2.06398
2.06209
2.06323
2.06515
2.06759
2.06201
2.06228
2.06656
2.06225
2.06497
2.06435
2.06441
2.06385
2.0659
2.06854
2.06363
2.0653
2.06523
2.0664
2.06642
2.06615
2.06616
2.06495
2.0646
2.0635
2.06911
2.06487
2.06458
2.06477
2.06738
2.06197
2.06232
2.0652
2.06511
2.06796
2.06598
2.062
2.0683
2.06363
2.06483
2.06274
2.06329
2.06655
2.06577
2.06527
2.06542
2.06555
2.06275
2.06003
2.06142
2.06635
2.06446
2.0642
2.06521
2.06621
2.06294
2.06337
2.0654
2.06282
2.06586
2.0645
2.06739
2.06433
2.06538
2.06807
2.06706
2.0646
2.06216
2.06624
2.06324
2.06807
2.06718
2.06845
2.06598
2.0644
2.06652
2.06747
2.06799
2.06716
2.06589
2.06683
2.06706
2.06781
2.06494
2.06411
2.06674
2.0659
2.06351
2.06149
2.06325
2.06222
2.06706
2.06574
2.06763
2.06516
2.06704
2.06319
2.06591
2.06587
2.06502
2.06586
2.06327
2.06764
2.06644
2.06575
2.06792
2.06615
2.06599
2.06482
2.06358
2.06398
2.06485
2.06493
2.06615
2.0676
