0
0.00102978
0.00102978
0.00102978
0.00102978
0.00146303
0.00146303
0.00180269
0.00180269
0.00180269
0.00200654
0.00200654
0.00200654
0.00200654
0.00200654
0.00217903
0.00217903
0.00217903
0.00217903
0.00242369
0.00242369
0.00242369
0.00242369
0.00261009
0.00261009
0.00261009
0.00261009
0.00295851
0.00295851
0.00295851
0.00295851
0.00295851
0.003064
0.003064
0.00313648
0.00313648
0.00313648
0.00322657
0.00322657
0.00322657
0.00322657
0.00322657
0.00322657
0.00329891
0.00329891
0.00329891
0.00329891
0.00337034
0.00337034
0.00337034
0.00337034
0.00354654
0.00354654
0.00354654
0.00354654
0.00361858
0.00361858
0.00361858
0.00361858
0.00361858
0.00361858
0.00379112
0.00379112
0.00379112
0.00379112
0.00385733
0.00385733
0.00385733
0.00385733
0.00390989
0.00390989
0.00390989
0.00390989
0.00390989
0.00393742
0.00393742
0.00393742
0.00393742
0.00393742
0.00394575
0.00394575
0.00394575
0.00394575
0.00394432
0.00394432
0.00394432
0.00394432
0.00395016
0.00395016
0.00395016
0.00395016
0.00395016
0.00395016
0.00395016
0.00395016
0.00395016
0.00395016
0.00395016
0.00395016
0.00395016
0.00395016
0.00395016
0.00395016
0.00395016
0.00395016
0.00395016
0.00395016
0.00395016
0.00395016
0.00395016
0.00395016
0.00395016
0.00395016
0.00395016
0.00395016
0.00395016
0.00395016
0.00395016
0.00395016
0.00395016
0.00395016
0.00395016
0.00395016
0.00395016
0.00395099
0.00395099
0.00395099
0.00395266
0.00395266
0.00395266
0.00395266
0.00395266
0.00395266
0.00395266
0.00395266
0.00395266
0.00395266
0.00395266
0.00395266
0.00395266
0.00395266
0.00395266
0.00395266
0.00395266
0.00395266
0.00395266
0.00395266
0.00395266
0.00395266
0.00395266
0.00395266
0.00395266
0.00395266
0.00395266
0.00395266
0.00395266
0.00395266
0.00395266
0.00395266
0.00395266
0.00395266
0.00395266
0.00395266
