0.601313
0.820497
1.05626
1.3199
1.41158
1.53524
1.67283
1.84439
2.03194
2.13228
2.22895
2.37632
2.56519
2.73455
2.94941
3.10805
3.27509
3.46408
3.72798
3.88357
4.00981
4.1749
4.33715
4.57774
4.75753
4.92926
5.06993
5.26734
5.3937
5.52869
5.70253
5.81863
5.93522
6.1065
6.24743
6.39062
6.55675
6.66921
6.78592
6.96775
7.10104
7.22976
7.38693
7.52744
7.67272
7.88223
8.02224
8.11277
8.23459
8.34616
8.48975
8.66313
8.7807
8.9447
9.07519
9.22119
9.3583
9.51096
9.63252
9.78916
9.92436
10.0551
10.1695
10.3071
10.4127
10.4671
10.4831
10.4991
10.5146
10.5091
10.5129
10.56
10.6124
10.637
10.6544
10.6622
10.6783
10.6816
10.6682
10.6643
10.6553
10.6651
10.6652
10.6686
10.6686
10.6821
10.6829
10.6805
10.6729
10.6647
10.6801
10.6822
10.6874
10.6916
10.6962
10.6906
10.6837
10.6793
10.6715
10.6765
10.683
10.6758
10.6714
10.6664
10.6606
10.6574
10.6596
10.6533
10.6561
10.6518
10.6558
10.6509
10.6503
10.6509
10.6441
10.6416
10.6401
10.6385
10.6326
10.6416
10.6367
10.6382
10.642
10.6427
10.639
10.6359
10.6366
10.6323
10.6333
10.6349
10.6306
10.6359
10.6322
10.6276
10.6199
10.6096
10.6149
10.6119
10.6182
10.6229
10.6199
10.6116
10.6103
10.5978
10.6031
10.6074
10.6116
10.617
10.6127
10.6072
10.6101
10.6055
10.6015
10.5989
10.6007
10.5988
10.6024
10.5977
10.5971
10.6018
10.5904
10.591
10.5881
