0.0098995
0.0168542
0.0168542
0.0098995
0.0156525
0.014
0.0156525
0.0098995
0.0098995
0.0098995
0.0098995
0.0117074
0.0168542
0.020762
0.0156525
0.0098995
0.019799
0.019799
0.0156525
0.0117074
0.0168542
0.0168542
0.0168542
0.0230014
0.0230014
0.0156525
0.0098995
0.0156525
0.0156525
0.0098995
0.0098995
0.0168542
0.0098995
0.0156525
0.0156525
0.0156525
0.0156525
0.0098995
0.0098995
0.0098995
0.0156525
0.0156525
0.0156525
0.0098995
0.0156525
0.0098995
0.0156525
0.0156525
0.0156525
0.0156525
0.014
0.0156525
0.0156525
0.0156525
0.0156525
0.0221359
0.021
0.0156525
0.0098995
0.00938416
0.0098995
0.0156525
0.020762
0.019799
0.0156525
0.0156525
0.0156525
0.0098995
0.007
0.007
0.0156525
0.014
0.0221359
0.014
0.0156525
0.0098995
0.0156525
0.0098995
0.007
0.0098995
0.0156525
0.0156525
0.0156525
0.0221359
0.019799
0.019799
0.007
0
0.0098995
0.014
0.014
0.0098995
0.0156525
0.0221359
0.0168542
0.0098995
0.0156525
0.0098995
0.0098995
0.0098995
0.019799
0.0156525
0.0221359
0.020762
0.019799
0.020762
0.0098995
0.0117074
0.007
0.0156525
0.019799
0.0156525
0.0156525
0.0156525
0.0156525
0.0168542
0.020762
0.0168542
0.0098995
0.0098995
0.019799
0.019799
0.0221359
0.0156525
0.019799
0.00938416
0.0098995
0.0098995
0.0098995
0.0221359
0.0156525
0.0098995
0.0156525
0.019799
0.0156525
0.0117074
0.00938416
0.007
0.007
0.014
0.0098995
0.019799
0.0156525
0.0168542
0.0168542
0.0168542
0.0168542
0.007
0.007
0.0098995
0.0156525
0.0098995
0.0156525
0.020762
0.0260012
0.020762
0.020762
0.00938416
0.0098995
0.007
0.007
0.0156525
0.0156525
0.020762
0.0260012
0.0168542
0.0117074
0.007
0.00938416
0.007
0.0098995
0.0098995
0.0098995
0.0221359
0.019799
0.0168542
0.0168542
0.00938416
0.00625
0
0.0156525
0.0098995
0.00938416
0.0168542
0.0168542
0.0219103
0.0168542
0.00938416
0.0168542
0.0117074
0.0156525
0.019799
0.0156525
0.0117074
0.0168542
0.0117074
0.0168542
0.0153317
0.007
0.00938416
0.021
0.0156525
0.0156525
0.0168542
0.0168542
0.0117074
0.020762
0.020762
0.0168542
0.007
0.007
0.007
0.0156525
0.0098995
0.0168542
0.020762
0.0168542
0.0153317
0.0117074
0.00938416
0.0168542
0.0156525
0.0098995
0.0156525
0.0156525
0.0117074
0.0168542
0.020762
0.00938416
0.007
0.007
0.0168542
0.0168542
0.0117074
0.0168542
0.0168542
0.0117074
0.00938416
0.0117074
0.0117074
0.0117074
0.0168542
0.0168542
0.020762
0.0168542
0.0168542
0.0117074
0.0168542
0.00938416
0.00625
0.0117074
0.0098995
0.0156525
0.0156525
0.0168542
0.0168542
0.0168542
0.00938416
0.00938416
0.00938416
0.0153317
0.0168542
0.0168542
0.0168542
0.020762
0.0168542
0.020762
0.0168542
0.0230014
0.0117074
0.0117074
0.0117074
0.0168542
0.0168542
0.0168542
0.0168542
0.0168542
0.0168542
0.00938416
0.00938416
0.00938416
0.0168542
0.020762
0.020762
0.0230014
0.0168542
0.019799
0.0713933
0.163235
0.309045
0.444283
0.569914
0.73293
0.85395
0.965543
0.975439
0.966082
0.960812
1.02624
1.10456
1.18034
1.23452
1.23804
1.21764
1.19739
1.169
1.12848
1.07332
1.0578
1.07795
1.15902
1.2357
1.30595
1.3361
1.35196
1.39218
1.42925
1.47148
1.51763
1.57985
1.62191
1.67922
1.74253
1.78036
1.8039
1.8231
1.83652
1.86873
1.91591
1.95175
1.97237
2.00265
2.0271
2.06053
2.07925
2.09174
2.10865
2.12267
2.15545
2.18676
2.21635
2.2489
2.27543
2.31601
2.34671
2.36961
2.39856
2.42585
2.48443
2.53648
2.58542
2.62233
2.67162
2.70735
2.74229
2.78157
2.80037
2.83241
2.87807
2.91448
2.95605
2.97803
2.99828
3.01795
3.04691
3.07329
3.08779
3.09538
3.1001
3.10935
3.12052
3.12381
3.13489
3.13825
3.15032
3.15809
3.15566
3.14967
3.1455
3.1543
3.15803
3.16457
3.16618
3.15935
3.15849
3.1628
3.1628
3.16565
3.17057
3.17853
3.17473
3.16935
3.16563
3.15518
3.15152
3.15066
3.15599
3.15687
3.16726
3.17183
3.16975
3.16776
3.15956
3.16861
3.16861
3.17532
3.17532
3.18095
3.17425
3.17577
3.17819
3.17325
3.17325
3.17568
3.18062
3.17568
3.17568
3.17725
3.18551
3.18798
3.19046
3.1921
3.18961
3.1764
3.17395
3.1822
3.18713
3.19382
3.19046
3.19046
3.19133
3.18961
3.1921
3.19378
3.19295
3.19378
3.1921
3.19378
3.19295
3.18795
3.18795
3.18385
3.18385
3.18465
3.17719
3.18215
3.19044
3.19215
3.18885
3.19215
3.19215
3.18889
3.18889
3.19064
3.18889
3.18557
3.18636
3.19548
3.19642
3.19976
3.19897
3.19242
3.19064
3.18987
