0.00938416
0.0117074
0.0153317
0.00938416
0.0098995
0.0098995
0.007
0.007
0
0.007
0.00938416
0.00938416
0.0117074
0.00625
0.00625
0.007
0.007
0
0
0.007
0.00938416
0.00625
0.00938416
0.0117074
0.00625
0.0098995
0.007
0
0.007
0.007
0.007
0
0.00938416
0.00938416
0.014
0.007
0
0.0098995
0
0.0098995
0
0.00625
0.00938416
0.00938416
0.00938416
0.0117074
0.007
0.014
0.007
0.007
0
0.00938416
0.00938416
0.014
0.0168542
0
0.007
0
0.007
0.007
0.007
0.007
0.00938416
0.00938416
0
0
0.0098995
0
0
0
0.007
0
0.00938416
0.00938416
0.00625
0.007
0
0.007
0
0
0
0.007
0.007
0.00625
0.00625
0
0.0098995
0
0.0098995
0.007
0.007
0.007
0
0.00625
0.00625
0.00625
0.007
0
0
0.007
0.007
0
0.007
0.00938416
0.00938416
0.007
0
0
0
0
0.007
0.007
0.007
0.007
0.007
0.007
0
0
0.007
0.007
0.007
0.007
0
0.0098995
0.007
0
0
0
0
0
0.007
0.007
0.007
0.00938416
0
0.007
0
0
0
0
0.007
0.00625
0.007
0
0
0
0.0098995
0
0
0
0
0.0098995
0.007
0.007
0
0
0
0.007
0.00625
0.0098995
0
0.007
0
0.0156525
0
0.0098995
0
0.00625
0.00625
0.007
0.007
0.007
0.007
0
0
0.00625
0.00938416
0.00625
0.00938416
0
0
0.007
0.007
0
0.007
0.007
0.00938416
0.00625
0.007
0
0.007
0.007
0.007
0.007
0.00625
0.0117074
0.0117074
0.00938416
0
0
0.007
0.007
0.014
0
0.007
0.00625
0.00938416
0.00625
0.00625
0.00625
0.007
0
0
0
0.0153317
0.00938416
0.0117074
0.00938416
0.00625
0.00625
0.00938416
0.007
0.007
0
0.00938416
0.007
0.00625
0.00625
0.00625
0.00625
0.00625
0.007
0.007
0
0.0098995
0.00625
0.0098995
0.0117074
0.00625
0
0.007
0.007
0
0.007
0.0098995
0.00938416
0.00938416
0.00625
0.00625
0.00938416
0.007
0
0.007
0.007
0.00625
0.00625
0.0117074
0.0117074
0.0117074
0.007
0.007
0.007
0.007
0
0.00625
0.00938416
0.00625
0.00625
0.00625
0.007
0
0.007
0.0117074
0.00938416
0.00938416
0.00625
0.00625
0.00625
0.00938416
0.00625
0.0098995
0.007
0.007
0.007
0.00625
0.00625
0.00625
0.00625
0.00938416
0.00625
0.0117074
0.00938416
0.00938416
0.00938416
0.00625
0.00938416
0.00625
0.00625
0.00625
0.054231
0.270689
0.464691
0.645193
0.803383
0.994901
1.13176
1.30202
1.41978
1.4868
1.55542
1.69754
1.80679
1.91719
1.95072
1.97179
2.02033
2.07467
2.14858
2.22079
2.30698
2.38324
2.47339
2.58867
2.65949
2.70516
2.7481
2.78747
2.8381
2.93357
2.9996
3.05022
3.08855
3.13216
3.16282
3.21451
3.23588
3.25149
3.29462
3.33931
3.39006
3.44962
3.48884
3.56102
3.60853
3.65662
3.70035
3.73065
3.76787
3.8266
3.91307
3.9727
4.018
4.07167
4.11653
4.1852
4.23096
4.26601
4.3118
4.37886
4.43585
4.50198
4.5339
4.57966
4.6181
4.67822
4.71847
4.74251
4.76383
4.76494
4.7738
4.79116
4.80706
4.83096
4.85433
4.8708
4.88729
4.89344
4.88855
4.88468
4.90286
4.91468
4.93019
4.92964
4.9254
4.9276
4.92291
4.92961
4.94002
4.94917
4.96374
4.96779
4.96113
4.95989
4.95401
4.94997
4.95283
4.95335
4.96447
4.96631
4.9828
4.98123
4.98123
4.97487
4.96712
4.97005
4.9749
4.9837
4.98954
4.99678
4.99678
4.99094
4.98807
4.99053
4.98717
4.98717
4.99547
4.99248
4.99496
5.00327
5.00576
5.0138
5.00799
4.99714
4.98382
4.99214
5.00194
5.01278
5.0186
5.0191
5.01658
5.00826
5.00194
4.99863
5.0032
5.0095
5.01531
5.0257
5.02268
5.02316
5.01482
5.01482
5.01409
5.01989
5.01989
5.01735
5.01941
5.02196
5.02616
5.02616
5.02313
5.02405
5.01779
5.02036
5.02249
5.02873
5.02294
5.02036
5.02294
5.02828
5.03132
5.02553
5.02553
5.0234
5.0234
