9.96328e-18 9.23344e-06 2.41127e-05 9.68584e-06 6.81655e-06 2.65439e-05 1.58216e-05 9.47068e-06 6.76872e-06 9.63899e-06 2.10523e-05 9.62365e-06 6.61533e-06 1.75425e-05 1.20845e-05 1.0098e-05 
1.12554e-05 1.0208e-17 8.85237e-06 1.88857e-05 2.95425e-05 6.5582e-06 6.91712e-06 1.7307e-05 1.47479e-05 6.07511e-06 6.96833e-06 0.000195402 8.53747e-06 6.18694e-06 7.1162e-06 9.36424e-05 
2.29754e-05 8.91012e-06 1.12435e-17 6.1594e-06 5.6518e-05 1.07121e-05 4.76656e-06 7.29169e-06 2.34664e-05 1.16329e-05 7.03824e-06 6.70397e-06 1.17782e-05 9.17056e-06 5.51528e-06 8.09446e-06 
1.31548e-05 2.07643e-05 6.48455e-06 1.01103e-17 1.37265e-05 9.83588e-05 6.32111e-06 3.70629e-06 1.39789e-05 3.49251e-05 9.20241e-06 7.4209e-06 2.52019e-05 3.19632e-05 7.40404e-06 7.58038e-06 
6.62486e-06 7.2834e-05 4.40722e-05 1.26174e-05 8.65605e-18 1.354e-05 1.60115e-05 1.17812e-05 3.46658e-06 1.14242e-05 2.94792e-05 1.14093e-05 9.22025e-06 1.40734e-05 1.44457e-05 1.23742e-05 
1.99806e-05 6.52991e-06 1.09232e-05 0.000180223 1.91532e-05 1.12311e-17 5.75213e-06 8.93514e-05 8.09996e-06 3.96148e-06 6.40306e-06 5.79065e-05 8.58497e-06 7.22633e-06 7.25938e-06 6.57201e-05 
1.64147e-05 6.71443e-06 4.71976e-06 6.34571e-06 1.47327e-05 5.71926e-06 1.14315e-17 7.09651e-06 3.58436e-05 6.20446e-06 4.51184e-06 6.98468e-06 9.43705e-06 5.91593e-06 5.16381e-06 7.8525e-06 
9.10846e-06 1.59185e-05 7.48942e-06 3.71149e-06 1.19554e-05 8.97627e-05 7.37169e-06 1.15828e-17 9.99526e-06 8.22153e-05 1.06858e-05 5.16837e-06 1.70263e-05 7.77112e-05 6.97489e-06 6.33931e-06 
6.07399e-06 1.27941e-05 1.73165e-05 1.27504e-05 3.11041e-06 1.08147e-05 3.58436e-05 1.34813e-05 1.10715e-17 8.48814e-06 7.25219e-05 1.13649e-05 7.29565e-06 1.06561e-05 2.14689e-05 1.30587e-05 
1.05757e-05 5.96694e-06 1.15536e-05 2.0892e-05 9.31654e-06 3.93219e-06 6.31323e-06 2.08536e-05 8.0146e-06 8.77461e-18 5.531e-06 1.36875e-05 7.36115e-06 6.64483e-06 8.10463e-06 2.03403e-05 
2.70228e-05 6.70139e-06 7.00298e-06 8.58164e-06 2.42495e-05 6.02049e-06 4.70045e-06 9.84679e-06 1.19935e-05 5.64371e-06 7.14839e-18 7.81668e-06 1.00988e-05 5.87795e-06 5.44348e-06 9.99747e-06 
1.06506e-05 0.000116843 6.45635e-06 7.3771e-06 1.13125e-05 6.06456e-05 6.45787e-06 5.40819e-06 1.37845e-05 1.4078e-05 7.61377e-06 8.42441e-18 1.498e-05 2.12688e-05 6.54811e-06 8.41849e-06 
6.67373e-06 8.35563e-06 1.12763e-05 3.13705e-05 9.44544e-06 8.70277e-06 8.92826e-06 1.93936e-05 6.85867e-06 7.55762e-06 1.25231e-05 1.36939e-05 8.93311e-18 7.36441e-06 9.18168e-06 1.75921e-05 
2.92369e-05 6.3206e-06 9.9127e-06 7.54311e-05 9.99108e-06 6.75449e-06 6.27153e-06 7.21748e-05 9.42947e-06 6.3421e-06 5.90832e-06 1.97604e-05 7.2967e-06 8.67184e-18 5.67376e-06 1.84173e-05 
1.30337e-05 7.16308e-06 5.33591e-06 6.89409e-06 1.63883e-05 8.25059e-06 5.13046e-06 7.87397e-06 2.26641e-05 8.12964e-06 5.34265e-06 6.40849e-06 9.37117e-06 5.60171e-06 1.09973e-17 6.39381e-06 
8.57567e-06 9.61431e-05 7.81134e-06 8.35823e-06 1.46759e-05 0.000111986 9.37143e-06 6.71908e-06 1.24898e-05 1.76123e-05 1.03312e-05 8.00853e-06 1.59782e-05 2.36552e-05 6.32611e-06 9.85583e-18 
