8.82706e-06 9.32339e-06 8.6856e-06 8.87585e-06 8.80148e-06 9.27894e-06 9.08332e-06 8.45154e-06 9.30781e-06 9.53261e-06 9.70748e-06 9.09886e-06 8.92541e-06 9.06066e-06 9.77344e-06 9.66579e-06 
3.14417e-05 3.58446e-05 4.06575e-05 3.21279e-05 4.13736e-05 3.71236e-05 4.32708e-05 3.29024e-05 3.14082e-05 3.38347e-05 3.17415e-05 3.90433e-05 3.11262e-05 4.27453e-05 3.5078e-05 3.33427e-05 
4.93018e-05 3.16785e-05 2.50007e-05 4.18369e-05 7.59384e-05 2.3853e-05 3.85246e-05 2.94163e-05 3.08625e-05 5.32073e-05 2.58088e-05 3.77063e-05 3.08389e-05 5.41846e-05 2.2982e-05 3.16532e-05 
1.60206e-05 3.53765e-05 3.04477e-05 2.74286e-05 2.70494e-05 2.11574e-05 1.9682e-05 3.15285e-05 1.77316e-05 2.03419e-05 1.51389e-05 2.54033e-05 2.69992e-05 2.02673e-05 3.11614e-05 2.26703e-05 
2.35806e-05 2.38967e-05 3.84026e-05 4.46962e-05 4.3285e-05 4.54947e-05 4.47833e-05 5.48011e-05 2.86161e-05 3.36853e-05 4.17205e-05 2.42574e-05 2.74958e-05 7.21983e-05 3.5658e-05 2.79196e-05 
0.000103887 7.49357e-05 0.000141386 0.000103401 0.000102481 9.49802e-05 0.000123963 0.000102785 0.000109694 0.000120197 0.000103141 0.000114884 6.3581e-05 0.000104414 0.000116024 0.000139542 
8.58691e-05 6.3587e-05 8.71425e-05 0.000112761 0.000110583 0.000127673 0.000252051 0.000128268 0.000126362 9.11669e-05 0.000129624 9.44945e-05 0.000112652 0.000112776 0.000106079 5.91958e-05 
3.24055e-05 7.6752e-05 3.29419e-05 2.88225e-05 4.9518e-05 2.56744e-05 3.94735e-05 4.17662e-05 5.10999e-05 0.000104423 3.69411e-05 2.5255e-05 2.41957e-05 3.14982e-05 5.76595e-05 2.71359e-05 
3.0584e-05 4.5821e-05 2.73534e-05 1.97889e-05 6.95368e-05 3.94941e-05 2.98224e-05 3.31007e-05 2.10726e-05 5.25173e-05 4.21323e-05 3.41729e-05 2.82919e-05 3.83562e-05 1.83241e-05 4.7335e-05 
2.16758e-05 3.45358e-05 2.83685e-05 2.35439e-05 2.57025e-05 2.11603e-05 1.72611e-05 3.51559e-05 1.96835e-05 2.76753e-05 2.00188e-05 5.80341e-05 2.87852e-05 2.67707e-05 2.46553e-05 1.99322e-05 
3.57929e-05 3.99205e-05 2.66895e-05 7.97836e-05 5.56516e-05 7.08918e-05 3.14692e-05 0.000134367 6.20122e-05 4.96413e-05 5.63976e-05 7.14644e-05 3.15386e-05 8.38551e-05 4.1735e-05 8.31324e-05 
2.74577e-05 3.18542e-05 2.71737e-05 3.18642e-05 3.20456e-05 3.40682e-05 2.85895e-05 3.17105e-05 2.951e-05 3.77086e-05 3.51172e-05 3.22472e-05 3.72277e-05 2.72617e-05 3.7831e-05 3.40276e-05 
1.25443e-05 1.37736e-05 1.24249e-05 1.33336e-05 1.2741e-05 1.33324e-05 1.22171e-05 1.39677e-05 1.57429e-05 1.59409e-05 1.4009e-05 1.25231e-05 1.47693e-05 1.15954e-05 1.26538e-05 1.38887e-05 
1.74384e-05 1.88579e-05 2.88623e-05 3.66165e-05 2.40432e-05 2.76322e-05 2.01373e-05 1.52022e-05 2.87061e-05 1.79841e-05 1.80117e-05 1.77206e-05 2.18743e-05 2.68073e-05 1.61071e-05 1.92103e-05 
2.01709e-05 2.4791e-05 3.14345e-05 2.26048e-05 2.59744e-05 2.41967e-05 4.01633e-05 2.57589e-05 2.36398e-05 2.82689e-05 3.23074e-05 2.82123e-05 2.87658e-05 3.4173e-05 2.4927e-05 2.53092e-05 
1.26238e-05 1.25976e-05 1.32727e-05 1.40617e-05 1.30938e-05 1.30898e-05 1.34677e-05 1.4224e-05 1.30645e-05 1.41359e-05 1.38788e-05 1.25803e-05 1.21498e-05 1.35198e-05 1.21144e-05 1.33598e-05 
