0.0001158 0.000132697 0.00010457 0.000147908 0.000141841 0.000101059 9.46728e-05 0.000109959 
5.47171e-05 6.85201e-05 6.03298e-05 7.29775e-05 0.000100013 7.62075e-05 8.04108e-05 6.65777e-05 
0.000125019 8.70386e-05 9.26257e-05 6.21139e-05 0.000101292 9.53283e-05 0.000101907 6.37986e-05 
0.000120156 0.000365919 0.000112839 0.000126216 5.41629e-05 0.000124802 0.000198801 4.22924e-05 
0.00012742 0.000119148 0.000133012 0.000146226 0.000143032 0.000141345 0.00011502 7.98885e-05 
9.34406e-05 0.000339011 0.000127429 0.000130417 0.000282022 0.000101745 0.000122321 7.80332e-05 
0.000106543 0.00037083 6.01036e-05 0.000106567 0.000291082 8.67799e-05 9.82725e-05 8.42361e-05 
0.000106954 0.000346048 8.15911e-05 9.22031e-05 9.81728e-05 0.000127366 0.00011308 0.000116871 
0.000152587 0.000166637 0.00017399 0.000304588 0.000123071 0.000342393 6.72624e-05 0.000127914 
6.80346e-05 0.000111289 0.000116325 5.06772e-05 0.00027903 8.03136e-05 9.99223e-05 9.49026e-05 
6.39982e-05 0.000113116 0.000104009 4.86889e-05 0.000102644 7.35022e-05 0.000124023 0.000100524 
0.000142529 0.000171531 0.000109081 0.000107226 8.50667e-05 0.00010045 0.000415199 7.77647e-05 
0.000148285 0.000148884 0.000122063 8.70678e-05 6.11072e-05 0.000144153 5.83144e-05 7.92563e-05 
8.68541e-05 5.74793e-05 0.000100781 0.000147291 9.29024e-05 0.000101012 7.04276e-05 7.19494e-05 
8.03732e-05 0.000453577 7.48531e-05 3.8733e-05 9.04801e-05 5.24141e-05 9.76533e-05 7.71403e-05 
0.000129557 9.13447e-05 9.15339e-05 4.41127e-05 9.878e-05 9.13804e-05 8.59077e-05 7.9362e-05 
