9.8254e-18 1.346e-05 1.47396e-05 1.29571e-05 1.15824e-05 1.52958e-05 1.12495e-05 1.28429e-05 1.09917e-05 7.40372e-05 2.09642e-05 1.29854e-05 8.95596e-06 1.11205e-05 9.17998e-06 6.73017e-06 
1.53742e-05 6.79973e-18 1.026e-05 1.56308e-05 2.62916e-05 6.64868e-06 7.24312e-06 1.7463e-05 5.78249e-05 1.41587e-05 1.00559e-05 2.47131e-05 3.15179e-05 1.55551e-05 1.46838e-05 1.77645e-05 
1.29193e-05 1.05742e-05 7.12976e-18 7.55249e-06 3.54909e-05 7.56854e-06 3.52636e-06 8.5282e-06 1.81956e-05 2.00104e-05 1.39812e-05 1.4426e-05 1.89109e-05 1.53157e-05 8.87829e-06 1.17417e-05 
1.06876e-05 1.55567e-05 6.69919e-06 9.1276e-18 8.47393e-06 1.1475e-05 8.63916e-06 4.78787e-06 1.02926e-05 0.000107739 2.63837e-05 1.19438e-05 1.89648e-05 9.55528e-05 1.40166e-05 1.38259e-05 
1.09995e-05 4.19507e-05 9.01363e-05 8.70348e-06 7.88597e-18 7.05592e-06 2.22706e-05 1.15565e-05 4.0149e-06 1.02758e-05 9.91062e-05 2.7492e-05 9.79458e-06 1.50177e-05 1.67707e-05 1.50847e-05 
1.54688e-05 6.68037e-06 7.87295e-06 1.07921e-05 8.26369e-06 7.05383e-18 5.29294e-06 1.01824e-05 9.49302e-06 4.08787e-06 5.70354e-06 1.08893e-05 1.0826e-05 1.01504e-05 9.79041e-06 1.23089e-05 
1.03416e-05 8.31432e-06 3.41245e-06 8.82842e-06 1.71791e-05 5.2292e-06 9.75191e-18 6.75487e-06 3.99596e-05 6.53562e-06 3.7942e-06 9.95092e-06 1.43852e-05 9.22532e-06 8.12964e-06 1.06128e-05 
1.18507e-05 1.9406e-05 8.60978e-06 4.86051e-06 1.05266e-05 1.14241e-05 6.45061e-06 8.86308e-18 9.48822e-06 5.19989e-05 2.44551e-05 1.40289e-05 1.4466e-05 2.4972e-05 1.1747e-05 1.44735e-05 
1.10635e-05 6.55122e-05 1.40387e-05 1.05638e-05 4.12447e-06 8.72561e-06 4.56358e-05 8.84317e-06 1.0951e-17 9.44106e-06 4.76213e-05 1.98159e-05 9.68317e-06 1.72406e-05 1.87766e-05 1.42503e-05 
7.75554e-05 1.48414e-05 2.65883e-05 0.000109659 9.02304e-06 4.11429e-06 6.72522e-06 4.66877e-05 1.13073e-05 1.09718e-17 6.191e-06 3.20875e-05 1.80784e-05 1.33117e-05 1.21367e-05 2.82815e-05 
1.88148e-05 1.03311e-05 1.53274e-05 4.02995e-05 0.000100982 5.82801e-06 3.79709e-06 2.35108e-05 0.000110702 5.86154e-06 8.57607e-18 1.19773e-05 3.19769e-05 1.42995e-05 8.77964e-06 1.60294e-05 
1.29052e-05 8.67405e-05 1.39795e-05 1.12486e-05 2.51435e-05 1.18055e-05 1.01624e-05 1.46687e-05 2.19589e-05 2.64092e-05 1.23135e-05 1.35818e-17 1.07121e-05 9.16158e-05 3.44727e-05 1.75599e-05 
8.32033e-06 3.83481e-05 2.16478e-05 2.28559e-05 1.00475e-05 1.32117e-05 1.56685e-05 1.61221e-05 1.11018e-05 1.92272e-05 3.41935e-05 1.1949e-05 6.99833e-18 6.79864e-06 7.96282e-06 5.03413e-05 
1.34967e-05 1.45618e-05 1.63836e-05 0.000106801 1.58536e-05 9.56118e-06 9.11329e-06 2.29597e-05 1.28306e-05 1.2841e-05 1.51616e-05 8.56266e-05 6.80594e-06 8.9569e-18 5.06301e-06 1.17476e-05 
1.19138e-05 1.39496e-05 9.78643e-06 1.20029e-05 3.08808e-05 9.72781e-06 8.51028e-06 1.37126e-05 2.4864e-05 1.24904e-05 8.29992e-06 3.45517e-05 7.48505e-06 5.12351e-06 9.703e-18 5.99803e-06 
6.87259e-06 1.94052e-05 1.15187e-05 1.3275e-05 1.62424e-05 1.39126e-05 1.00927e-05 1.60254e-05 1.617e-05 3.6222e-05 1.63128e-05 1.68909e-05 2.08632e-05 1.21884e-05 5.89953e-06 9.12662e-18 
