5.94199e-18 1.40308e-05 2.78463e-05 3.00298e-05 5.9872e-05 4.72901e-05 4.36136e-05 1.85249e-05 1.58146e-05 3.79751e-05 2.04853e-05 1.65025e-05 8.18549e-06 8.87592e-06 1.18137e-05 9.54473e-06 
1.25367e-05 9.08796e-18 1.31474e-05 3.68364e-05 6.53203e-05 7.80012e-05 4.78613e-05 0.000127994 8.12544e-05 4.24132e-05 3.84672e-05 8.92758e-05 2.69517e-05 5.94508e-05 4.75998e-05 5.06236e-05 
3.23322e-05 1.28775e-05 4.67948e-18 6.62271e-06 1.14799e-05 0.000115392 6.27383e-05 6.9039e-05 6.27385e-05 5.15909e-05 3.64463e-05 3.05766e-05 3.99209e-05 4.73335e-05 4.11742e-05 3.74032e-05 
3.04279e-05 3.67449e-05 6.70692e-06 6.13261e-18 8.74013e-06 4.00605e-05 7.64543e-05 0.00010986 5.40272e-05 9.21787e-05 4.96276e-05 4.96066e-05 6.71973e-05 6.24904e-05 5.20478e-05 5.23625e-05 
7.24043e-05 6.2953e-05 1.30151e-05 8.59988e-06 9.07698e-18 7.06433e-06 1.2731e-05 8.54191e-05 5.7442e-05 6.74465e-05 7.57439e-05 4.48899e-05 6.69701e-05 6.24311e-05 6.8075e-05 7.07781e-05 
4.83015e-05 6.65045e-05 0.000108981 4.13135e-05 8.2092e-06 8.97638e-18 6.81738e-06 1.58367e-05 3.61975e-05 4.00185e-05 3.57351e-05 3.79766e-05 3.10839e-05 3.7861e-05 3.53822e-05 3.5219e-05 
5.69926e-05 5.00697e-05 7.90832e-05 6.0752e-05 1.24905e-05 6.6704e-06 6.2419e-18 6.03077e-06 0.000135976 5.51484e-05 2.40803e-05 4.13934e-05 8.14174e-05 3.58432e-05 3.61736e-05 3.03811e-05 
2.83018e-05 0.00012581 6.3281e-05 9.82106e-05 9.81486e-05 1.60314e-05 6.01467e-06 7.91802e-18 0.00017204 0.000126753 3.17545e-05 4.75498e-05 6.06016e-05 3.41157e-05 2.69466e-05 4.57882e-05 
1.55523e-05 3.60859e-05 6.27385e-05 5.42561e-05 6.10061e-05 4.11706e-05 3.84192e-05 0.00015179 9.62402e-18 8.88265e-06 1.60716e-05 1.74655e-05 1.06657e-05 1.35311e-05 3.70103e-05 2.06622e-05 
2.37395e-05 4.63435e-05 5.36954e-05 9.2581e-05 6.74465e-05 4.11067e-05 3.08551e-05 0.000129708 1.40119e-05 7.50778e-18 5.83855e-06 3.49513e-05 1.40289e-05 1.08883e-05 1.32721e-05 2.50979e-05 
3.12251e-05 3.97033e-05 4.35763e-05 6.09758e-05 6.80931e-05 3.54902e-05 3.08709e-05 3.19796e-05 1.20594e-05 6.25835e-06 1.1897e-17 1.95324e-05 2.40932e-05 1.23594e-05 1.04952e-05 1.34367e-05 
1.51291e-05 9.60976e-05 3.34144e-05 5.01576e-05 4.62027e-05 3.56473e-05 2.93082e-05 4.66436e-05 1.79226e-05 2.91356e-05 1.80009e-05 9.90445e-18 9.14567e-06 6.48254e-05 1.87347e-05 2.20417e-05 
8.71041e-06 2.53515e-05 3.89784e-05 8.27481e-05 5.53886e-05 3.48427e-05 8.49412e-05 3.68527e-05 1.20226e-05 1.37555e-05 2.42413e-05 1.02435e-05 6.74157e-18 5.96986e-06 7.37472e-06 1.86035e-05 
8.47878e-06 5.33031e-05 4.94684e-05 6.49347e-05 7.52018e-05 4.09955e-05 2.99426e-05 4.16959e-05 1.10756e-05 1.15112e-05 1.22787e-05 2.32151e-05 5.98159e-06 9.06084e-18 5.18846e-06 7.66056e-06 
1.06636e-05 3.82547e-05 4.47038e-05 5.29509e-05 6.31484e-05 4.0552e-05 3.34105e-05 2.73256e-05 7.90636e-05 1.22671e-05 1.01296e-05 1.71903e-05 6.94699e-06 5.33554e-06 9.822e-18 5.98428e-06 
7.78879e-06 4.62732e-05 3.7271e-05 4.22711e-05 7.53954e-05 3.15228e-05 2.84971e-05 5.12681e-05 2.87767e-05 2.35587e-05 1.31118e-05 1.95078e-05 2.06738e-05 7.3001e-06 6.00611e-06 7.19852e-18 
