6.39957e-06 9.68341e-06 1.47083e-05 1.61253e-05 0.000102082 1.2457e-05 9.16666e-06 9.03504e-06 1.00103e-05 1.2373e-05 1.97682e-05 8.05848e-06 9.94105e-06 9.39504e-06 7.4122e-06 7.4652e-06 
0.000142723 0.000140226 6.23134e-05 9.00987e-05 5.3508e-05 8.31493e-05 0.000128002 0.000240296 0.000127651 1.59431e-05 8.72895e-06 7.27549e-05 0.000126224 1.40219e-05 1.31385e-05 2.97591e-05 
8.12146e-05 6.78177e-05 6.3126e-05 0.000150015 7.37381e-05 3.82258e-05 4.87181e-05 5.46039e-05 0.000103294 2.56536e-05 1.10101e-05 5.16005e-05 0.00011237 1.23289e-05 1.0797e-05 1.47477e-05 
6.78844e-05 4.66062e-05 0.000101369 8.45671e-05 8.83007e-05 3.53365e-05 3.42667e-05 4.1016e-05 3.75669e-05 5.94765e-05 2.5237e-05 2.41044e-05 7.44064e-05 1.35291e-05 8.93265e-06 1.06084e-05 
6.31512e-05 6.76666e-05 1.92773e-05 4.70991e-05 0.000413794 1.41188e-05 1.4992e-05 8.81415e-06 5.75922e-06 1.3159e-05 1.19533e-05 7.16311e-05 1.32865e-05 1.13478e-05 1.79851e-05 1.4382e-05 
9.89602e-05 7.37779e-05 7.30696e-05 0.000343982 7.94733e-05 8.43553e-05 0.000112414 0.000108709 9.41404e-05 1.3541e-05 8.61639e-06 0.000137662 7.55392e-05 9.87431e-06 3.21404e-05 5.68684e-05 
7.22842e-05 0.000220894 6.18949e-05 0.000363748 7.12897e-05 0.000102282 8.51495e-05 9.35462e-05 9.47577e-05 2.42131e-05 1.10362e-05 0.000106149 9.25556e-05 1.23298e-05 1.02429e-05 5.47971e-05 
6.90208e-05 8.30752e-05 0.000115082 5.32505e-05 0.000138665 4.56333e-05 5.60627e-05 6.75618e-05 0.000104813 3.51967e-05 5.99936e-05 5.93363e-05 0.000100957 1.60661e-05 1.50634e-05 1.05973e-05 
2.31394e-05 7.22872e-05 1.42363e-05 2.12897e-05 0.000298395 1.45394e-05 7.30439e-06 6.87489e-06 7.39331e-06 1.90914e-05 6.10712e-05 3.45199e-05 1.01609e-05 1.2025e-05 7.0419e-05 2.5e-05 
3.61813e-05 3.68518e-05 2.22686e-05 4.42003e-05 6.4111e-05 8.72382e-05 5.65936e-05 6.45985e-05 5.86114e-05 4.1287e-06 6.23695e-06 0.000108029 2.77785e-05 1.01187e-05 1.22304e-05 2.45825e-05 
6.55164e-05 6.53e-05 3.09428e-05 4.95479e-05 6.12e-05 6.55329e-05 6.21324e-05 0.000104647 0.00011601 8.37225e-06 3.90969e-06 0.000101472 6.37161e-05 1.24588e-05 8.56751e-06 2.32614e-05 
7.30172e-05 0.000101727 0.000101759 0.000101363 8.54195e-05 4.46825e-05 5.71685e-05 6.20324e-05 8.83065e-05 8.63631e-05 1.39651e-05 4.19529e-05 8.91031e-05 1.61254e-05 1.31907e-05 1.34104e-05 
9.2455e-06 7.80991e-06 8.80334e-06 1.57572e-05 3.32365e-05 1.85306e-05 1.27218e-05 9.89702e-06 1.51099e-05 1.38915e-05 5.00404e-05 8.85285e-06 4.52617e-06 5.58667e-06 1.54031e-05 9.39245e-06 
3.84592e-05 2.72766e-05 1.97444e-05 2.64566e-05 8.14894e-05 4.19317e-05 0.000155786 0.000145828 6.28488e-05 1.70078e-05 1.16079e-05 8.00848e-05 4.55605e-05 4.42018e-06 5.76593e-06 1.12849e-05 
5.41222e-05 3.82898e-05 2.48569e-05 3.45545e-05 6.38082e-05 3.2092e-05 2.87579e-05 6.57085e-05 8.70278e-05 1.71573e-05 1.42253e-05 6.81611e-05 8.20489e-05 6.10624e-06 4.19539e-06 9.60618e-06 
2.39386e-05 4.31717e-05 6.32965e-05 4.2883e-05 4.67964e-05 2.18174e-05 2.47374e-05 3.56672e-05 5.67213e-05 6.7105e-05 1.591e-05 3.35012e-05 0.000125583 7.63232e-06 5.64944e-06 5.23648e-06 
