1.03576e-05 1.03586e-05 1.04905e-05 1.06536e-05 1.05861e-05 1.10593e-05 1.02767e-05 1.00068e-05 1.07568e-05 1.10952e-05 1.13559e-05 1.12218e-05 1.08132e-05 1.07298e-05 1.0804e-05 1.00366e-05 
4.65734e-05 5.02137e-05 5.22115e-05 3.3941e-05 3.37559e-05 6.66724e-05 5.11237e-05 4.01173e-05 4.25974e-05 7.26707e-05 0.00013998 5.47985e-05 0.000106194 5.33116e-05 9.73057e-05 5.97631e-05 
2.57814e-05 2.32961e-05 2.51636e-05 2.33292e-05 2.82126e-05 2.86653e-05 3.61811e-05 5.13607e-05 3.74117e-05 2.6964e-05 2.22417e-05 3.05846e-05 3.5014e-05 4.30745e-05 2.88554e-05 2.95789e-05 
2.58218e-05 1.93144e-05 2.70761e-05 2.05804e-05 3.34513e-05 3.60989e-05 3.33706e-05 2.62849e-05 2.63379e-05 2.06115e-05 2.63653e-05 2.75723e-05 3.20033e-05 2.38044e-05 2.234e-05 3.54759e-05 
2.19473e-05 3.21791e-05 3.38238e-05 2.40357e-05 2.48821e-05 3.56855e-05 2.29834e-05 2.85087e-05 3.04494e-05 2.67666e-05 2.2346e-05 3.46669e-05 2.658e-05 3.97743e-05 2.10396e-05 3.11754e-05 
4.68416e-05 5.40233e-05 6.32938e-05 7.5848e-05 7.50196e-05 3.98064e-05 5.7457e-05 8.24308e-05 8.53583e-05 8.99587e-05 4.22222e-05 5.7411e-05 6.15854e-05 8.59935e-05 4.87906e-05 3.6467e-05 
8.99925e-05 0.000116229 8.97465e-05 7.53885e-05 9.04806e-05 9.09172e-05 4.35563e-05 0.00010804 0.000101975 6.16429e-05 8.562e-05 5.79592e-05 4.13791e-05 7.5785e-05 9.95966e-05 5.74469e-05 
3.40076e-05 3.8956e-05 3.55268e-05 3.70794e-05 4.08096e-05 3.56557e-05 3.25422e-05 3.4094e-05 3.51841e-05 3.3359e-05 3.50728e-05 3.58523e-05 3.72531e-05 3.19943e-05 3.42885e-05 3.41847e-05 
3.18157e-05 2.73449e-05 2.73255e-05 2.71345e-05 4.73921e-05 4.85805e-05 3.0493e-05 2.75298e-05 3.07437e-05 3.05599e-05 2.92237e-05 3.0096e-05 2.19745e-05 3.3767e-05 3.37959e-05 4.70791e-05 
6.02336e-05 5.81355e-05 3.84194e-05 4.33518e-05 4.06511e-05 9.36295e-05 5.49646e-05 5.57714e-05 4.30146e-05 4.58141e-05 4.41483e-05 3.69191e-05 4.83551e-05 5.68662e-05 4.18563e-05 3.39558e-05 
7.02624e-05 5.65127e-05 7.71142e-05 5.73389e-05 5.59352e-05 3.56807e-05 3.328e-05 5.54161e-05 6.03825e-05 7.61946e-05 6.94048e-05 3.71869e-05 4.63566e-05 3.51903e-05 8.76197e-05 5.80708e-05 
8.55803e-05 5.82842e-05 7.00738e-05 4.14542e-05 6.11199e-05 5.13462e-05 6.89854e-05 7.02968e-05 8.54728e-05 6.78902e-05 9.4825e-05 8.47364e-05 7.60995e-05 5.4811e-05 7.68633e-05 7.07689e-05 
1.21578e-05 1.15061e-05 1.16911e-05 1.27941e-05 1.14771e-05 1.17179e-05 1.19365e-05 1.14787e-05 1.09301e-05 1.19604e-05 1.10405e-05 1.17734e-05 1.17529e-05 1.14082e-05 1.19211e-05 1.16492e-05 
4.40875e-05 3.71958e-05 4.11295e-05 4.64771e-05 3.7854e-05 2.73742e-05 3.60256e-05 4.09312e-05 3.26332e-05 4.42487e-05 3.82397e-05 3.97207e-05 3.94264e-05 4.54499e-05 3.9942e-05 3.7639e-05 
3.6764e-05 3.45357e-05 4.38226e-05 4.37567e-05 3.48686e-05 5.12885e-05 3.48776e-05 3.29674e-05 3.76863e-05 4.99972e-05 3.69282e-05 4.73436e-05 3.68048e-05 4.37179e-05 3.84015e-05 4.05295e-05 
1.8578e-05 1.64638e-05 1.68281e-05 1.58411e-05 1.60163e-05 1.8176e-05 1.6739e-05 1.80455e-05 1.73823e-05 1.57308e-05 1.63187e-05 1.62691e-05 1.56349e-05 1.75091e-05 1.74919e-05 1.61933e-05 
