8.92852e-05 0.000105031 0.00012155 0.000118359 6.01747e-05 0.000109077 0.00012168 6.48118e-05 
0.000596313 0.000116533 0.000706963 0.0006078 0.000530956 0.000178604 0.000426586 8.80253e-05 
0.000586809 0.000159919 0.000685549 0.000620572 9.7527e-05 0.000129904 0.0001215 0.000503546 
0.000616297 0.000278873 0.000724766 0.000160904 0.000133038 0.000441862 0.00012728 0.000163162 
0.000569788 0.000129207 0.00011668 0.000601553 0.000197021 0.000163666 0.000409706 0.000465546 
9.6417e-05 0.000128794 0.000669479 0.000626949 0.000107037 0.000128062 0.000413859 0.000474914 
0.000107388 0.000143897 0.000131981 0.000757826 7.64848e-05 0.000174037 0.000149463 0.000449231 
0.000107475 0.000128202 0.000133838 0.000119741 9.96514e-05 0.00021523 0.000390078 0.00042614 
9.59818e-05 0.000143234 0.000134678 0.00010801 0.000122765 0.000207049 0.00012764 9.08909e-05 
6.95394e-05 9.37255e-05 0.000457136 0.000135069 0.000118526 0.000113001 0.000249202 0.000194928 
0.000147017 5.3069e-05 9.59728e-05 0.000101718 4.79815e-05 0.000101056 0.000259363 6.01362e-05 
0.00038161 0.000455478 6.2143e-05 0.000386079 5.92344e-05 0.000259377 0.000278658 0.000312135 
3.83856e-05 5.89306e-05 9.90841e-05 0.000126804 0.000125786 0.00013799 0.000108421 0.000215155 
4.57411e-05 7.95737e-05 9.72475e-05 9.19698e-05 4.83715e-05 0.000107572 8.39905e-05 8.79312e-05 
5.18424e-05 0.000100747 8.42575e-05 8.09761e-05 7.48834e-05 0.000101507 9.69892e-05 8.50526e-05 
7.18443e-05 0.000158733 0.000103522 7.69988e-05 8.42048e-05 7.18037e-05 7.95175e-05 8.62769e-05 
