6.03819e-06 2.07267e-05 3.17778e-05 1.32437e-05 1.03365e-05 3.63958e-05 2.67481e-05 2.75365e-05 7.68707e-06 2.03459e-05 2.81796e-05 1.43176e-05 8.20028e-06 1.81511e-05 1.84305e-05 1.25937e-05 
8.79931e-05 8.94568e-06 1.25165e-05 0.0001501 8.11742e-05 7.25903e-06 7.42786e-06 6.34378e-05 9.58462e-05 1.16952e-05 9.0538e-06 3.47997e-05 7.39568e-05 8.57678e-06 8.81154e-06 8.45507e-05 
9.45376e-05 1.33585e-05 5.50518e-06 5.59998e-05 0.000113976 7.78933e-06 4.82759e-06 3.70767e-05 0.000126786 3.06733e-05 1.35172e-05 2.6626e-05 0.000110834 1.47728e-05 8.79361e-06 1.68359e-05 
6.71845e-05 1.56546e-05 6.5246e-06 2.57721e-05 9.33988e-05 1.31011e-05 6.89111e-06 1.7757e-05 8.98471e-05 7.66369e-05 1.84919e-05 1.67688e-05 5.80129e-05 5.14383e-05 1.26547e-05 1.01062e-05 
1.23679e-05 6.91437e-05 4.33827e-05 1.42647e-05 8.13632e-06 2.3432e-05 0.000189342 9.98336e-06 6.0135e-06 1.11224e-05 4.72773e-05 1.94734e-05 1.14519e-05 2.12992e-05 2.41188e-05 1.87044e-05 
0.000158784 1.31736e-05 0.000136747 0.000163047 8.35541e-05 5.16486e-06 7.07175e-06 0.000169284 7.92813e-05 6.89015e-06 6.72748e-06 3.7156e-05 3.2235e-05 1.12998e-05 1.14399e-05 9.36821e-05 
0.000190559 1.46915e-05 1.17691e-05 9.08982e-05 0.000143237 7.42622e-06 4.29497e-06 4.48598e-05 0.000154604 3.51076e-05 1.06041e-05 2.86635e-05 8.9834e-05 1.45527e-05 8.8713e-06 2.07259e-05 
9.95021e-05 1.78646e-05 7.60596e-06 3.13306e-05 9.30813e-05 0.000130804 7.30974e-06 2.20716e-05 0.000112326 5.37323e-05 1.88909e-05 1.88991e-05 7.79668e-05 2.28397e-05 1.33994e-05 1.23299e-05 
1.18759e-05 2.08585e-05 5.13911e-05 9.5109e-06 6.56747e-06 1.23537e-05 4.4743e-05 9.53235e-06 4.69143e-06 1.02319e-05 0.000186419 2.3343e-05 9.86016e-06 1.3509e-05 1.44969e-05 2.0742e-05 
0.000108338 1.52098e-05 2.37184e-05 0.000147066 0.000109762 5.53183e-06 7.30579e-06 0.000139657 0.00012937 7.65454e-06 6.75773e-06 3.09705e-05 9.00507e-05 1.25109e-05 1.06571e-05 2.93999e-05 
7.74611e-05 1.57654e-05 1.12571e-05 7.77595e-05 0.000111287 6.50002e-06 5.44996e-06 5.06666e-05 0.000129229 1.45594e-05 6.22163e-06 2.88409e-05 6.82016e-05 1.27045e-05 9.55652e-06 2.01058e-05 
7.81686e-05 1.55861e-05 7.50391e-06 2.65967e-05 0.000128759 1.14831e-05 7.85887e-06 1.839e-05 0.000121411 2.91056e-05 1.39537e-05 1.21564e-05 8.03571e-05 9.58755e-05 9.46748e-06 1.14434e-05 
0.000166129 1.2691e-05 2.12563e-05 1.62988e-05 1.59172e-05 1.00658e-05 1.24391e-05 2.78899e-05 1.34341e-05 1.0596e-05 1.37056e-05 1.67259e-05 6.52053e-06 8.75227e-06 9.46038e-06 1.61476e-05 
0.000137156 1.69793e-05 1.60438e-05 0.000103603 9.67175e-05 7.05937e-06 7.59998e-06 6.0268e-05 8.91835e-05 1.09808e-05 1.12517e-05 3.23002e-05 4.82396e-05 5.40406e-06 6.96118e-06 0.000171185 
0.000170783 1.80772e-05 1.27762e-05 7.73785e-05 0.000149869 9.35815e-06 5.89864e-06 5.0946e-05 0.000179564 3.66196e-05 1.25042e-05 2.9921e-05 9.95048e-05 1.18636e-05 4.71769e-06 1.87706e-05 
5.84762e-05 1.79043e-05 9.11709e-06 2.34997e-05 7.40572e-05 1.26707e-05 9.12578e-06 1.43139e-05 8.87579e-05 3.44719e-05 2.05778e-05 1.26095e-05 5.29748e-05 0.000138096 7.56788e-06 5.07419e-06 
