1.50565e-05 1.78752e-05 1.37719e-05 1.29192e-05 2.02686e-05 2.66006e-05 1.4191e-05 1.57542e-05 2.49626e-05 1.51436e-05 1.22505e-05 1.30435e-05 1.43109e-05 1.24611e-05 1.05831e-05 1.20222e-05 
1.66277e-05 1.69072e-05 1.32014e-05 1.26042e-05 2.22552e-05 2.27138e-05 1.37605e-05 1.6834e-05 2.93616e-05 1.58618e-05 1.30453e-05 1.45879e-05 1.4218e-05 1.19134e-05 9.80836e-06 1.31021e-05 
1.45564e-05 1.64362e-05 1.42866e-05 1.12326e-05 2.05124e-05 1.97323e-05 1.35704e-05 1.54628e-05 4.04389e-05 1.45784e-05 1.2239e-05 1.32558e-05 1.39933e-05 1.20566e-05 9.81605e-06 1.1453e-05 
1.49268e-05 1.81305e-05 1.37561e-05 1.24961e-05 2.12058e-05 2.14205e-05 1.38525e-05 1.5792e-05 2.54119e-05 1.30513e-05 1.38676e-05 1.49757e-05 1.40602e-05 1.07718e-05 1.07036e-05 1.3361e-05 
1.28203e-05 2.50447e-05 1.25351e-05 1.11521e-05 1.84059e-05 2.52932e-05 1.45904e-05 1.59174e-05 2.4871e-05 1.44946e-05 1.3292e-05 1.26069e-05 1.41317e-05 1.12797e-05 1.05563e-05 1.17903e-05 
1.59395e-05 2.07759e-05 1.43783e-05 1.17117e-05 2.00833e-05 2.31057e-05 1.49435e-05 1.64088e-05 2.50201e-05 1.43988e-05 1.28681e-05 1.38548e-05 1.39083e-05 1.17077e-05 1.03948e-05 1.29619e-05 
1.46983e-05 2.18993e-05 1.5132e-05 1.18409e-05 2.41187e-05 2.47791e-05 1.31981e-05 1.79713e-05 2.54593e-05 1.57912e-05 1.3223e-05 1.32321e-05 1.43559e-05 1.26191e-05 1.06026e-05 1.31507e-05 
1.48535e-05 2.1432e-05 1.30065e-05 1.25612e-05 2.00882e-05 2.30082e-05 1.32751e-05 1.53696e-05 2.48615e-05 1.43938e-05 1.3148e-05 1.39477e-05 1.43238e-05 1.31577e-05 1.00586e-05 1.19931e-05 
1.74213e-05 1.77475e-05 1.46878e-05 1.17707e-05 1.88111e-05 3.01962e-05 1.34097e-05 1.62399e-05 3.04071e-05 1.79509e-05 1.27076e-05 1.29423e-05 1.3996e-05 1.19037e-05 1.14176e-05 1.32767e-05 
1.58348e-05 2.15912e-05 1.51647e-05 1.29588e-05 1.95062e-05 1.97577e-05 1.21263e-05 1.54835e-05 3.52554e-05 1.38715e-05 1.39453e-05 1.51467e-05 1.3894e-05 1.14546e-05 1.07584e-05 1.17481e-05 
1.47727e-05 1.7802e-05 1.4739e-05 1.12386e-05 2.17166e-05 2.03486e-05 1.39465e-05 1.41221e-05 3.7563e-05 1.60219e-05 1.3934e-05 1.28145e-05 1.40096e-05 1.08377e-05 1.09295e-05 1.17671e-05 
1.44128e-05 1.94266e-05 1.48776e-05 1.21953e-05 2.16097e-05 4.43213e-05 1.47599e-05 1.47668e-05 2.44929e-05 1.34193e-05 1.22168e-05 1.32627e-05 1.40802e-05 1.25801e-05 1.06979e-05 1.36069e-05 
1.64702e-05 1.93617e-05 1.32555e-05 1.28831e-05 2.20939e-05 2.83231e-05 1.33424e-05 1.61068e-05 3.5486e-05 1.45072e-05 1.31627e-05 1.27999e-05 1.41623e-05 1.1025e-05 1.00576e-05 1.29165e-05 
1.5987e-05 2.28431e-05 1.24421e-05 1.17566e-05 2.0395e-05 1.9921e-05 1.43965e-05 1.65907e-05 3.52718e-05 1.30386e-05 1.3064e-05 1.3656e-05 1.39951e-05 1.21064e-05 1.00276e-05 1.21885e-05 
1.67583e-05 2.08712e-05 1.38011e-05 1.4415e-05 2.1731e-05 2.78133e-05 1.28889e-05 1.45331e-05 3.59309e-05 1.62329e-05 1.3225e-05 1.31792e-05 1.39257e-05 1.12246e-05 1.09042e-05 1.23457e-05 
1.62444e-05 1.82297e-05 1.35212e-05 1.29767e-05 2.43372e-05 2.82511e-05 1.37973e-05 1.58816e-05 3.1773e-05 1.54611e-05 1.22466e-05 1.35228e-05 1.50134e-05 1.16439e-05 1.03482e-05 1.24577e-05 
