1.31963e-05 8.23125e-06 1.59762e-05 2.14937e-05 7.86808e-05 1.29572e-05 9.45286e-06 7.05472e-06 5.88817e-06 8.13207e-06 3.82981e-05 9.41786e-06 1.0161e-05 1.54828e-05 1.29326e-05 9.72878e-06 
4.20041e-05 4.4706e-05 3.39638e-05 2.84662e-05 7.26581e-05 6.72509e-05 9.66033e-05 9.73862e-05 9.33647e-05 8.59646e-06 9.1092e-06 6.43373e-05 6.55989e-05 8.19335e-06 1.1041e-05 5.26354e-05 
6.10496e-05 0.000134972 8.80467e-05 9.47779e-05 6.82091e-05 6.67677e-05 6.61889e-05 8.42142e-05 7.38833e-05 3.50581e-05 1.60872e-05 7.71969e-05 0.000101938 1.18024e-05 7.90754e-06 1.31966e-05 
3.51318e-05 7.03168e-05 5.62163e-05 7.44617e-05 0.000120136 4.91721e-05 4.33778e-05 5.41394e-05 7.58211e-05 3.88111e-05 1.81772e-05 4.18776e-05 6.81893e-05 1.38777e-05 8.20599e-06 1.4769e-05 
1.3105e-05 1.35308e-05 1.54384e-05 3.67043e-05 7.43516e-05 2.1114e-05 1.15939e-05 7.40608e-06 6.98301e-06 1.30306e-05 5.47027e-05 1.59512e-05 1.30629e-05 1.53515e-05 1.80331e-05 1.28433e-05 
3.29617e-05 2.84612e-05 2.93912e-05 2.93957e-05 7.16504e-05 0.000169204 0.000233073 0.000128071 6.1942e-05 7.45757e-06 7.2976e-06 0.000139104 4.6276e-05 8.84906e-06 1.15499e-05 3.07823e-05 
6.98922e-05 8.69068e-05 5.31565e-05 0.000108746 0.000125201 0.000109783 5.83219e-05 0.000113032 0.000101987 2.62905e-05 1.26619e-05 9.55846e-05 0.000156245 1.2441e-05 8.40207e-06 4.14534e-05 
5.12598e-05 6.59156e-05 0.00014361 0.00010164 0.000114697 4.38948e-05 6.03052e-05 6.29595e-05 7.85061e-05 3.51561e-05 2.66734e-05 4.44613e-05 8.89138e-05 1.57049e-05 8.95514e-06 1.3756e-05 
2.36616e-05 5.29939e-05 1.00333e-05 6.40896e-05 0.000238316 1.71868e-05 1.40221e-05 8.00981e-06 5.99117e-06 1.29244e-05 2.76361e-05 1.62175e-05 1.12932e-05 1.29943e-05 4.44993e-05 1.44413e-05 
0.000109387 6.82168e-05 5.17192e-05 3.15959e-05 7.5783e-05 6.24327e-05 6.32514e-05 0.000118863 0.000132957 8.12556e-06 7.28675e-06 0.000113563 5.9103e-05 9.63634e-06 1.16279e-05 2.24541e-05 
6.03113e-05 7.11319e-05 3.65364e-05 5.69683e-05 8.54689e-05 7.38928e-05 4.53764e-05 6.88212e-05 8.17753e-05 1.39939e-05 7.3799e-06 8.5802e-05 9.25104e-05 1.04224e-05 8.3141e-06 1.85546e-05 
5.52344e-05 7.32714e-05 9.93266e-05 7.02306e-05 8.04214e-05 5.33865e-05 4.8906e-05 6.24054e-05 9.78453e-05 4.25334e-05 1.27135e-05 4.28954e-05 8.94472e-05 1.40709e-05 8.8233e-06 1.14377e-05 
1.19477e-05 9.054e-06 1.2348e-05 2.30115e-05 4.95382e-05 2.31912e-05 1.42321e-05 1.30618e-05 9.86378e-06 9.08497e-06 4.19474e-05 1.30129e-05 6.93254e-06 7.43646e-06 1.31895e-05 1.34064e-05 
4.2016e-05 2.93003e-05 2.07905e-05 2.38837e-05 8.51459e-05 0.000111095 9.9554e-05 0.00010011 0.000123527 1.25007e-05 9.482e-06 0.000120935 5.05015e-05 5.93231e-06 7.1108e-06 1.31516e-05 
6.57974e-05 9.03379e-05 8.01162e-05 5.03193e-05 7.59282e-05 6.89213e-05 6.6148e-05 0.000117125 0.000103828 3.77132e-05 1.43457e-05 8.55471e-05 0.000126711 8.38675e-06 5.57098e-06 1.46913e-05 
3.76483e-05 5.36101e-05 0.000250728 3.42546e-05 7.28569e-05 2.31268e-05 2.42749e-05 3.05069e-05 5.37832e-05 6.18661e-05 1.83088e-05 3.39666e-05 0.000162518 1.5565e-05 6.43169e-06 6.08922e-06 
