6.86728e-06 1.22846e-05 1.61721e-05 1.30517e-05 1.13527e-05 1.20126e-05 1.2444e-05 1.084e-05 1.51171e-05 1.81933e-05 1.34266e-05 9.45243e-06 8.54521e-06 1.1713e-05 1.32493e-05 7.37859e-06 
4.10261e-05 5.56918e-05 4.25189e-05 3.69768e-05 0.000124669 4.33409e-05 3.47683e-05 6.73446e-05 0.000106076 3.82007e-05 3.45484e-05 7.81305e-05 4.82447e-05 4.39945e-05 3.31902e-05 8.31394e-05 
4.9181e-05 5.86578e-05 4.06874e-05 3.20232e-05 4.67682e-05 6.82633e-05 3.86888e-05 4.27352e-05 6.17426e-05 4.51218e-05 3.60583e-05 3.65924e-05 4.93657e-05 5.41685e-05 4.30554e-05 3.56613e-05 
4.77551e-05 8.58836e-05 7.6726e-05 4.56626e-05 6.78154e-05 9.08804e-05 5.91122e-05 4.56791e-05 7.03479e-05 7.13776e-05 6.52324e-05 5.30396e-05 9.17206e-05 7.53056e-05 6.3542e-05 5.04651e-05 
4.90508e-05 7.8228e-05 6.29338e-05 6.26872e-05 4.27142e-05 5.60502e-05 6.95522e-05 7.04191e-05 5.35309e-05 5.98816e-05 7.25558e-05 6.14771e-05 6.08742e-05 8.33054e-05 6.0362e-05 8.18614e-05 
4.8913e-05 3.29194e-05 5.22366e-05 4.64494e-05 5.17931e-05 3.45808e-05 4.19339e-05 4.4161e-05 5.28859e-05 3.49296e-05 3.48414e-05 3.86731e-05 4.28711e-05 3.66584e-05 3.77368e-05 4.12208e-05 
3.79673e-05 3.7077e-05 3.62757e-05 2.9241e-05 7.39676e-05 7.15964e-05 3.33697e-05 3.25886e-05 7.5901e-05 3.15759e-05 3.00386e-05 2.22748e-05 4.39595e-05 3.45699e-05 3.60443e-05 2.98067e-05 
4.39103e-05 0.000127539 3.54308e-05 3.59456e-05 2.85853e-05 6.07364e-05 2.99004e-05 3.12145e-05 2.6838e-05 3.20776e-05 2.46429e-05 3.13409e-05 2.63109e-05 3.96892e-05 2.93692e-05 4.81243e-05 
5.71453e-06 2.3642e-05 1.38663e-05 8.05329e-06 3.64021e-06 1.16363e-05 1.19969e-05 7.63102e-06 4.19678e-06 7.45334e-06 5.70468e-05 8.49239e-06 7.92322e-06 1.00057e-05 1.46473e-05 1.09582e-05 
2.5567e-05 8.43194e-06 8.76907e-06 1.85487e-05 2.09728e-05 1.10049e-05 6.10709e-06 1.48926e-05 1.36595e-05 3.33867e-06 5.80307e-06 2.57346e-05 1.58856e-05 8.9692e-06 8.87706e-06 3.63381e-05 
3.8454e-05 1.22069e-05 5.60011e-06 1.58785e-05 5.61073e-05 1.39099e-05 3.99219e-06 1.32973e-05 2.77385e-05 6.24658e-06 3.14023e-06 1.27361e-05 1.93047e-05 1.16084e-05 5.5694e-06 1.95022e-05 
1.5687e-05 7.37989e-05 1.0117e-05 9.81774e-06 1.53374e-05 5.81105e-05 1.31668e-05 9.06749e-06 1.64304e-05 1.79863e-05 1.18469e-05 8.46052e-06 1.22384e-05 2.41316e-05 1.06087e-05 1.64536e-05 
9.14759e-06 8.14728e-06 1.04976e-05 7.93239e-05 1.10403e-05 8.4972e-06 9.1698e-06 4.20303e-05 1.02371e-05 8.48384e-06 1.56701e-05 1.2175e-05 4.3806e-06 7.26703e-06 7.64746e-06 1.20123e-05 
1.35566e-05 1.17534e-05 1.08024e-05 2.15263e-05 1.59909e-05 1.24284e-05 8.90225e-06 1.71111e-05 1.15115e-05 9.9073e-06 8.69648e-06 1.92896e-05 7.36124e-06 6.19501e-06 6.77784e-06 3.55726e-05 
2.1577e-05 1.01687e-05 9.46103e-06 1.78982e-05 3.50462e-05 1.20248e-05 7.79701e-06 1.4625e-05 2.10244e-05 1.05307e-05 7.29227e-06 1.33843e-05 1.14907e-05 7.00321e-06 5.08466e-06 1.66375e-05 
1.66278e-05 1.95895e-05 1.12101e-05 1.18518e-05 5.13282e-05 3.24317e-05 1.09794e-05 1.08107e-05 3.31051e-05 1.69812e-05 1.02164e-05 1.15562e-05 2.98346e-05 1.2954e-05 8.54145e-06 8.7011e-06 
