5.51371e-06 1.19568e-05 1.07678e-05 1.68668e-05 0.000118011 1.29603e-05 9.34183e-06 9.13027e-06 8.8246e-06 1.02462e-05 2.77246e-05 1.47294e-05 0.000160176 1.39651e-05 7.27894e-06 9.93678e-06 
0.000213244 0.000114346 8.01742e-05 6.66773e-05 5.22725e-05 0.000109591 0.000235066 0.000198684 0.000195038 1.68755e-05 1.11241e-05 6.02284e-05 0.000167812 1.33733e-05 6.52533e-05 0.000175623 
7.45818e-05 8.6252e-05 7.07879e-05 8.26882e-05 9.9682e-05 5.10841e-05 5.30729e-05 6.73238e-05 8.2696e-05 3.44943e-05 1.64645e-05 6.80593e-05 0.000113487 1.55383e-05 8.78632e-06 1.71801e-05 
6.59611e-05 7.24748e-05 0.000117668 9.77837e-05 0.000186238 3.82383e-05 4.46113e-05 5.42059e-05 7.48711e-05 5.74699e-05 2.33634e-05 2.99594e-05 0.000179698 6.88715e-05 1.90291e-05 2.49432e-05 
3.71826e-05 4.18008e-05 1.22904e-05 8.15365e-05 0.00037178 2.57929e-05 1.03474e-05 7.7041e-06 6.33236e-06 1.77703e-05 0.000126595 2.92509e-05 1.22901e-05 2.14182e-05 7.12684e-05 3.16826e-05 
7.33812e-05 0.00010107 6.22265e-05 0.000125611 8.09108e-05 6.04162e-05 4.88129e-05 0.00011368 9.78823e-05 1.78466e-05 9.6246e-06 9.96207e-05 8.72996e-05 1.16998e-05 1.35842e-05 3.62533e-05 
8.8524e-05 9.69524e-05 7.03236e-05 9.18995e-05 0.00012802 8.60556e-05 7.27197e-05 6.58513e-05 0.000115176 3.02374e-05 1.56769e-05 9.35759e-05 0.000135881 1.49214e-05 9.14087e-06 2.22809e-05 
8.21885e-05 0.000133528 0.000121266 0.000135332 0.000137004 4.38245e-05 6.99413e-05 7.5933e-05 8.79205e-05 4.38783e-05 3.04902e-05 6.06795e-05 0.000107806 1.73106e-05 1.09792e-05 1.1895e-05 
5.29458e-05 7.44035e-05 1.3969e-05 8.75024e-05 0.000247741 1.83839e-05 1.10536e-05 8.56535e-06 5.9385e-06 7.94106e-05 5.48796e-05 3.16877e-05 1.26107e-05 1.14058e-05 3.44171e-05 2.0971e-05 
8.80775e-05 5.06714e-05 5.38861e-05 0.000241756 0.000103165 6.17158e-05 0.000159122 0.000109858 9.33367e-05 4.37526e-06 6.88394e-06 5.32715e-05 6.31932e-05 1.12926e-05 1.37399e-05 4.49185e-05 
9.76862e-05 6.64663e-05 4.21632e-05 7.5984e-05 6.24614e-05 8.11568e-05 8.21383e-05 0.000127481 0.000100544 8.98752e-06 4.41758e-06 0.000138773 6.47109e-05 1.27226e-05 9.66658e-06 2.57465e-05 
0.000118234 0.00017124 0.000164686 0.000130689 8.91185e-05 6.52098e-05 8.13073e-05 0.000107634 0.000144171 4.95497e-05 1.58667e-05 6.05853e-05 0.000186603 1.91484e-05 1.40838e-05 1.74175e-05 
1.20381e-05 8.65136e-06 1.0097e-05 1.98423e-05 5.80678e-05 1.29693e-05 1.09299e-05 9.35205e-06 8.05835e-06 9.20424e-06 2.95923e-05 1.01836e-05 4.33565e-06 6.12429e-06 1.81225e-05 1.08062e-05 
9.92932e-05 3.78636e-05 2.46402e-05 2.55984e-05 8.57234e-05 3.60291e-05 0.000154113 8.35061e-05 9.86069e-05 1.62856e-05 1.37415e-05 9.09733e-05 5.99176e-05 4.6852e-06 5.84763e-06 1.10202e-05 
8.77019e-05 4.84105e-05 3.28618e-05 5.46794e-05 0.000105494 3.61494e-05 5.47694e-05 8.49216e-05 0.000110852 4.00464e-05 1.42579e-05 8.84219e-05 0.000157019 7.30391e-06 4.50996e-06 1.30903e-05 
4.20347e-05 3.071e-05 5.14877e-05 5.08065e-05 7.749e-05 2.40041e-05 2.665e-05 3.85972e-05 5.83951e-05 5.03109e-05 2.10332e-05 3.43471e-05 7.9883e-05 8.57625e-06 5.59366e-06 5.25857e-06 
