4.54701e-06 1.57454e-05 2.45632e-05 9.08753e-05 5.46624e-05 1.45836e-05 1.4039e-05 9.82435e-06 1.09825e-05 1.49857e-05 2.30312e-05 5.3893e-05 1.29577e-05 1.34103e-05 8.71098e-06 8.95634e-06 
0.000116685 6.53773e-05 7.90898e-05 5.83414e-05 0.000120862 8.11289e-05 8.68694e-05 0.000144871 0.00023418 2.15495e-05 1.1128e-05 0.000122541 0.000144999 1.66804e-05 6.05761e-05 0.000110406 
8.60004e-05 8.04889e-05 9.78885e-05 9.20559e-05 9.9293e-05 5.301e-05 4.79764e-05 4.01584e-05 8.16054e-05 3.88674e-05 1.55823e-05 1.50922e-05 0.000107817 1.56809e-05 1.03373e-05 1.75297e-05 
6.59995e-05 0.000113689 0.000133317 0.000128538 8.493e-05 1.79183e-05 1.64041e-05 1.37e-05 6.30911e-05 8.04654e-05 2.30057e-05 9.6122e-06 0.000100007 0.000126795 1.4125e-05 1.88501e-05 
1.36465e-05 5.66531e-05 1.75449e-05 0.000145688 4.86003e-05 2.05313e-05 4.5479e-05 1.17614e-05 4.41903e-06 2.12528e-05 0.000113019 1.97701e-05 1.08206e-05 1.30217e-05 1.48083e-05 1.9664e-05 
0.000167349 6.61754e-05 6.40167e-05 8.96129e-05 0.000133349 0.000110597 0.000107482 9.27975e-05 0.000124477 2.33925e-05 9.1753e-06 2.55941e-05 0.000111961 1.27474e-05 1.58031e-05 0.000122609 
0.000116507 7.14582e-05 0.000102382 0.000126244 0.000249029 9.42084e-05 9.30209e-05 9.81039e-05 0.00013253 3.03275e-05 1.45829e-05 2.41967e-05 8.9327e-05 1.88171e-05 1.33821e-05 3.25224e-05 
8.41668e-05 0.000138462 0.000134994 0.00010969 0.000104115 2.28172e-05 2.1255e-05 2.18459e-05 9.02268e-05 5.7974e-05 2.81527e-05 1.2015e-05 0.000152301 2.43735e-05 1.34396e-05 1.71116e-05 
1.49894e-05 3.21193e-05 6.64766e-05 0.000164861 5.40231e-05 2.91861e-05 5.54084e-05 1.20499e-05 3.65118e-06 1.54296e-05 2.66507e-05 2.8675e-05 9.47336e-06 1.32507e-05 1.77377e-05 3.93905e-05 
0.000129634 3.2617e-05 6.77676e-05 0.000108783 9.73403e-05 0.000103174 9.65904e-05 9.82575e-05 8.18247e-05 5.63096e-06 7.12963e-06 2.93543e-05 5.0116e-05 1.16003e-05 1.38439e-05 2.3099e-05 
6.25332e-05 8.93935e-05 6.00918e-05 5.99906e-05 0.000125331 8.18865e-05 0.000112233 7.76336e-05 9.21965e-05 1.04891e-05 3.344e-06 2.04752e-05 9.06695e-05 1.44438e-05 1.20154e-05 2.15938e-05 
0.000122884 0.000161864 0.000115882 0.000113928 0.000135817 3.35256e-05 3.42438e-05 3.89995e-05 0.000133639 4.2222e-05 1.73717e-05 9.46606e-06 0.00017187 0.000173016 1.53582e-05 1.68865e-05 
7.96001e-06 1.19598e-05 1.7817e-05 0.000137108 6.40817e-05 2.4007e-05 1.89733e-05 1.21598e-05 1.08663e-05 9.7014e-06 3.77053e-05 9.58645e-06 3.44712e-06 6.46961e-06 1.06362e-05 1.25979e-05 
5.96526e-05 3.13239e-05 3.9378e-05 4.60426e-05 9.34196e-05 0.000104778 0.00010236 0.00012997 0.000106222 1.59328e-05 1.44901e-05 2.61522e-05 6.76431e-05 4.53202e-06 5.47809e-06 1.60099e-05 
9.55088e-05 5.00789e-05 6.0564e-05 5.85058e-05 9.10534e-05 7.8793e-05 8.60374e-05 7.52729e-05 0.000113861 2.94938e-05 1.49307e-05 2.70407e-05 0.000141996 9.50391e-06 3.73072e-06 1.54939e-05 
3.79718e-05 4.33109e-05 7.45179e-05 5.68462e-05 8.63376e-05 2.92325e-05 3.35446e-05 2.58459e-05 6.44167e-05 0.000110802 1.50833e-05 1.64294e-05 0.000116694 1.13331e-05 5.84207e-06 4.94903e-06 
