0.000160172 0.000132671 0.000115084 0.000128504 0.000210934 0.000139036 0.000156844 9.87239e-05 
0.000392617 0.000134784 0.000118836 0.000422707 0.000107714 0.000141338 0.000144232 0.000107618 
0.000108332 0.000112784 0.000133869 0.000122399 0.00011148 0.00010202 0.000111869 0.000124818 
0.000418917 0.000102692 0.000128303 0.000438488 0.000388298 0.000119892 0.000120237 0.000131746 
0.000405531 0.000434816 0.000486583 0.000404462 0.000373796 0.000162341 0.000352426 0.000365083 
0.000174906 0.000531177 0.000466615 7.83401e-05 9.05865e-05 0.000338228 0.000355496 0.000430071 
0.000120176 9.57003e-05 0.000121085 9.06234e-05 8.79259e-05 0.000101332 9.48843e-05 0.000396278 
0.000210454 0.000148307 0.000463886 7.54611e-05 0.000106263 0.000151408 0.000167596 0.000378205 
0.000198626 0.00013034 0.000118379 9.75121e-05 0.000120268 0.000157173 0.000138313 0.000141383 
0.00022018 0.000122204 6.26296e-05 0.000474918 0.000233394 9.68653e-05 0.000113821 0.00039801 
7.96058e-05 7.64501e-05 0.000507154 7.84777e-05 8.84826e-05 4.74315e-05 0.000304237 5.71513e-05 
0.000464956 0.00012472 0.000544455 0.000472363 7.40309e-05 0.000128095 0.000149871 0.00012087 
4.89218e-05 8.24824e-05 9.73064e-05 0.000140921 0.000102423 0.000118056 0.00010016 0.000198193 
9.33658e-05 9.57543e-05 9.11048e-05 0.000111549 6.92465e-05 0.000107323 8.89947e-05 8.45059e-05 
6.0215e-05 8.38686e-05 9.94417e-05 0.000142247 7.70402e-05 0.000121178 0.000118219 0.000114465 
0.00013643 0.000104431 6.38153e-05 0.000138984 9.03099e-05 0.000104322 0.000117394 0.000118 
