4.54701e-06 1.57454e-05 2.45632e-05 9.08753e-05 5.46624e-05 1.45836e-05 1.4039e-05 9.82435e-06 1.09825e-05 1.49857e-05 2.30312e-05 5.3893e-05 1.25844e-05 1.34103e-05 8.71098e-06 8.95634e-06 
8.92698e-05 6.53773e-05 7.90898e-05 5.09388e-05 9.2709e-05 8.11289e-05 8.68694e-05 0.000144871 0.000124427 2.15495e-05 1.1128e-05 2.34543e-05 2.08711e-05 1.66804e-05 6.05761e-05 7.49467e-05 
8.60004e-05 7.45064e-05 9.78885e-05 8.73902e-05 9.67282e-05 5.301e-05 4.79764e-05 4.01584e-05 6.4913e-05 3.88674e-05 1.38134e-05 1.28435e-05 1.95938e-05 1.56809e-05 1.03373e-05 1.75297e-05 
6.59995e-05 0.000113689 0.000133317 0.000128538 8.493e-05 1.79183e-05 1.64041e-05 1.37e-05 6.30911e-05 8.04654e-05 2.30057e-05 9.6122e-06 2.08018e-05 8.15673e-05 1.4125e-05 1.88501e-05 
1.36465e-05 5.66531e-05 1.75449e-05 0.00012153 4.86003e-05 2.05313e-05 4.5479e-05 1.17614e-05 4.41903e-06 2.12528e-05 9.23819e-05 1.97701e-05 1.08206e-05 1.30217e-05 1.48083e-05 1.9664e-05 
5.69303e-05 6.61754e-05 6.40167e-05 8.96129e-05 0.000109137 0.000110597 0.000107482 8.26009e-05 9.05537e-05 2.33925e-05 5.91561e-06 1.30393e-05 1.05239e-05 1.00206e-05 1.58031e-05 8.70065e-05 
8.54538e-05 7.14582e-05 0.000102382 7.09794e-05 6.84002e-05 9.42084e-05 9.30209e-05 9.81039e-05 7.49718e-05 3.03275e-05 3.54781e-06 1.1905e-05 1.03089e-05 9.90263e-06 1.33821e-05 3.25224e-05 
8.41668e-05 0.000138462 0.000134994 0.00010969 8.55169e-05 2.28172e-05 2.1255e-05 2.18459e-05 9.02268e-05 5.7974e-05 2.81527e-05 1.2015e-05 0.000115047 2.43735e-05 1.34396e-05 1.71116e-05 
1.49894e-05 3.21193e-05 6.64766e-05 0.000164861 5.40231e-05 2.91861e-05 5.54084e-05 1.20499e-05 3.65118e-06 1.54296e-05 2.66507e-05 2.8675e-05 9.47336e-06 1.32507e-05 1.77377e-05 3.93905e-05 
6.55139e-05 3.2617e-05 6.77676e-05 0.000108783 9.73403e-05 0.000103174 9.65904e-05 9.82575e-05 8.18247e-05 5.63096e-06 7.12963e-06 2.93543e-05 2.0338e-05 1.16003e-05 1.38439e-05 2.3099e-05 
6.25332e-05 5.15827e-05 6.00918e-05 4.12859e-05 7.50314e-05 8.18865e-05 0.000112233 7.76336e-05 9.21965e-05 1.04891e-05 2.98612e-06 1.79207e-05 1.0343e-05 1.44438e-05 1.20154e-05 2.15938e-05 
9.78888e-05 0.000133512 8.33026e-05 8.50684e-05 8.40493e-05 3.35256e-05 3.42438e-05 3.89995e-05 6.13598e-05 4.2222e-05 1.73717e-05 9.3275e-06 1.23126e-05 8.47945e-05 1.53582e-05 1.68865e-05 
7.96001e-06 1.19598e-05 1.7817e-05 0.00011532 6.40817e-05 2.4007e-05 1.89733e-05 1.21598e-05 1.08663e-05 9.7014e-06 3.77053e-05 9.58645e-06 3.44712e-06 6.46961e-06 1.06362e-05 1.25979e-05 
5.96526e-05 3.13239e-05 3.9378e-05 4.60426e-05 9.34196e-05 9.99833e-05 0.00010236 0.00012997 7.00545e-05 1.59328e-05 1.44901e-05 2.61522e-05 6.64698e-06 4.53202e-06 5.47809e-06 1.60099e-05 
8.66714e-05 4.91963e-05 5.42059e-05 5.85058e-05 9.10534e-05 7.8793e-05 6.99964e-05 7.45039e-05 6.39157e-05 2.94938e-05 8.43631e-06 1.74511e-05 6.96285e-06 5.59201e-06 3.73072e-06 1.54939e-05 
3.79718e-05 4.33109e-05 6.95324e-05 5.68462e-05 8.63376e-05 2.92325e-05 3.35446e-05 2.58459e-05 4.83194e-05 7.15723e-05 1.50833e-05 1.64294e-05 0.000116694 1.13331e-05 5.84207e-06 4.94903e-06 
