0.000190312 6.97173e-05 0.00010413 0.000204534 0.000175508 5.65456e-05 6.91267e-05 0.00012832 0.000139429 6.96701e-05 0.000116273 0.000109254 0.000202771 7.91086e-05 0.000121793 0.000194957 
0.000118946 9.91304e-05 9.77748e-05 0.000113717 0.000116949 9.28554e-05 7.949e-05 0.000170465 0.000120794 0.00011211 6.20003e-05 0.00011176 0.000120794 9.30455e-05 6.17635e-05 0.000164898 
0.000126889 5.51304e-05 9.90979e-05 0.000120053 0.000183875 7.52449e-05 0.000107935 0.000142448 0.000144055 0.000133544 0.000111472 0.000137691 0.000130979 7.05831e-05 5.82897e-05 9.40998e-05 
0.000119134 4.64283e-05 4.81081e-05 0.000140941 0.000107413 4.75875e-05 4.73481e-05 0.000133887 0.00016327 0.000101826 4.6289e-05 0.00012567 0.000122577 6.01151e-05 7.55987e-05 9.40949e-05 
0.0001246 5.69829e-05 6.77903e-05 9.84155e-05 0.000169675 0.000115657 5.91686e-05 0.000134169 0.000211832 0.00010461 7.89808e-05 9.15646e-05 0.000166639 0.000106487 0.000113225 9.71807e-05 
0.000173961 0.000145322 0.000119308 0.000148133 0.000270918 0.000154177 0.000122539 0.000173605 0.000173331 0.000161777 9.66442e-05 0.000148583 0.000227094 0.000136142 9.22153e-05 8.70293e-05 
0.000172269 9.20889e-05 0.000143 0.000146526 0.000232819 0.000112773 0.000160375 0.000192745 0.000223992 0.000134058 0.000121154 0.000109592 0.000203907 0.00011959 7.93833e-05 7.99871e-05 
0.00013472 0.000104919 8.41617e-05 0.000135443 0.000148113 0.000108234 8.34333e-05 0.00014471 0.000230542 0.000116345 0.000105614 9.54443e-05 0.000189015 0.000140781 7.70413e-05 8.23157e-05 
6.87785e-05 0.000114822 8.36129e-05 6.67288e-05 0.000183651 0.000100679 9.6419e-05 9.56662e-05 0.00016008 0.000129667 0.000140735 8.14859e-05 8.0097e-05 9.10404e-05 6.88199e-05 6.25876e-05 
0.000143398 0.000110341 0.00021609 0.000153986 0.000163696 8.51458e-05 0.000103133 0.000155883 0.000176509 0.000113036 0.000121432 0.000149043 0.00013435 7.17024e-05 8.99229e-05 9.21059e-05 
5.38076e-05 1.23625e-05 1.76298e-05 7.06829e-05 8.45051e-05 6.5603e-06 3.95411e-06 8.32073e-05 8.73193e-05 1.90735e-05 3.3742e-06 8.69933e-05 7.61324e-05 1.59737e-05 1.01521e-05 3.43952e-05 
0.000191544 1.76391e-05 1.576e-05 2.54675e-05 0.000117599 1.90657e-05 1.48976e-05 2.63611e-05 0.000131741 8.35691e-05 1.82718e-05 2.8186e-05 0.00015575 4.07681e-05 1.93078e-05 2.30379e-05 
0.000147394 3.14282e-05 4.0583e-05 4.70402e-05 1.41847e-05 1.47119e-05 1.22203e-05 2.01661e-05 3.66457e-05 9.74581e-06 1.30531e-05 2.27098e-05 6.67429e-06 7.15841e-06 9.55163e-06 2.01174e-05 
0.000191698 1.8226e-05 2.03928e-05 4.29195e-05 0.000150705 1.0472e-05 1.04398e-05 7.9595e-05 8.91583e-05 2.57485e-05 1.33388e-05 6.4514e-05 7.18678e-05 7.32811e-06 6.79426e-06 2.45896e-05 
0.000215312 7.55363e-05 7.48691e-05 0.000104286 0.000303437 6.92637e-05 6.03838e-05 0.000110189 0.00024912 0.00019683 9.53799e-05 0.000125095 0.000249442 8.79994e-05 6.81509e-05 7.97704e-05 
0.0001711 0.000119714 7.97846e-05 0.000112644 0.000260989 9.05707e-05 0.000100717 0.000100673 0.000185862 0.000148398 0.000159691 0.000115634 0.000218118 0.00014833 0.000132752 0.000126282 
