6.86728e-06 1.22846e-05 1.61721e-05 1.30517e-05 1.13527e-05 1.20126e-05 1.2444e-05 1.084e-05 1.51171e-05 1.81933e-05 1.34266e-05 9.45243e-06 8.54521e-06 1.1713e-05 1.32493e-05 7.37859e-06 
0.000108825 7.82055e-05 4.25189e-05 3.69768e-05 0.000216139 5.57179e-05 3.47683e-05 8.51017e-05 0.000199577 3.82007e-05 3.45484e-05 0.000201863 0.000200638 4.39945e-05 3.31902e-05 0.000205939 
0.000101164 5.86578e-05 4.06874e-05 3.84254e-05 0.000126624 8.56123e-05 3.86888e-05 4.52299e-05 0.000184178 4.51218e-05 3.60583e-05 3.79026e-05 0.000125054 5.41685e-05 4.30554e-05 5.22871e-05 
6.95662e-05 8.58836e-05 7.6726e-05 4.56626e-05 9.38463e-05 9.08804e-05 5.91122e-05 4.56791e-05 0.000113018 7.13776e-05 6.52324e-05 5.30396e-05 9.17206e-05 7.53056e-05 6.3542e-05 5.04651e-05 
5.84166e-05 7.8228e-05 6.29338e-05 6.26872e-05 4.27142e-05 5.60502e-05 6.95522e-05 7.04191e-05 5.81091e-05 5.98816e-05 7.25558e-05 6.14771e-05 6.27819e-05 8.33054e-05 6.0362e-05 0.000103751 
0.00013865 4.54919e-05 5.22366e-05 6.43304e-05 0.000107941 4.86387e-05 4.19339e-05 5.22747e-05 9.68628e-05 5.09082e-05 4.52304e-05 6.55082e-05 7.05941e-05 4.56846e-05 4.35418e-05 9.60315e-05 
0.00018576 4.29312e-05 3.6933e-05 6.26855e-05 0.000118295 7.15964e-05 3.93791e-05 4.5599e-05 0.000131065 3.15759e-05 3.69148e-05 5.05637e-05 9.29607e-05 3.45699e-05 3.60443e-05 6.14546e-05 
0.000110196 0.000186233 3.54308e-05 3.59456e-05 0.000155322 6.07364e-05 2.99004e-05 3.12145e-05 0.000188006 3.20776e-05 2.46429e-05 3.13409e-05 0.00014416 3.96892e-05 2.93692e-05 5.55023e-05 
5.71453e-06 2.3642e-05 1.38663e-05 8.05329e-06 3.64021e-06 1.16363e-05 1.19969e-05 7.63102e-06 4.19678e-06 7.45334e-06 5.70468e-05 8.49239e-06 7.92322e-06 1.00057e-05 1.46473e-05 1.09582e-05 
5.00694e-05 8.43194e-06 8.76907e-06 1.85487e-05 6.74358e-05 1.19487e-05 6.10709e-06 1.48926e-05 5.5083e-05 3.33867e-06 5.80307e-06 2.57346e-05 5.49633e-05 8.9692e-06 8.87706e-06 4.02569e-05 
5.29883e-05 1.40318e-05 5.60011e-06 1.58785e-05 9.26365e-05 2.472e-05 3.99219e-06 1.32973e-05 7.9466e-05 6.24658e-06 3.14023e-06 1.81204e-05 8.50024e-05 1.16084e-05 5.5694e-06 3.38421e-05 
5.95054e-05 9.88462e-05 1.0117e-05 9.81774e-06 7.96367e-05 9.36844e-05 1.31668e-05 9.06749e-06 8.86703e-05 1.79863e-05 1.18469e-05 8.46052e-06 8.04148e-05 2.41316e-05 1.06087e-05 1.64536e-05 
1.31464e-05 8.14728e-06 1.04976e-05 0.000168778 1.10403e-05 8.4972e-06 9.1698e-06 4.20303e-05 1.02371e-05 8.48384e-06 1.56701e-05 1.2175e-05 4.3806e-06 7.26703e-06 7.64746e-06 1.20123e-05 
5.1009e-05 1.25144e-05 1.08024e-05 2.2344e-05 7.44062e-05 1.88375e-05 8.90225e-06 1.71111e-05 8.31723e-05 9.9073e-06 8.69648e-06 2.27694e-05 7.67654e-05 7.08622e-06 6.77784e-06 3.55726e-05 
9.14385e-05 1.77165e-05 9.46103e-06 1.78982e-05 0.000148617 3.40999e-05 7.79701e-06 1.4625e-05 0.000113482 1.18646e-05 7.29227e-06 2.04827e-05 0.000118272 9.85474e-06 5.08466e-06 3.47542e-05 
9.23806e-05 1.95895e-05 1.12101e-05 1.18518e-05 7.28267e-05 3.24317e-05 1.09794e-05 1.08107e-05 7.65829e-05 1.69812e-05 1.02164e-05 1.15562e-05 4.82917e-05 1.2954e-05 8.54145e-06 8.7011e-06 
