5.49205e-18 1.25439e-05 2.31856e-05 8.65485e-06 1.45163e-05 1.86082e-05 6.51622e-05 1.04113e-05 1.28055e-05 3.10453e-05 1.96854e-05 1.09349e-05 9.07967e-06 1.33081e-05 8.09606e-06 6.24574e-06 
1.19363e-05 7.50556e-18 7.10678e-06 1.15173e-05 4.42101e-05 5.63634e-06 6.60614e-06 1.42652e-05 3.70698e-05 9.45805e-06 9.77338e-06 1.02815e-05 1.01712e-05 1.94553e-05 1.34105e-05 1.56646e-05 
2.26792e-05 7.17688e-06 7.50753e-18 6.98396e-06 7.52678e-05 7.21491e-06 3.44117e-06 9.73674e-06 7.86722e-05 2.00225e-05 1.13533e-05 9.52969e-06 2.50047e-05 2.17623e-05 1.21019e-05 1.20869e-05 
9.18143e-06 1.09716e-05 7.3102e-06 8.01143e-18 1.00829e-05 1.10177e-05 8.00971e-06 1.17732e-05 9.8204e-06 0.000107019 2.56638e-05 1.05869e-05 2.10032e-05 2.79321e-05 1.07137e-05 8.84179e-06 
1.24034e-05 1.50626e-05 6.6429e-05 1.27788e-05 8.21778e-18 2.06793e-05 1.77824e-05 1.1939e-05 4.89145e-06 7.87446e-06 8.75301e-05 1.58129e-05 1.21092e-05 9.66097e-06 1.94785e-05 9.83576e-05 
2.11409e-05 5.84116e-06 7.2173e-06 8.85373e-05 1.48296e-05 8.83933e-18 5.97679e-06 1.10979e-05 1.07232e-05 4.05448e-06 6.26132e-06 1.17576e-05 1.49033e-05 1.07859e-05 1.28651e-05 1.36191e-05 
5.84957e-05 7.48679e-06 3.40548e-06 8.03175e-06 2.50905e-05 6.2403e-06 1.26586e-17 8.22515e-06 6.57934e-05 6.93829e-06 3.15957e-06 1.40102e-05 1.23385e-05 9.37242e-06 1.05074e-05 1.16549e-05 
1.21943e-05 1.21265e-05 1.03918e-05 1.16578e-05 1.2984e-05 1.06532e-05 8.99834e-06 8.99983e-18 9.05253e-06 8.06777e-05 2.04708e-05 6.32439e-06 1.35271e-05 4.0297e-05 1.18403e-05 1.09485e-05 
1.82215e-05 2.10929e-05 1.32483e-05 9.51909e-06 3.443e-06 1.07793e-05 1.76142e-05 9.44778e-06 9.16762e-18 8.54477e-06 2.70126e-05 1.8451e-05 9.8545e-06 1.30905e-05 2.24513e-05 1.46003e-05 
1.53184e-05 8.79558e-06 2.56714e-05 9.0279e-05 7.72312e-06 4.0756e-06 6.62058e-06 8.01923e-05 7.70508e-06 9.457e-18 6.69398e-06 6.39256e-05 9.3841e-06 1.11659e-05 1.35449e-05 3.1553e-05 
5.49235e-05 9.04785e-06 1.1509e-05 2.19429e-05 4.20577e-05 6.37332e-06 2.93931e-06 1.57652e-05 2.70126e-05 6.06712e-06 7.08251e-18 1.05668e-05 6.07449e-05 1.44545e-05 1.40569e-05 1.57576e-05 
1.10092e-05 8.27463e-05 8.31371e-06 9.86703e-06 1.6655e-05 1.23813e-05 9.93188e-06 6.35711e-06 1.8944e-05 9.14118e-05 1.22901e-05 6.01111e-18 1.12675e-05 6.02446e-05 1.36185e-05 1.42641e-05 
9.83819e-06 1.19437e-05 1.76994e-05 1.92819e-05 1.02003e-05 1.1003e-05 1.01978e-05 1.26798e-05 8.30215e-06 9.02901e-06 6.07449e-05 1.21127e-05 5.93494e-18 7.56428e-06 7.95576e-06 3.17377e-05 
2.16515e-05 1.80936e-05 2.06424e-05 4.96745e-05 1.05526e-05 1.13272e-05 1.07219e-05 7.59518e-05 1.12896e-05 9.57511e-06 1.28994e-05 6.52533e-05 7.63949e-06 5.52816e-18 6.20989e-06 9.07048e-05 
7.40541e-06 1.42425e-05 1.28439e-05 1.15008e-05 2.27084e-05 1.19289e-05 9.99986e-06 1.74107e-05 3.49211e-05 1.65391e-05 1.11131e-05 1.92533e-05 7.87035e-06 6.36274e-06 6.48865e-18 5.23355e-06 
6.36432e-06 1.7168e-05 1.31342e-05 8.23039e-06 4.21883e-05 1.29035e-05 1.26006e-05 1.11439e-05 1.42983e-05 3.07493e-05 1.4829e-05 1.32724e-05 2.15816e-05 1.45227e-05 5.27156e-06 7.3729e-18 
