4.54218e-06 1.20615e-05 2.23367e-05 6.46591e-05 8.18005e-05 2.57077e-05 2.47484e-05 1.03033e-05 1.04499e-05 1.24791e-05 2.42613e-05 1.57495e-05 8.35002e-06 9.9908e-06 1.00679e-05 8.19339e-06 
0.000115489 0.000110662 9.01035e-05 6.25112e-05 7.58487e-05 8.26607e-05 6.21881e-05 0.000121533 0.000137616 6.07172e-05 3.13402e-05 0.000171958 3.56807e-05 6.93458e-05 5.39351e-05 0.000112579 
6.90049e-05 0.000108998 8.17027e-05 6.06616e-05 7.50632e-05 6.94002e-05 8.22634e-05 4.95108e-05 9.60324e-05 7.85483e-05 4.83843e-05 4.17919e-05 4.63306e-05 3.8059e-05 4.78056e-05 6.17318e-05 
4.42874e-05 6.03754e-05 7.20766e-05 5.43362e-05 5.19936e-05 7.12353e-05 8.5554e-05 8.91558e-05 8.08103e-05 6.62494e-05 7.5721e-05 5.75735e-05 6.16412e-05 5.84454e-05 4.35106e-05 4.92248e-05 
5.09083e-05 9.57586e-05 0.000106814 0.000115815 3.49052e-05 8.5377e-05 9.56086e-05 7.24017e-05 5.3375e-05 6.18714e-05 5.05992e-05 7.24366e-05 4.88491e-05 6.0942e-05 7.50014e-05 6.1227e-05 
9.26771e-05 7.44809e-05 7.40703e-05 7.35281e-05 7.91164e-05 5.34871e-05 5.83677e-05 6.64241e-05 9.41596e-05 5.77419e-05 2.85102e-05 3.94639e-05 3.23782e-05 3.01128e-05 5.26657e-05 5.75408e-05 
0.000127778 7.49914e-05 9.68648e-05 6.12896e-05 8.18215e-05 6.36384e-05 0.000150133 6.01362e-05 7.64042e-05 5.38621e-05 2.96788e-05 2.53912e-05 5.42865e-05 3.00715e-05 3.1909e-05 3.75448e-05 
8.36719e-05 0.000119072 0.000140129 0.000119494 0.000102757 7.27635e-05 7.67865e-05 0.000121817 0.000111365 7.9232e-05 3.9657e-05 2.69037e-05 0.00014001 6.60641e-05 3.10543e-05 4.30809e-05 
8.26474e-06 1.39994e-05 1.85571e-05 5.22974e-05 7.21783e-05 1.41984e-05 1.22244e-05 7.57405e-06 4.93033e-06 7.55396e-06 0.000105888 3.96174e-05 1.09484e-05 1.22155e-05 1.92142e-05 4.40961e-05 
7.01485e-05 3.69356e-05 4.35015e-05 4.92069e-05 8.7004e-05 8.29677e-05 0.000107931 6.11688e-05 8.75835e-05 5.17217e-06 5.88565e-06 2.12517e-05 1.3681e-05 1.11531e-05 1.28688e-05 2.84981e-05 
9.03788e-05 4.13145e-05 6.22897e-05 4.84169e-05 8.37225e-05 7.48776e-05 7.94077e-05 7.38142e-05 7.94476e-05 1.19954e-05 3.68615e-06 1.85865e-05 2.05981e-05 1.33696e-05 1.03951e-05 1.92151e-05 
5.03422e-05 7.51168e-05 0.000118749 0.000127678 8.01034e-05 2.10735e-05 1.78463e-05 2.05807e-05 7.11982e-05 8.30671e-05 2.00616e-05 7.69388e-06 1.09433e-05 8.41903e-05 1.34734e-05 1.26853e-05 
1.08148e-05 1.37599e-05 1.78501e-05 4.16274e-05 5.27042e-05 8.23182e-05 4.03153e-05 1.51384e-05 1.46671e-05 1.04511e-05 1.34602e-05 1.0095e-05 3.62842e-06 6.60124e-06 7.49791e-06 1.60452e-05 
4.50926e-05 3.07549e-05 4.21249e-05 5.08825e-05 0.00010117 6.58707e-05 9.39299e-05 0.000109682 0.000111876 1.52034e-05 1.44034e-05 6.18164e-05 6.29109e-06 5.42028e-06 5.43568e-06 1.58858e-05 
4.4638e-05 3.53552e-05 4.03372e-05 6.26687e-05 9.82146e-05 7.0771e-05 6.96784e-05 7.0488e-05 0.000125932 1.95628e-05 1.08943e-05 2.4212e-05 6.79247e-06 6.45933e-06 4.01053e-06 1.34985e-05 
3.67517e-05 2.95692e-05 5.5689e-05 5.85952e-05 8.22371e-05 2.7412e-05 2.68298e-05 1.97146e-05 5.45713e-05 3.25689e-05 1.49562e-05 1.42132e-05 2.32696e-05 1.12185e-05 5.93151e-06 4.38311e-06 
