6.03819e-06 1.35142e-05 9.96823e-06 8.4015e-06 1.10462e-05 1.98318e-05 1.13005e-05 8.76555e-06 1.18759e-05 1.5802e-05 1.1852e-05 8.6082e-06 9.75915e-06 1.6653e-05 8.01411e-06 6.52127e-06 
2.07267e-05 8.94568e-06 9.15122e-06 1.56546e-05 6.91437e-05 1.31736e-05 7.79195e-06 1.78572e-05 2.08585e-05 8.98391e-06 8.59324e-06 1.55861e-05 1.2691e-05 1.34634e-05 1.12951e-05 1.79043e-05 
3.17778e-05 1.25165e-05 3.74423e-06 6.5246e-06 4.33827e-05 5.21481e-05 4.63354e-06 7.07264e-06 5.13911e-05 1.58072e-05 6.09201e-06 7.50391e-06 2.12563e-05 1.60438e-05 5.90007e-06 9.11709e-06 
1.32437e-05 3.45374e-05 6.83358e-06 4.60932e-06 1.42647e-05 7.75755e-05 6.85539e-06 5.359e-06 9.5109e-06 2.12243e-05 1.07831e-05 8.31352e-06 1.62988e-05 0.000103603 7.68069e-06 1.32843e-05 
9.04073e-06 2.45726e-05 2.62182e-05 8.06151e-06 4.60314e-06 1.01484e-05 1.75623e-05 1.01508e-05 4.08049e-06 8.68068e-06 7.71886e-05 1.76045e-05 9.39196e-06 1.25746e-05 1.61721e-05 1.32603e-05 
3.63958e-05 7.25903e-06 7.78933e-06 1.31011e-05 2.3432e-05 5.16486e-06 5.82141e-06 8.84701e-05 1.23537e-05 5.53183e-06 6.50002e-06 1.14831e-05 1.00658e-05 7.05937e-06 8.0961e-06 1.26707e-05 
2.67481e-05 7.42786e-06 4.82759e-06 6.89111e-06 0.00018868 7.07175e-06 4.29497e-06 7.30974e-06 4.4743e-05 7.30579e-06 5.44996e-06 7.85887e-06 1.24391e-05 7.59998e-06 5.88404e-06 9.12578e-06 
2.75365e-05 4.64547e-05 7.3567e-06 9.40099e-06 9.98336e-06 0.000169284 8.296e-06 6.49337e-06 9.53235e-06 2.62745e-05 1.46735e-05 9.91478e-06 2.78899e-05 3.28025e-05 9.1486e-06 1.43139e-05 
7.2368e-06 8.03409e-05 1.18019e-05 9.40672e-06 4.85101e-06 9.12105e-06 1.22609e-05 8.85953e-06 4.67309e-06 1.22265e-05 7.16326e-05 7.80848e-05 9.09392e-06 1.24596e-05 8.04757e-05 1.107e-05 
2.03459e-05 9.50724e-06 1.25938e-05 7.66369e-05 1.11224e-05 6.89015e-06 7.26134e-06 5.37323e-05 1.02319e-05 4.03268e-06 7.33698e-06 2.91056e-05 1.0596e-05 1.06301e-05 1.02452e-05 3.44719e-05 
2.81796e-05 9.0538e-06 8.16248e-06 1.84919e-05 4.72773e-05 6.72748e-06 4.55268e-06 1.88909e-05 0.000104222 6.43928e-06 3.93825e-06 1.39537e-05 1.37056e-05 1.12517e-05 5.6297e-06 2.05778e-05 
1.43176e-05 3.47997e-05 1.04498e-05 1.67688e-05 1.94734e-05 3.7156e-05 8.3966e-06 1.03302e-05 2.3343e-05 1.8614e-05 1.06219e-05 1.03932e-05 1.67259e-05 2.67152e-05 9.31674e-06 1.26095e-05 
7.47109e-06 9.56036e-06 1.26149e-05 1.61437e-05 8.27937e-06 1.03388e-05 8.85009e-06 1.47977e-05 8.57277e-06 9.35307e-06 2.06465e-05 1.51321e-05 4.15385e-06 7.66676e-06 9.59213e-06 1.17985e-05 
1.81511e-05 8.57678e-06 1.0696e-05 2.70852e-05 2.12992e-05 1.12998e-05 8.22812e-06 1.8122e-05 1.3509e-05 8.67006e-06 8.03908e-06 3.33017e-05 8.75227e-06 5.40406e-06 6.23149e-06 9.34613e-05 
1.84305e-05 8.81154e-06 8.79361e-06 1.26547e-05 2.41188e-05 1.14399e-05 7.43764e-06 1.33994e-05 1.44969e-05 1.06571e-05 8.01505e-06 9.46748e-06 9.46038e-06 6.96118e-06 4.20988e-06 7.56788e-06 
1.25937e-05 2.3473e-05 8.31528e-06 1.01062e-05 1.87044e-05 6.15143e-05 8.81232e-06 8.4175e-06 2.0742e-05 1.78743e-05 1.07974e-05 1.00675e-05 1.61476e-05 1.61225e-05 7.0216e-06 5.07419e-06 
