6.08821e-06 1.39014e-05 2.94482e-05 3.24445e-05 7.8373e-05 1.32516e-05 1.05448e-05 1.09449e-05 1.46299e-05 2.86835e-05 1.77535e-05 1.1728e-05 9.52211e-06 1.28614e-05 7.5049e-06 7.69426e-06 
0.000151074 7.67506e-05 7.15854e-05 5.28008e-05 0.000231816 8.4505e-05 8.5966e-05 0.00017652 0.000195486 2.16949e-05 9.33658e-06 2.39535e-05 0.000129207 1.77391e-05 1.60148e-05 0.000132146 
7.92048e-05 7.92449e-05 0.000105735 6.76029e-05 9.31457e-05 4.33072e-05 4.70581e-05 5.636e-05 9.16126e-05 4.32537e-05 1.09257e-05 1.36899e-05 8.22839e-05 1.73115e-05 1.41567e-05 7.20624e-05 
0.000123575 0.00014144 0.000134668 0.000110519 7.38998e-05 1.97389e-05 1.65094e-05 1.55635e-05 4.21873e-05 0.000105346 2.03877e-05 9.32429e-06 5.07263e-05 6.63355e-05 1.43686e-05 1.27514e-05 
1.5014e-05 2.85985e-05 2.65073e-05 0.000126687 5.35284e-05 2.15576e-05 1.22806e-05 2.11522e-05 4.60751e-06 9.23659e-06 3.25619e-05 3.27702e-05 8.5185e-06 1.08296e-05 1.69011e-05 3.97361e-05 
0.000162176 5.79138e-05 6.05762e-05 9.1239e-05 0.000129956 0.000118717 0.000118285 9.89785e-05 0.000141746 1.55769e-05 8.39541e-06 4.41169e-05 0.000106225 1.47159e-05 1.44659e-05 3.56067e-05 
0.000124134 6.26594e-05 8.06348e-05 0.000125115 0.000263345 8.94656e-05 8.51432e-05 0.000105328 0.000146203 2.69881e-05 1.01857e-05 2.48742e-05 0.000165741 1.46544e-05 1.10539e-05 9.43461e-05 
0.000130772 8.84641e-05 0.000132534 0.000115696 0.000108719 2.07397e-05 1.9004e-05 1.76597e-05 8.2088e-05 0.000125988 1.88541e-05 8.53255e-06 0.000104595 7.56315e-05 1.32055e-05 1.40331e-05 
1.17201e-05 2.70081e-05 2.37924e-05 0.000123438 5.88845e-05 2.02031e-05 1.26581e-05 9.9853e-06 4.67742e-06 1.22551e-05 7.62544e-05 4.29244e-05 1.10383e-05 1.11544e-05 1.69245e-05 2.52713e-05 
2.55816e-05 2.82505e-05 3.38179e-05 4.76207e-05 9.50641e-05 0.000108919 0.000124126 0.000126332 5.85536e-05 3.9492e-06 6.44494e-06 2.43158e-05 2.96442e-05 9.03548e-06 1.56235e-05 2.62058e-05 
6.37348e-05 4.37531e-05 6.26059e-05 9.52464e-05 0.000177491 8.95941e-05 8.20706e-05 9.11306e-05 0.000106547 9.90853e-06 2.93275e-06 1.82718e-05 4.70386e-05 1.53167e-05 1.16554e-05 2.06847e-05 
7.37075e-05 7.71997e-05 9.20789e-05 0.000101674 9.48524e-05 1.8505e-05 1.75814e-05 2.05859e-05 6.35021e-05 9.82716e-05 1.32716e-05 5.17241e-06 9.45493e-05 6.73471e-05 1.37677e-05 1.40612e-05 
8.58872e-06 1.23322e-05 1.36164e-05 0.000101607 5.34855e-05 8.44738e-05 1.60678e-05 1.17493e-05 2.18581e-05 9.43352e-06 5.43133e-05 8.72245e-06 4.86443e-06 6.98324e-06 1.00821e-05 1.18194e-05 
3.09178e-05 2.79369e-05 3.89242e-05 4.403e-05 7.28019e-05 4.85267e-05 7.64536e-05 0.000137269 0.000106534 1.31964e-05 1.34977e-05 2.87109e-05 3.62161e-05 4.81696e-06 5.71474e-06 1.38882e-05 
6.55453e-05 3.83088e-05 5.98968e-05 6.18662e-05 0.00010004 7.42087e-05 4.85475e-05 5.99353e-05 9.65138e-05 2.41457e-05 1.33254e-05 2.15341e-05 0.000115819 8.02783e-06 4.35059e-06 1.18488e-05 
3.34851e-05 5.07491e-05 6.9951e-05 7.7362e-05 8.12602e-05 2.434e-05 2.16721e-05 2.24966e-05 7.21272e-05 2.73691e-05 1.20714e-05 1.41385e-05 6.154e-05 1.09591e-05 5.5589e-06 5.04735e-06 
