6.76754e-06 1.58502e-05 9.93697e-06 9.05554e-06 1.42129e-05 1.75496e-05 9.45867e-06 8.06192e-06 2.27071e-05 1.84868e-05 1.21294e-05 7.49124e-06 9.27159e-06 1.35537e-05 7.1804e-06 5.64218e-06 
9.77585e-05 1.56901e-05 8.52249e-06 1.57188e-05 0.000167099 3.84794e-05 7.27437e-06 1.69617e-05 0.00012487 8.40684e-06 8.12895e-06 2.14685e-05 0.000198291 1.33872e-05 8.98357e-06 6.13062e-05 
7.9787e-05 1.97468e-05 4.24599e-06 7.8668e-06 9.90816e-05 4.31598e-05 4.73097e-06 7.70456e-06 0.000144051 1.18733e-05 5.32299e-06 1.27686e-05 9.44355e-05 1.93055e-05 6.61387e-06 1.995e-05 
7.4258e-05 0.000137119 6.06125e-06 4.50827e-06 4.8336e-05 9.77358e-05 6.20409e-06 4.14049e-06 6.47806e-05 7.94508e-05 9.38196e-06 6.1589e-06 0.000100157 0.000144671 7.33855e-06 9.90312e-06 
8.58354e-06 2.13654e-05 0.000107275 1.15627e-05 4.74466e-06 6.55322e-06 4.17283e-05 9.71755e-06 4.09959e-06 8.32721e-06 8.4895e-05 1.80645e-05 7.57961e-06 1.14985e-05 0.000108004 1.11475e-05 
0.00013264 1.66471e-05 1.07289e-05 0.000126369 0.000146102 3.01753e-05 6.25474e-06 6.13027e-05 0.000124292 7.23694e-06 6.61884e-06 5.898e-05 0.000123813 1.10588e-05 8.39327e-06 4.33229e-05 
0.000152055 2.11339e-05 7.54665e-06 2.50676e-05 0.000176783 4.57128e-05 4.76109e-06 1.44119e-05 0.000200166 9.93054e-06 5.53585e-06 2.5486e-05 9.42332e-05 1.45558e-05 5.04624e-06 3.76718e-05 
7.09204e-05 9.75668e-05 6.34156e-06 6.59712e-06 0.000112696 0.000107477 6.18469e-06 6.11581e-06 0.000124891 1.74755e-05 8.15679e-06 8.09868e-06 8.26469e-05 2.6283e-05 9.3704e-06 1.60152e-05 
7.80113e-06 1.13695e-05 1.20375e-05 1.00333e-05 4.95342e-06 8.37803e-06 6.26648e-05 7.27045e-06 4.38631e-06 1.61182e-05 6.50052e-05 1.10848e-05 7.77649e-06 1.02263e-05 1.38447e-05 1.06244e-05 
5.2341e-05 6.56425e-06 9.57466e-06 8.5432e-05 5.17944e-05 5.49424e-06 5.86059e-06 0.000116802 5.32153e-05 4.48014e-06 6.08366e-06 2.90744e-05 2.69209e-05 5.95067e-06 9.02627e-06 0.000139146 
8.60702e-05 1.20171e-05 6.47372e-06 2.50597e-05 0.000106159 2.10099e-05 4.25502e-06 1.70978e-05 0.000121306 6.44532e-06 4.22769e-06 1.86346e-05 6.58985e-05 1.0144e-05 6.55936e-06 4.47638e-05 
9.12461e-05 2.96256e-05 7.7861e-06 8.90565e-06 9.36628e-05 5.11908e-05 9.07153e-06 7.41912e-06 0.000105944 1.36593e-05 8.28022e-06 9.23144e-06 9.38801e-05 1.91997e-05 8.94594e-06 1.15833e-05 
6.41426e-06 8.66548e-06 1.39633e-05 9.67975e-05 8.88129e-06 1.30406e-05 1.06576e-05 2.1569e-05 8.39978e-06 1.42259e-05 1.84498e-05 1.40607e-05 5.71999e-06 8.74679e-06 1.0504e-05 3.15834e-05 
9.23627e-05 9.65641e-06 1.148e-05 8.09986e-05 0.000177034 1.57501e-05 9.24138e-06 1.66181e-05 7.35341e-05 1.02725e-05 8.73577e-06 2.25492e-05 6.19232e-05 5.23669e-06 7.46652e-06 0.000183116 
9.43495e-05 1.68086e-05 7.56327e-06 1.75242e-05 0.000100526 2.95808e-05 8.63738e-06 1.28204e-05 0.00019058 1.1756e-05 7.55108e-06 1.77529e-05 0.000147686 1.11539e-05 4.97146e-06 2.65477e-05 
7.90344e-05 2.29258e-05 8.08131e-06 9.05461e-06 7.15744e-05 3.60468e-05 9.3581e-06 8.01279e-06 9.54375e-05 1.52663e-05 7.80122e-06 1.00346e-05 0.000116811 1.46517e-05 6.99251e-06 9.32339e-06 
