8.82706e-06 1.87461e-05 2.20628e-05 1.50854e-05 2.35806e-05 3.34421e-05 2.14166e-05 3.11272e-05 3.0584e-05 2.16758e-05 2.50021e-05 2.668e-05 1.25443e-05 1.21151e-05 9.91953e-06 1.19403e-05 
9.32339e-06 2.30879e-05 2.0483e-05 1.44512e-05 2.38967e-05 2.97214e-05 1.90737e-05 3.69311e-05 4.5821e-05 2.04321e-05 2.49887e-05 3.18542e-05 1.37736e-05 1.27562e-05 9.55071e-06 1.15875e-05 
8.6856e-06 2.10051e-05 2.25725e-05 1.46693e-05 3.84026e-05 5.85836e-05 2.53377e-05 3.20507e-05 2.73534e-05 2.22697e-05 2.63943e-05 2.53376e-05 1.24249e-05 1.33481e-05 9.95971e-06 1.22817e-05 
8.87585e-06 2.48622e-05 2.42061e-05 1.56271e-05 4.46962e-05 3.80968e-05 2.28269e-05 2.88225e-05 1.97889e-05 1.99497e-05 2.82408e-05 2.81247e-05 1.33336e-05 1.44156e-05 9.27039e-06 1.16196e-05 
8.80148e-06 2.28291e-05 2.43666e-05 1.55423e-05 4.3285e-05 1.93139e-05 2.03057e-05 3.187e-05 3.83311e-05 2.57025e-05 2.40553e-05 3.20456e-05 1.2741e-05 1.38346e-05 1.02413e-05 1.22399e-05 
9.27894e-06 2.017e-05 1.90748e-05 1.57548e-05 4.54947e-05 2.74001e-05 2.68747e-05 2.56744e-05 3.94941e-05 2.11603e-05 4.62968e-05 2.65111e-05 1.33324e-05 1.23573e-05 9.5191e-06 1.27016e-05 
9.08332e-06 2.42385e-05 2.41304e-05 1.7044e-05 4.47833e-05 3.25321e-05 2.13693e-05 3.6591e-05 2.98224e-05 1.72611e-05 2.24895e-05 2.39425e-05 1.22171e-05 1.2857e-05 1.00009e-05 1.24046e-05 
8.45154e-06 2.03734e-05 2.16087e-05 1.43629e-05 5.48011e-05 2.95765e-05 2.80922e-05 4.17662e-05 3.31007e-05 2.30215e-05 3.20236e-05 2.99782e-05 1.39677e-05 1.43045e-05 1.0402e-05 1.28417e-05 
9.30781e-06 1.93232e-05 2.16277e-05 1.53519e-05 2.86161e-05 3.5605e-05 3.37164e-05 3.39972e-05 2.10726e-05 1.96835e-05 3.54538e-05 2.951e-05 1.57429e-05 1.30951e-05 1.02777e-05 1.15295e-05 
9.53261e-06 1.84167e-05 1.92905e-05 1.60299e-05 3.36853e-05 3.48076e-05 2.5433e-05 3.11866e-05 3.95328e-05 2.0141e-05 2.65209e-05 2.57149e-05 1.59409e-05 1.38386e-05 1.06315e-05 1.28492e-05 
9.70748e-06 1.79732e-05 2.14156e-05 1.51389e-05 4.17205e-05 5.46813e-05 1.90945e-05 2.95917e-05 4.21323e-05 2.00188e-05 2.02685e-05 2.92617e-05 1.4009e-05 1.4199e-05 1.01325e-05 1.17365e-05 
9.09886e-06 1.92926e-05 2.18797e-05 1.58147e-05 2.42574e-05 3.36977e-05 2.20742e-05 2.5255e-05 3.41729e-05 2.71043e-05 2.1578e-05 2.83277e-05 1.25231e-05 1.41447e-05 1.09809e-05 1.17173e-05 
8.92541e-06 2.11222e-05 2.34133e-05 1.55505e-05 2.74958e-05 2.71258e-05 3.20816e-05 2.41957e-05 2.82919e-05 2.09472e-05 2.66931e-05 2.88899e-05 1.47693e-05 1.12072e-05 9.9868e-06 1.14306e-05 
9.06066e-06 2.05147e-05 2.2892e-05 1.60981e-05 6.09171e-05 3.13571e-05 2.2829e-05 3.14982e-05 3.83562e-05 2.28934e-05 2.46356e-05 2.59841e-05 1.15954e-05 1.31416e-05 9.97778e-06 1.12275e-05 
9.77344e-06 2.24691e-05 2.2982e-05 1.56121e-05 3.5658e-05 2.8725e-05 2.03508e-05 3.50021e-05 1.83241e-05 2.32146e-05 2.501e-05 3.021e-05 1.26538e-05 1.21918e-05 1.02757e-05 1.12797e-05 
9.66579e-06 2.1075e-05 2.07648e-05 1.51482e-05 2.79196e-05 3.84296e-05 2.27575e-05 2.71359e-05 3.8517e-05 1.99322e-05 2.35679e-05 2.85244e-05 1.38887e-05 1.43629e-05 1.00211e-05 1.23481e-05 
