4.2931e-05 3.9998e-05 4.22099e-05 4.3303e-05 4.91881e-05 9.37789e-05 4.75333e-05 5.34668e-05 4.66029e-05 3.70777e-05 0.000111624 4.87443e-05 1.13761e-05 5.6195e-05 0.000120631 4.95794e-05 
4.71986e-05 6.43402e-05 5.87262e-05 4.76501e-05 0.000112843 6.46825e-05 8.30731e-05 8.5069e-05 5.91067e-05 7.78075e-05 4.01972e-05 5.60875e-05 1.30466e-05 4.16342e-05 8.89102e-05 6.45026e-05 
7.02341e-05 6.93274e-05 8.82788e-05 7.66577e-05 9.53338e-05 7.33747e-05 7.7696e-05 0.00011073 7.4162e-05 7.8199e-05 5.46271e-05 9.87715e-05 2.34752e-05 4.42863e-05 7.49987e-05 6.1096e-05 
0.000145061 8.32079e-05 0.000115691 0.000102699 8.76442e-05 8.66416e-05 0.000112926 0.000112148 0.000116634 5.09637e-05 4.76566e-05 0.000108258 9.45803e-05 5.50597e-05 6.13651e-05 9.25515e-05 
0.000135181 0.000123484 9.64139e-05 7.30885e-05 8.67469e-05 0.00013634 0.000144845 0.000133397 0.000136761 6.81933e-05 7.01301e-05 8.2559e-05 5.52068e-05 7.75428e-05 0.000105834 8.41286e-05 
6.3224e-05 8.02058e-05 0.000135405 6.43491e-05 9.52877e-05 9.13612e-05 9.82436e-05 7.00408e-05 7.11595e-05 0.00012594 0.000108265 2.8039e-05 8.63386e-05 5.97127e-05 6.74375e-05 4.02765e-05 
8.80293e-05 7.84479e-05 0.000114126 7.36367e-05 0.000110966 9.05326e-05 7.10357e-05 6.10583e-05 5.73584e-05 0.000112497 9.63859e-05 3.37245e-05 8.42104e-05 6.78394e-05 5.61249e-05 6.45284e-05 
5.0914e-05 9.84473e-05 9.3254e-05 8.93789e-05 6.26446e-05 5.69027e-05 5.40674e-05 5.48471e-05 4.01083e-05 8.32578e-05 9.9039e-05 2.74291e-05 1.65805e-05 7.80088e-05 5.46922e-05 4.11025e-05 
3.45459e-05 6.24908e-05 6.50417e-05 7.7499e-05 0.000122575 2.47217e-05 1.72513e-05 1.532e-05 2.07771e-05 4.91467e-05 7.91521e-05 4.07983e-05 1.27093e-05 7.3558e-05 4.5513e-05 2.46204e-05 
5.89876e-05 3.75709e-05 5.11607e-05 3.37479e-05 2.89159e-05 8.54926e-05 8.357e-05 6.02334e-05 9.25344e-05 8.48192e-06 1.0307e-05 5.90524e-05 1.04941e-05 1.94455e-05 7.66233e-05 7.89624e-05 
5.62695e-05 7.74973e-05 3.94028e-05 3.49247e-05 3.58008e-05 7.97128e-05 6.92003e-05 9.70423e-05 6.69171e-05 8.73321e-06 3.76125e-06 1.99119e-05 1.26182e-05 1.10505e-05 7.55819e-06 1.98661e-05 
5.7326e-05 9.23103e-05 8.43905e-05 4.81947e-05 2.9494e-05 5.66648e-05 7.47443e-05 7.31895e-05 6.20628e-05 3.24119e-05 1.68046e-05 5.60641e-06 1.22026e-05 2.03284e-05 1.64941e-05 1.40589e-05 
1.81891e-05 9.07312e-06 1.15585e-05 1.85173e-05 3.94282e-05 1.94441e-05 1.30228e-05 1.25139e-05 1.3904e-05 1.23804e-05 9.79296e-06 1.18528e-05 2.78294e-06 6.0633e-06 7.25874e-06 1.17291e-05 
4.95744e-05 3.54752e-05 1.98095e-05 2.45503e-05 3.2138e-05 4.50057e-05 6.60499e-05 7.15873e-05 5.51587e-05 1.32701e-05 1.45703e-05 5.73468e-05 6.14342e-06 3.33855e-06 5.54284e-06 1.00666e-05 
6.95476e-05 5.68983e-05 2.28338e-05 2.20347e-05 3.10295e-05 6.54602e-05 9.36643e-05 5.29611e-05 7.64529e-05 4.81642e-05 1.21123e-05 1.67901e-05 9.11406e-06 4.98352e-06 1.94685e-05 1.33271e-05 
7.02321e-05 8.84084e-05 4.44071e-05 4.44343e-05 3.75227e-05 3.9554e-05 6.04473e-05 6.90081e-05 5.15828e-05 7.24221e-05 2.61524e-05 1.65162e-05 1.8158e-05 1.41645e-05 2.70869e-05 1.33784e-05 
