1.43166e-05 2.51345e-05 4.07106e-05 5.08275e-05 7.21032e-05 3.46802e-05 3.18994e-05 2.30922e-05 3.1787e-05 4.91064e-05 5.59598e-05 1.15062e-05 9.89242e-05 1.18209e-05 1.10943e-05 1.08572e-05 
0.000162175 5.28676e-05 5.98043e-05 0.000121202 0.000131553 4.55768e-05 3.48576e-05 6.16249e-05 0.000181495 1.51809e-05 1.12892e-05 8.52875e-05 0.000114843 1.8444e-05 1.60668e-05 4.13323e-05 
8.59954e-05 4.92838e-05 2.74044e-05 8.10261e-05 9.11762e-05 4.69654e-05 3.21401e-05 4.14025e-05 0.000180156 2.96573e-05 9.8595e-06 4.27584e-05 8.60414e-05 2.23592e-05 1.99615e-05 2.47931e-05 
5.11015e-05 5.64761e-05 2.93822e-05 6.05192e-05 9.83769e-05 5.00187e-05 2.00069e-05 4.17531e-05 8.90369e-05 4.34493e-05 1.37837e-05 1.50349e-05 5.78416e-05 2.14007e-05 1.76077e-05 1.67973e-05 
2.40057e-05 2.48048e-05 5.32595e-05 4.60427e-05 4.51684e-05 3.81707e-05 2.31137e-05 1.95333e-05 1.76103e-05 1.8288e-05 3.92347e-05 2.67099e-05 1.21409e-05 9.60042e-06 1.76378e-05 3.53887e-05 
0.000176552 6.37699e-05 8.17899e-05 7.88252e-05 0.000118986 5.83405e-05 3.20595e-05 7.23968e-05 0.000149768 2.06987e-05 1.5322e-05 0.000124438 0.00013073 1.53153e-05 1.34923e-05 4.17464e-05 
0.000158941 6.5223e-05 7.16715e-05 0.000109474 0.000143505 5.53188e-05 3.59959e-05 8.38742e-05 0.000272671 2.93295e-05 1.6008e-05 0.000103034 8.96497e-05 1.9947e-05 1.43735e-05 3.89261e-05 
0.000139378 6.43446e-05 3.91155e-05 8.69126e-05 0.000146934 3.5796e-05 1.73384e-05 6.07652e-05 0.000212773 3.43555e-05 1.93915e-05 1.20407e-05 0.000117351 4.35097e-05 1.36897e-05 2.21817e-05 
1.64136e-05 3.43189e-05 4.88495e-05 3.91238e-05 4.08089e-05 5.15557e-05 3.7133e-05 4.05295e-05 1.23307e-05 1.51131e-05 9.75545e-05 1.33627e-05 9.00949e-06 1.11657e-05 2.35112e-05 5.40813e-05 
5.29552e-05 3.58959e-05 7.20913e-05 0.000104862 9.90004e-05 3.40759e-05 8.69421e-05 7.46911e-05 6.94137e-05 9.13013e-06 1.30987e-05 9.42106e-05 2.52704e-05 9.62546e-06 1.29553e-05 7.86153e-05 
8.15172e-05 5.23748e-05 6.91602e-05 8.83821e-05 9.95329e-05 2.92233e-05 3.20554e-05 6.89486e-05 0.000118868 1.08958e-05 7.57575e-06 8.21109e-05 7.08207e-05 1.32937e-05 9.7482e-06 3.06832e-05 
7.12518e-05 0.000101331 5.72094e-05 6.34841e-05 0.000126146 2.79367e-05 1.56772e-05 3.35067e-05 0.000167528 2.44763e-05 1.27428e-05 6.98697e-06 7.92617e-05 2.5176e-05 1.49046e-05 1.87023e-05 
1.28285e-05 4.59485e-05 3.72377e-05 5.04582e-05 7.61926e-05 4.503e-05 5.00387e-05 3.44846e-05 2.02266e-05 1.28072e-05 2.49095e-05 1.04997e-05 3.17967e-06 6.9209e-06 1.50134e-05 1.74292e-05 
6.18567e-05 5.54418e-05 6.33881e-05 7.98624e-05 9.30252e-05 3.68332e-05 3.15436e-05 0.000108536 0.000128538 1.65399e-05 1.6977e-05 5.98213e-05 3.80666e-05 4.52178e-06 6.16063e-06 3.2062e-05 
0.000107382 7.19568e-05 6.19748e-05 6.46562e-05 0.000103961 4.27359e-05 3.9803e-05 6.5694e-05 0.000136478 2.34792e-05 1.55169e-05 5.71826e-05 0.000105349 1.39177e-05 6.8519e-06 2.70308e-05 
5.70801e-05 6.37362e-05 3.78973e-05 6.2515e-05 0.000103112 4.10853e-05 2.67617e-05 5.3304e-05 0.000176265 2.83109e-05 1.38727e-05 1.91087e-05 0.000112376 1.22895e-05 7.36306e-06 1.04777e-05 
