6.38994e-18 2.84716e-15 2.70713e-15 2.81713e-15 1.83948e-16 2.76254e-15 2.6665e-15 2.85645e-15 3.78597e-16 2.85158e-15 2.77046e-15 2.8825e-15 1.02126e-17 2.87531e-15 2.67992e-15 2.88413e-15 
2.83757e-15 1.10025e-17 2.79786e-15 2.9269e-15 2.78894e-15 3.62207e-16 2.80856e-15 2.85313e-15 2.83948e-15 1.46456e-16 2.8249e-15 2.85386e-15 2.78315e-15 5.54801e-16 2.76479e-15 2.97726e-15 
2.68439e-15 2.80167e-15 1.08736e-17 2.74022e-15 2.64864e-15 2.77752e-15 1.19538e-17 2.76215e-15 2.75629e-15 2.79079e-15 3.06653e-16 2.71896e-15 2.65489e-15 2.72844e-15 5.65928e-16 2.73883e-15 
2.87741e-15 2.89016e-15 2.82512e-15 8.70644e-18 2.84182e-15 2.88775e-15 2.7105e-15 2.56497e-16 2.87315e-15 2.88304e-15 2.72883e-15 6.21323e-16 2.86744e-15 2.92247e-15 2.81262e-15 3.39407e-16 
1.822e-16 2.81076e-15 2.70908e-15 2.81855e-15 8.25159e-18 2.83388e-15 2.71054e-15 2.85512e-15 2.06132e-16 2.78278e-15 2.69619e-15 2.84363e-15 1.86798e-16 2.85192e-15 2.68234e-15 2.93711e-15 
2.79589e-15 3.59764e-16 2.81247e-15 2.92035e-15 2.82969e-15 1.0129e-17 2.81025e-15 2.88413e-15 2.78584e-15 2.66101e-16 2.83476e-15 2.78769e-15 2.76099e-15 8.30232e-16 2.80164e-15 2.89383e-15 
2.70379e-15 2.75349e-15 1.22542e-17 2.70185e-15 2.66306e-15 2.76249e-15 1.19355e-17 2.66426e-15 2.73864e-15 2.75456e-15 3.0776e-16 2.75018e-15 2.68474e-15 2.72876e-15 5.64662e-16 2.70516e-15 
2.88533e-15 2.85309e-15 2.71872e-15 2.56313e-16 2.87567e-15 2.84113e-15 2.70843e-15 5.84017e-18 2.92348e-15 2.93385e-15 2.70754e-15 3.89917e-16 2.93584e-15 2.87621e-15 2.8226e-15 3.49044e-16 
3.80155e-16 2.82076e-15 2.68293e-15 2.84747e-15 2.06262e-16 2.7573e-15 2.69333e-15 2.95684e-15 8.96462e-18 2.8889e-15 2.73079e-15 2.91104e-15 3.77811e-16 2.80168e-15 2.70482e-15 2.96239e-15 
2.81062e-15 1.47709e-16 2.78528e-15 2.93853e-15 2.81807e-15 2.66764e-16 2.78615e-15 2.85509e-15 2.8398e-15 1.10411e-17 2.79255e-15 2.82479e-15 2.8335e-15 6.7445e-16 2.79578e-15 2.95281e-15 
2.69191e-15 2.79791e-15 3.06251e-16 2.751e-15 2.6306e-15 2.8004e-15 2.97461e-16 2.78807e-15 2.71547e-15 2.79512e-15 9.52669e-18 2.69186e-15 2.6122e-15 2.66729e-15 2.87768e-16 2.70395e-15 
2.88635e-15 2.87738e-15 2.80639e-15 6.26088e-16 2.90844e-15 2.78498e-15 2.71422e-15 3.89097e-16 2.88683e-15 2.88064e-15 2.79525e-15 1.01148e-17 2.87406e-15 2.88275e-15 2.80902e-15 6.60171e-16 
1.3238e-17 2.78021e-15 2.65461e-15 2.79486e-15 1.84433e-16 2.72371e-15 2.72718e-15 2.93205e-15 3.80108e-16 2.77034e-15 2.67505e-15 2.84706e-15 1.37643e-17 2.85948e-15 2.65618e-15 2.89053e-15 
2.8669e-15 5.50418e-16 2.75715e-15 2.88786e-15 2.8203e-15 8.41898e-16 2.69708e-15 2.85555e-15 2.79798e-15 6.82414e-16 2.73135e-15 2.91294e-15 2.81571e-15 8.13257e-18 2.73244e-15 2.99554e-15 
2.72195e-15 2.79432e-15 5.65296e-16 2.7381e-15 2.65554e-15 2.80036e-15 5.66642e-16 2.77673e-15 2.73791e-15 2.80829e-15 2.88591e-16 2.74137e-15 2.62262e-15 2.78832e-15 1.24305e-17 2.77069e-15 
2.86742e-15 2.91547e-15 2.67188e-15 3.40359e-16 2.87709e-15 2.84187e-15 2.7943e-15 3.52742e-16 2.95857e-15 2.85243e-15 2.73386e-15 6.59261e-16 2.93058e-15 2.98418e-15 2.76781e-15 1.01135e-17 
