5.94199e-18 1.25367e-05 3.23322e-05 3.04279e-05 7.24043e-05 4.83015e-05 5.69926e-05 2.83018e-05 1.90922e-05 2.37395e-05 3.12251e-05 1.51291e-05 8.71041e-06 8.47878e-06 1.06636e-05 7.78879e-06 
0.000197113 9.08796e-18 1.28775e-05 5.41228e-05 0.000118632 6.65045e-05 5.00697e-05 0.000184361 0.000148273 5.18294e-05 3.97033e-05 0.000146308 0.000161497 5.33031e-05 3.82547e-05 0.000131324 
0.000111465 2.78966e-05 8.49001e-18 1.88898e-05 0.000113678 0.000108981 7.90832e-05 0.000135883 0.000100477 0.000108644 4.42508e-05 5.2477e-05 8.55101e-05 4.98152e-05 4.47038e-05 4.66255e-05 
6.50068e-05 3.68364e-05 6.62271e-06 6.13261e-18 2.74008e-05 4.13135e-05 6.0752e-05 9.82106e-05 0.000132152 9.2581e-05 6.09758e-05 5.06864e-05 0.000131764 6.49347e-05 5.29509e-05 4.22711e-05 
0.000130824 6.53203e-05 1.14799e-05 8.74013e-06 9.07698e-18 8.2092e-06 1.24905e-05 9.81486e-05 7.58735e-05 6.74465e-05 6.80931e-05 4.62027e-05 5.53886e-05 7.52018e-05 6.31484e-05 7.53954e-05 
0.000145844 0.000108821 0.000162691 0.000121485 9.83238e-05 8.97638e-18 6.6704e-06 4.73811e-05 0.000114264 7.28785e-05 7.38383e-05 0.000152308 6.36853e-05 5.03675e-05 5.17489e-05 7.57359e-05 
0.000172324 8.56467e-05 0.000107432 9.86479e-05 0.000128124 1.2434e-05 9.93845e-18 3.41255e-05 0.000246179 6.2663e-05 3.6397e-05 0.000125191 0.000138867 3.91029e-05 3.34105e-05 6.32381e-05 
0.000117901 0.000127994 6.9039e-05 0.000127449 0.000109005 1.58367e-05 6.03077e-06 1.01781e-17 0.000162695 0.000129708 3.19796e-05 9.01695e-05 0.000127668 4.16959e-05 2.73256e-05 5.12681e-05 
1.58146e-05 8.12544e-05 6.27385e-05 5.40272e-05 5.7442e-05 3.61975e-05 0.000135976 0.00017204 1.08999e-17 1.40119e-05 1.20594e-05 1.79226e-05 1.20226e-05 1.10756e-05 7.90636e-05 2.87767e-05 
4.69778e-05 4.24132e-05 5.15909e-05 9.83812e-05 9.86185e-05 4.00185e-05 0.000159111 0.000195322 7.24146e-05 1.1625e-17 6.25835e-06 9.31809e-05 5.16081e-05 1.15112e-05 1.22671e-05 4.20429e-05 
5.95665e-05 5.03043e-05 3.64463e-05 7.74759e-05 0.000116294 3.57351e-05 2.40803e-05 5.03835e-05 9.18128e-05 8.38268e-06 1.1897e-17 8.2465e-05 7.1048e-05 1.22787e-05 1.01296e-05 3.15626e-05 
6.14565e-05 8.92758e-05 3.05766e-05 4.96066e-05 0.000114767 3.79766e-05 4.13934e-05 4.75498e-05 0.000148759 3.49513e-05 1.95324e-05 9.90445e-18 8.09177e-05 2.32151e-05 1.71903e-05 1.95078e-05 
1.59175e-05 2.69517e-05 3.99209e-05 6.71973e-05 0.000131984 3.10839e-05 8.14174e-05 6.06016e-05 2.47286e-05 1.40289e-05 2.40932e-05 9.14567e-06 6.74157e-18 5.98159e-06 6.94699e-06 2.06738e-05 
9.08206e-05 5.94508e-05 4.73335e-05 8.88564e-05 0.000108002 3.7861e-05 3.58432e-05 8.19018e-05 0.000134953 2.08037e-05 1.64324e-05 9.22357e-05 6.28666e-05 9.06084e-18 5.33554e-06 3.14634e-05 
0.000108689 5.27419e-05 5.07307e-05 9.38106e-05 0.000103759 3.53822e-05 4.02186e-05 9.29412e-05 0.000160877 2.3606e-05 1.72564e-05 7.9288e-05 9.93863e-05 5.90571e-06 1.41154e-17 2.97965e-05 
4.24063e-05 5.06236e-05 3.74032e-05 5.23625e-05 8.77081e-05 3.5219e-05 3.03811e-05 4.57882e-05 0.000114748 2.50979e-05 1.34367e-05 2.39911e-05 3.70176e-05 7.66056e-06 5.98428e-06 1.108e-17 
