0.000176615 0.000139457 7.88902e-05 9.41956e-05 0.00022643 9.92776e-05 0.000102834 0.000101181 0.000143788 0.00012186 0.00012658 6.25787e-05 0.000157024 6.72422e-05 0.00010451 0.000150599 
9.31046e-05 0.000130898 8.70473e-05 0.000118135 0.000137471 6.59752e-05 9.2508e-05 0.000113906 0.000124766 7.89253e-05 0.000109537 0.000103075 6.90888e-05 3.78203e-05 5.23788e-05 8.21929e-05 
7.99786e-05 9.25531e-05 0.000127435 0.00011945 0.000109451 7.00167e-05 6.0901e-05 0.000130627 0.000136297 6.20286e-05 5.35925e-05 8.36107e-05 7.76505e-05 2.49918e-05 2.80013e-05 9.42845e-05 
7.90464e-05 9.2529e-05 0.000107234 0.000108678 0.000413458 6.89669e-05 5.57562e-05 8.39866e-05 0.0001085 4.40511e-05 5.28802e-05 6.79802e-05 9.85801e-05 2.61278e-05 2.45239e-05 5.47937e-05 
0.00010212 6.55247e-05 6.03816e-05 6.11828e-05 0.000164432 7.17683e-05 5.9486e-05 7.35307e-05 9.1934e-05 3.4702e-05 4.17438e-05 3.5433e-05 0.000284501 3.24102e-05 3.26173e-05 3.57777e-05 
0.000108628 0.000120247 6.77537e-05 8.80515e-05 0.000362589 8.87563e-05 0.000112717 0.000113225 0.000148096 0.000107357 0.00011821 7.76829e-05 7.7991e-05 5.95866e-05 6.59448e-05 7.06432e-05 
0.000126674 0.000125797 9.49351e-05 0.000107136 0.000291039 9.35886e-05 0.00011974 0.000131566 0.000170788 0.000112203 0.000139755 9.55489e-05 8.26741e-05 7.39834e-05 8.4294e-05 9.08778e-05 
0.000112096 0.000230983 0.000132187 0.000104522 0.000123137 0.00011401 8.6328e-05 0.000183223 0.000233426 0.000174257 0.000150475 0.00010695 9.74048e-05 6.27143e-05 7.46929e-05 0.000104247 
8.28008e-05 0.000141931 8.73974e-05 9.0152e-05 0.000105707 8.14922e-05 0.000137531 9.27493e-05 0.000188408 8.97595e-05 8.72963e-05 8.54306e-05 0.00010344 5.3876e-05 8.0522e-05 8.00967e-05 
0.00014869 0.000139439 0.000231367 0.000124272 0.000146596 0.000100617 7.63388e-05 0.000156986 0.000176614 0.000136527 0.000146277 0.000104658 9.58406e-05 5.78296e-05 4.60317e-05 9.13855e-05 
6.49683e-05 5.74147e-05 7.61161e-05 0.00010905 0.00011322 3.37411e-05 2.919e-05 5.61709e-05 0.00010525 1.14337e-05 8.39668e-06 0.000104283 5.85661e-05 1.56564e-05 1.09742e-05 4.71216e-05 
5.60537e-05 7.13134e-05 4.27759e-05 5.82676e-05 8.97372e-05 3.63486e-05 2.94568e-05 2.31451e-05 9.7289e-05 3.43088e-05 2.03304e-05 9.13293e-06 4.75944e-05 2.85558e-05 1.95043e-05 2.97307e-05 
1.52912e-05 6.05173e-05 9.67821e-05 8.75471e-05 6.38868e-05 4.24007e-05 4.35686e-05 6.31092e-05 2.24809e-05 1.49503e-05 1.98131e-05 1.08222e-05 4.88346e-06 6.80569e-06 7.94226e-06 2.16042e-05 
9.6945e-05 6.40628e-05 4.81287e-05 7.10722e-05 0.000116172 4.04373e-05 3.39762e-05 0.000113986 0.000141993 2.51116e-05 1.9098e-05 7.62973e-05 0.000101831 7.86818e-06 6.68833e-06 3.13584e-05 
0.000168839 0.000105058 7.20023e-05 9.18413e-05 0.000171561 7.74994e-05 5.10241e-05 8.81994e-05 0.000259117 9.75461e-05 5.73181e-05 8.48379e-05 0.0002867 6.81529e-05 4.25641e-05 6.92674e-05 
0.000200018 0.000146108 9.35418e-05 0.000112894 0.000198808 9.96306e-05 9.32013e-05 0.00011803 0.000293155 0.000144326 0.000129915 8.84736e-05 0.000173435 0.000139853 0.000117795 0.000141073 
