6.08821e-06 6.97173e-05 7.92048e-05 0.000123575 1.5014e-05 5.65456e-05 6.91267e-05 0.00012832 1.17201e-05 2.55816e-05 6.37348e-05 7.37075e-05 8.58872e-06 3.09178e-05 6.55453e-05 3.34851e-05 
1.39014e-05 7.67506e-05 7.92449e-05 0.000113717 2.85985e-05 5.79138e-05 6.26594e-05 8.84641e-05 2.70081e-05 2.82505e-05 4.37531e-05 7.71997e-05 1.23322e-05 2.79369e-05 3.83088e-05 5.07491e-05 
2.94482e-05 5.51304e-05 9.90979e-05 0.000120053 2.65073e-05 6.05762e-05 8.06348e-05 0.000132534 2.37924e-05 3.38179e-05 6.26059e-05 9.20789e-05 1.36164e-05 3.89242e-05 5.82897e-05 6.9951e-05 
3.24445e-05 4.64283e-05 4.81081e-05 0.000110519 0.000107413 4.75875e-05 4.73481e-05 0.000115696 0.000123438 4.76207e-05 4.6289e-05 0.000101674 0.000101607 4.403e-05 6.18662e-05 7.7362e-05 
7.8373e-05 5.69829e-05 6.77903e-05 7.38998e-05 5.35284e-05 0.000115657 5.91686e-05 0.000108719 5.88845e-05 9.50641e-05 7.89808e-05 9.15646e-05 5.34855e-05 7.28019e-05 0.00010004 8.12602e-05 
1.32516e-05 8.4505e-05 4.33072e-05 1.97389e-05 2.15576e-05 0.000118717 8.94656e-05 2.07397e-05 2.02031e-05 0.000108919 8.95941e-05 1.8505e-05 8.44738e-05 4.85267e-05 7.42087e-05 2.434e-05 
1.05448e-05 8.5966e-05 4.70581e-05 1.65094e-05 1.22806e-05 0.000112773 8.51432e-05 1.9004e-05 1.26581e-05 0.000124126 8.20706e-05 1.75814e-05 1.60678e-05 7.64536e-05 4.85475e-05 2.16721e-05 
1.09449e-05 0.000104919 5.636e-05 1.55635e-05 2.11522e-05 9.89785e-05 8.34333e-05 1.76597e-05 9.9853e-06 0.000116345 9.11306e-05 2.05859e-05 1.17493e-05 0.000137269 5.99353e-05 2.24966e-05 
1.46299e-05 0.000114822 8.36129e-05 4.21873e-05 4.60751e-06 0.000100679 9.6419e-05 8.2088e-05 4.67742e-06 5.85536e-05 0.000106547 6.35021e-05 2.18581e-05 9.10404e-05 6.88199e-05 6.25876e-05 
2.86835e-05 2.16949e-05 4.32537e-05 0.000105346 9.23659e-06 1.55769e-05 2.69881e-05 0.000125988 1.22551e-05 3.9492e-06 9.90853e-06 9.82716e-05 9.43352e-06 1.31964e-05 2.41457e-05 2.73691e-05 
1.77535e-05 9.33658e-06 1.09257e-05 2.03877e-05 3.25619e-05 6.5603e-06 3.95411e-06 1.88541e-05 7.62544e-05 6.44494e-06 2.93275e-06 1.32716e-05 5.43133e-05 1.34977e-05 1.01521e-05 1.20714e-05 
1.1728e-05 1.76391e-05 1.36899e-05 9.32429e-06 3.27702e-05 1.90657e-05 1.48976e-05 8.53255e-06 4.29244e-05 2.43158e-05 1.82718e-05 5.17241e-06 8.72245e-06 2.87109e-05 1.93078e-05 1.41385e-05 
9.52211e-06 3.14282e-05 4.0583e-05 4.70402e-05 8.5185e-06 1.47119e-05 1.22203e-05 2.01661e-05 1.10383e-05 9.74581e-06 1.30531e-05 2.27098e-05 4.86443e-06 7.15841e-06 9.55163e-06 2.01174e-05 
1.28614e-05 1.77391e-05 1.73115e-05 4.29195e-05 1.08296e-05 1.0472e-05 1.04398e-05 7.56315e-05 1.11544e-05 9.03548e-06 1.33388e-05 6.4514e-05 6.98324e-06 4.81696e-06 6.79426e-06 1.09591e-05 
7.5049e-06 1.60148e-05 1.41567e-05 1.43686e-05 1.69011e-05 1.44659e-05 1.10539e-05 1.32055e-05 1.69245e-05 1.56235e-05 1.16554e-05 1.37677e-05 1.00821e-05 5.71474e-06 4.35059e-06 5.5589e-06 
7.69426e-06 0.000119714 7.20624e-05 1.27514e-05 3.97361e-05 3.56067e-05 9.43461e-05 1.40331e-05 2.52713e-05 2.62058e-05 2.06847e-05 1.40612e-05 1.18194e-05 1.38882e-05 1.18488e-05 5.04735e-06 
