1.90665e-05 1.99498e-05 3.04115e-05 4.07273e-05 7.88313e-05 3.54952e-05 3.31681e-05 2.81388e-05 7.84455e-05 1.57972e-05 1.34818e-05 1.82334e-05 2.92671e-05 1.07391e-05 8.58335e-06 9.25076e-06 
1.8987e-05 1.95003e-05 3.21441e-05 3.97294e-05 8.08633e-05 3.95845e-05 2.34111e-05 2.49435e-05 3.82334e-05 2.08681e-05 1.69137e-05 1.82494e-05 2.39073e-05 1.1368e-05 7.73682e-06 8.9992e-06 
1.8808e-05 1.89218e-05 3.22133e-05 3.97586e-05 8.80954e-05 3.47614e-05 3.10828e-05 2.96302e-05 4.75235e-05 1.78993e-05 1.4928e-05 1.84147e-05 4.41545e-05 1.07897e-05 7.09441e-06 8.64254e-06 
1.82841e-05 2.08257e-05 3.17056e-05 3.69159e-05 6.9913e-05 4.47711e-05 3.00285e-05 2.74817e-05 3.65487e-05 1.68928e-05 1.42184e-05 1.72645e-05 2.21595e-05 1.12518e-05 8.06135e-06 8.71235e-06 
2.13015e-05 2.01691e-05 3.06996e-05 3.84438e-05 6.51498e-05 4.15235e-05 2.71908e-05 2.71768e-05 4.58873e-05 1.89602e-05 1.53365e-05 1.7432e-05 2.08423e-05 1.12091e-05 7.61789e-06 9.08046e-06 
1.81015e-05 2.02599e-05 3.32386e-05 3.58044e-05 7.40601e-05 4.0605e-05 2.53411e-05 3.92025e-05 4.71865e-05 1.79522e-05 1.46374e-05 1.76431e-05 3.00652e-05 1.1245e-05 8.37001e-06 8.97071e-06 
1.78335e-05 2.07524e-05 3.68364e-05 4.03024e-05 8.20524e-05 4.10214e-05 2.93689e-05 2.5169e-05 3.66236e-05 2.04032e-05 1.46213e-05 1.85852e-05 2.69622e-05 1.14648e-05 7.81108e-06 9.02934e-06 
1.9687e-05 1.90514e-05 3.12018e-05 3.71904e-05 6.86806e-05 3.59509e-05 3.01347e-05 2.76439e-05 6.20627e-05 1.99912e-05 1.48484e-05 1.72995e-05 3.48624e-05 1.08521e-05 7.58338e-06 8.91392e-06 
1.93631e-05 2.00783e-05 5.22055e-05 3.56502e-05 7.9721e-05 4.06858e-05 2.6202e-05 2.73876e-05 5.08886e-05 2.03922e-05 1.50551e-05 1.78734e-05 3.31032e-05 1.12917e-05 8.11824e-06 9.40295e-06 
1.80551e-05 2.01058e-05 3.2806e-05 3.58905e-05 7.62825e-05 3.78521e-05 2.98429e-05 2.6433e-05 5.6663e-05 1.90541e-05 1.65426e-05 1.72165e-05 2.17327e-05 1.1145e-05 8.14908e-06 9.18226e-06 
2.0225e-05 1.7627e-05 3.64204e-05 3.68201e-05 6.84015e-05 3.98556e-05 3.41569e-05 2.64289e-05 3.82543e-05 1.7489e-05 1.60798e-05 1.85301e-05 3.75621e-05 1.07681e-05 7.95298e-06 9.23711e-06 
1.8392e-05 2.00197e-05 3.53038e-05 3.63275e-05 7.43207e-05 3.98495e-05 2.42617e-05 2.8657e-05 5.60401e-05 1.79087e-05 1.54852e-05 1.75385e-05 2.60973e-05 1.08017e-05 8.03836e-06 9.19675e-06 
1.82171e-05 1.93967e-05 3.70751e-05 3.6828e-05 7.21679e-05 4.25493e-05 3.1547e-05 2.51186e-05 6.09422e-05 1.86935e-05 1.60147e-05 1.78368e-05 2.18481e-05 1.06538e-05 8.55283e-06 9.13871e-06 
2.18605e-05 2.07288e-05 3.42035e-05 4.09249e-05 7.19708e-05 3.68721e-05 3.19194e-05 2.46499e-05 3.96917e-05 2.04371e-05 1.57485e-05 1.8408e-05 2.09981e-05 1.12203e-05 8.30939e-06 9.24754e-06 
1.78259e-05 2.06187e-05 3.0956e-05 4.05729e-05 7.02591e-05 4.07795e-05 2.65223e-05 2.90598e-05 6.63799e-05 1.82374e-05 1.48069e-05 1.85773e-05 3.72075e-05 1.12193e-05 8.03193e-06 9.23675e-06 
1.84533e-05 1.97498e-05 5.88633e-05 3.561e-05 7.47563e-05 3.70302e-05 2.88963e-05 3.08611e-05 4.92995e-05 2.00346e-05 1.52897e-05 1.78591e-05 2.14573e-05 1.07563e-05 7.5555e-06 8.95133e-06 
