9.59775e-05 0.000112 9.51743e-05 9.04125e-05 0.000100244 9.47933e-05 6.83752e-05 0.000108409 
0.000110656 0.000133339 9.47638e-05 0.000106618 8.72762e-05 0.000493778 0.000129892 8.68142e-05 
7.31866e-05 0.000465075 0.000107434 8.84637e-05 0.000167214 0.000128493 0.000139529 6.99623e-05 
0.000131039 0.000402548 7.04722e-05 0.000117431 0.000170134 0.000126698 9.32329e-05 0.000119019 
0.000144295 0.000191997 0.000133194 0.000151355 0.000130757 0.000173352 0.000135177 9.79468e-05 
9.55228e-05 0.000112757 7.93569e-05 0.000120224 0.000338044 0.000110326 9.28797e-05 0.00010623 
0.000104074 0.000165254 7.89708e-05 8.9488e-05 0.000324288 8.69065e-05 8.73353e-05 0.000101425 
0.000101886 0.00018076 9.55322e-05 0.000152139 8.26646e-05 0.000219574 9.63185e-05 0.000104671 
0.000113089 0.000199902 0.000123756 0.000208035 0.000320386 0.000156427 0.000101277 0.000189169 
6.3806e-05 0.00012008 0.000136796 0.000113813 0.000278258 6.08585e-05 9.29545e-05 0.000118888 
5.36154e-05 6.68265e-05 0.000310587 4.25305e-05 0.00030805 4.84604e-05 7.58046e-05 8.29399e-05 
0.000115479 8.5104e-05 9.65469e-05 9.56796e-05 7.30695e-05 6.47438e-05 8.79019e-05 8.66139e-05 
0.000122154 0.000141731 0.000132742 0.000120003 0.000110081 0.000124809 7.61733e-05 4.34806e-05 
4.87844e-05 0.000102069 9.76481e-05 7.82148e-05 6.02934e-05 9.20993e-05 4.00689e-05 5.05336e-05 
5.89615e-05 7.75378e-05 7.3423e-05 5.96173e-05 8.28813e-05 7.40491e-05 5.48491e-05 7.62117e-05 
0.000151843 0.000119599 8.654e-05 7.29341e-05 7.27839e-05 6.35893e-05 6.62075e-05 8.81022e-05 
