0.000289041 0.000157637 8.65559e-05 8.66488e-05 0.000162811 9.26771e-05 0.000127778 0.000168705 0.000205654 7.01485e-05 0.000187077 8.96309e-05 0.000145794 5.61338e-05 0.000143673 0.000134751 
0.000178073 0.000110662 0.000108998 0.000175043 0.000117479 9.6375e-05 8.52689e-05 0.000124577 0.000159702 8.71851e-05 9.04381e-05 0.000163812 0.000126822 6.45623e-05 7.99792e-05 0.000125557 
0.000178784 9.76912e-05 8.4393e-05 0.000150889 0.000132776 9.33546e-05 0.000112418 0.000151816 0.00016467 0.000146579 0.000129792 0.000146981 0.000121973 6.92487e-05 4.03372e-05 0.000120059 
0.000124349 8.10371e-05 6.06616e-05 9.82774e-05 0.000115815 7.35281e-05 6.12896e-05 0.0001626 0.00013876 0.000163003 4.84169e-05 0.000136026 0.000106533 8.80408e-05 6.86142e-05 7.87031e-05 
0.000177274 9.42724e-05 7.50632e-05 0.000107569 0.000217057 7.91164e-05 8.18215e-05 0.000107745 0.000200372 8.7004e-05 8.37225e-05 8.01034e-05 0.000153606 0.00010117 9.87919e-05 0.000106758 
0.000183243 0.000140364 0.000101262 0.000104146 0.000306722 0.000130877 7.4828e-05 0.000112488 0.000351484 0.000184173 0.000100885 0.000192012 0.000187892 8.7779e-05 9.59974e-05 9.5158e-05 
0.000244532 0.000234628 0.00011505 0.000116079 0.000263831 0.000139612 0.00025778 0.000122943 0.000352036 0.000177373 0.000113213 0.000152423 0.000147296 0.000109732 9.83227e-05 9.54801e-05 
0.000181308 0.000121533 9.51895e-05 0.000164058 0.00020813 0.000116096 0.000111657 0.000218046 0.000176262 0.000123416 9.30236e-05 8.95297e-05 0.000102652 0.000109682 0.000111525 0.000102005 
0.000113386 0.000159315 0.000101958 0.000106993 0.000174357 9.41596e-05 7.64042e-05 0.000111365 0.000216684 0.00014525 0.000139239 7.11982e-05 0.000187909 0.000111876 0.000125932 8.14668e-05 
0.000164169 0.00017608 0.000221499 0.000122551 0.000159927 0.000107458 9.25587e-05 0.000136287 0.000203597 0.000158827 0.00014294 0.000125768 0.000139718 8.69853e-05 8.67989e-05 0.00012834 
6.90479e-05 5.7611e-05 6.28974e-05 9.65435e-05 0.000104088 2.85102e-05 3.22962e-05 6.19419e-05 0.000139749 1.14935e-05 8.51449e-06 9.41832e-05 5.90226e-05 1.62622e-05 1.08943e-05 3.30473e-05 
0.000113873 0.000174169 5.22625e-05 6.13329e-05 0.000120538 3.94639e-05 2.53912e-05 4.80232e-05 0.000183316 3.69758e-05 1.90755e-05 3.3757e-05 0.00017007 0.000116504 3.06623e-05 4.89497e-05 
1.82238e-05 3.56807e-05 4.63306e-05 6.16412e-05 4.88491e-05 3.23782e-05 5.42865e-05 0.000158388 2.23832e-05 1.3681e-05 2.05981e-05 1.09433e-05 3.62842e-06 6.29109e-06 6.79247e-06 2.32696e-05 
9.56027e-05 6.93458e-05 5.2045e-05 9.20379e-05 0.000111281 3.01128e-05 3.45835e-05 6.60641e-05 0.000175706 2.18297e-05 1.92066e-05 8.41903e-05 6.67712e-05 6.87054e-06 6.45933e-06 3.40241e-05 
0.000220326 0.000116964 9.64641e-05 0.000134378 0.000245229 9.78606e-05 9.08152e-05 0.000133036 0.000394955 0.000153448 0.00010617 0.000117939 0.000307227 9.68344e-05 7.87375e-05 0.000104288 
0.000230473 0.000112579 0.000102095 0.000131313 0.000220325 0.000100741 0.000131765 0.000150416 0.00026613 0.0001276 0.000154389 7.83236e-05 0.000173444 0.000167424 0.000126497 0.000172579 
