8.79862e-06 9.01995e-06 9.17388e-06 9.33565e-06 8.48386e-06 8.58509e-06 9.30911e-06 9.28036e-06 8.4459e-06 8.99567e-06 9.02756e-06 8.02652e-06 8.84379e-06 8.20556e-06 9.14285e-06 8.88422e-06 
5.29374e-05 4.59752e-05 4.82796e-05 4.96413e-05 4.42154e-05 4.96877e-05 4.39199e-05 5.02768e-05 5.52947e-05 4.87005e-05 5.32263e-05 5.31497e-05 6.79296e-05 5.12374e-05 4.43637e-05 4.83103e-05 
3.99476e-05 3.0917e-05 3.20428e-05 3.4406e-05 3.51063e-05 3.10302e-05 3.20068e-05 3.50122e-05 3.3746e-05 3.34322e-05 3.20166e-05 3.16943e-05 3.48318e-05 3.52826e-05 3.53514e-05 3.37852e-05 
4.32025e-05 4.49739e-05 4.15344e-05 4.51662e-05 4.00925e-05 4.39221e-05 4.71891e-05 3.92732e-05 4.60329e-05 4.12231e-05 4.36553e-05 4.52266e-05 4.14457e-05 4.96698e-05 4.79299e-05 4.57038e-05 
5.84189e-05 7.93091e-05 8.2915e-05 4.89021e-05 5.83894e-05 7.8343e-05 6.45342e-05 5.50748e-05 6.21581e-05 6.2155e-05 4.83289e-05 8.22106e-05 6.49317e-05 6.0525e-05 5.8212e-05 6.23043e-05 
4.60312e-05 4.69878e-05 4.15812e-05 4.79008e-05 5.23468e-05 4.23146e-05 4.42123e-05 5.14679e-05 5.1559e-05 4.30439e-05 4.64365e-05 3.96175e-05 4.67304e-05 4.15398e-05 4.40953e-05 4.48678e-05 
3.16708e-05 4.34963e-05 3.80597e-05 3.56935e-05 4.19862e-05 3.60338e-05 3.80526e-05 2.87867e-05 3.13826e-05 3.59055e-05 4.52163e-05 2.94177e-05 3.6953e-05 3.28756e-05 3.1806e-05 3.92889e-05 
4.27719e-05 3.62506e-05 4.03987e-05 3.61861e-05 3.65788e-05 3.68786e-05 3.86734e-05 4.49699e-05 3.94973e-05 4.21382e-05 4.24302e-05 4.00595e-05 4.10536e-05 3.68873e-05 4.12745e-05 3.60528e-05 
2.24756e-05 2.34328e-05 1.9336e-05 1.77333e-05 2.27696e-05 2.40632e-05 2.1965e-05 2.12325e-05 2.35768e-05 4.08031e-05 1.87806e-05 5.47572e-05 2.63608e-05 3.89202e-05 2.22553e-05 2.55998e-05 
2.19556e-05 2.43737e-05 2.27161e-05 2.05309e-05 2.30896e-05 2.47901e-05 2.34824e-05 1.86851e-05 2.03161e-05 1.90359e-05 1.57305e-05 2.26585e-05 2.23951e-05 1.47579e-05 2.61835e-05 2.69154e-05 
1.41595e-05 1.40617e-05 1.51625e-05 1.52714e-05 1.30476e-05 1.47614e-05 1.42749e-05 1.4271e-05 1.49509e-05 1.57377e-05 1.56118e-05 1.51413e-05 1.37758e-05 1.55372e-05 1.47348e-05 1.46258e-05 
1.86345e-05 1.99448e-05 1.72001e-05 2.00217e-05 1.8231e-05 1.93212e-05 1.90892e-05 1.9838e-05 2.02911e-05 2.05504e-05 2.04053e-05 1.76937e-05 1.92758e-05 1.88571e-05 1.82256e-05 1.94673e-05 
1.14411e-05 1.05244e-05 1.04803e-05 1.1291e-05 1.16286e-05 1.09146e-05 1.15611e-05 1.13276e-05 1.06405e-05 1.12638e-05 1.15334e-05 1.1143e-05 1.17886e-05 1.18465e-05 1.16295e-05 1.1544e-05 
1.07791e-05 9.6816e-06 9.80624e-06 9.64406e-06 1.02174e-05 9.92839e-06 1.00069e-05 9.45823e-06 8.97579e-06 9.93926e-06 1.02624e-05 9.78002e-06 1.07794e-05 9.38051e-06 1.00382e-05 9.4614e-06 
9.63592e-06 9.14563e-06 9.129e-06 9.66074e-06 9.1585e-06 9.88116e-06 1.02848e-05 9.23242e-06 9.92121e-06 9.40505e-06 9.57016e-06 9.40088e-06 9.44209e-06 1.01297e-05 1.02156e-05 9.67117e-06 
1.32756e-05 1.20769e-05 1.26256e-05 1.31322e-05 1.20404e-05 1.3264e-05 1.34096e-05 1.41201e-05 1.371e-05 1.31332e-05 1.27743e-05 1.33245e-05 1.36591e-05 1.3071e-05 1.31402e-05 1.41058e-05 
