1.3968e-17 1.10123e-05 2.76914e-05 5.97672e-05 0.000132303 7.54488e-05 7.85332e-05 6.55727e-05 4.4827e-05 8.19644e-05 5.65846e-05 0.000127685 1.00198e-05 4.82721e-05 3.62122e-05 1.08865e-05 
1.19308e-05 1.12701e-17 8.14451e-06 1.31794e-05 0.00014133 0.000167864 0.00017529 8.16735e-05 5.45063e-05 9.26959e-05 5.69456e-05 9.11718e-05 2.07755e-05 3.00796e-05 6.47373e-05 8.2236e-05 
3.44871e-05 8.31661e-06 1.28911e-17 8.50296e-06 0.000140767 0.000186395 0.00017056 0.000132132 5.96217e-05 8.366e-05 6.03981e-05 0.000106293 2.23801e-05 4.88487e-05 4.1792e-05 7.03265e-05 
7.23336e-05 1.30198e-05 8.53082e-06 1.41635e-17 8.75358e-05 0.000176682 0.000141476 0.00019323 0.000143638 4.02516e-05 4.28548e-05 8.09803e-05 3.72008e-05 5.54464e-05 4.40863e-05 6.11275e-05 
0.000156857 0.00014139 0.000111572 7.98761e-05 1.35062e-17 4.0227e-05 5.78348e-05 9.30616e-05 0.000159058 0.000155519 6.43807e-05 0.000100837 6.60016e-05 0.000103447 0.000104616 8.62263e-05 
6.93462e-05 0.00018574 0.000161528 0.000139664 3.46992e-05 1.90403e-17 6.36779e-06 9.67808e-06 1.55472e-05 0.000107666 9.16135e-05 4.9618e-05 8.81958e-05 9.34658e-05 6.53276e-05 3.85895e-05 
5.70634e-05 0.000159544 0.000152433 0.000155114 6.203e-05 6.31811e-06 1.38663e-17 6.25765e-06 1.42998e-05 0.000100433 8.41683e-05 4.84095e-05 9.72054e-05 7.89433e-05 4.70349e-05 5.20078e-05 
6.81782e-05 7.85237e-05 0.000114829 0.000192766 8.41574e-05 9.67684e-06 5.94755e-06 1.6827e-17 7.00463e-06 8.19316e-05 7.84325e-05 5.16677e-05 1.51452e-05 5.94607e-05 4.44376e-05 6.3333e-05 
5.35632e-05 6.6783e-05 8.07228e-05 0.000127333 0.000192354 1.63848e-05 1.21672e-05 7.14423e-06 8.42797e-18 1.18481e-05 8.81023e-05 6.58026e-05 1.19337e-05 0.000114183 4.94914e-05 6.46639e-05 
7.43108e-05 9.07444e-05 7.90549e-05 4.50945e-05 0.00014278 0.000126147 8.11944e-05 8.37338e-05 1.19177e-05 1.23818e-17 9.83459e-06 3.60299e-05 9.57753e-06 1.50532e-05 5.53923e-05 0.00011062 
5.56205e-05 3.63598e-05 5.97392e-05 3.94045e-05 5.54895e-05 9.51899e-05 0.000106067 9.00739e-05 8.81023e-05 9.92112e-06 1.43602e-17 1.85564e-05 1.0354e-05 1.26625e-05 1.12567e-05 2.49921e-05 
0.00010068 0.000101055 7.24535e-05 8.43111e-05 7.9279e-05 4.84015e-05 4.72598e-05 5.11054e-05 6.85223e-05 4.18335e-05 1.95307e-05 1.02087e-17 1.3857e-05 4.42085e-05 1.70193e-05 1.90052e-05 
1.10036e-05 2.13047e-05 2.11765e-05 3.83586e-05 6.76316e-05 6.24932e-05 0.000110514 2.15292e-05 1.25126e-05 9.35399e-06 1.14741e-05 1.20119e-05 8.22655e-18 6.03413e-06 6.94547e-06 1.42722e-05 
4.67684e-05 3.05961e-05 3.9188e-05 5.22612e-05 9.31296e-05 9.76061e-05 8.85426e-05 6.82023e-05 0.000120478 1.53381e-05 1.22541e-05 3.09186e-05 5.99408e-06 7.09598e-18 4.88561e-06 1.38359e-05 
3.61863e-05 4.78967e-05 5.53428e-05 9.21151e-05 9.68792e-05 5.84958e-05 7.41e-05 7.76685e-05 9.81954e-05 9.91553e-05 1.19945e-05 1.81994e-05 7.02287e-06 5.19897e-06 1.33394e-17 9.62006e-06 
1.15012e-05 8.67763e-05 0.000149188 0.000129337 9.82688e-05 4.43904e-05 4.52987e-05 5.04863e-05 5.39423e-05 0.000123409 2.42614e-05 1.85073e-05 1.41194e-05 1.30658e-05 9.4707e-06 9.49979e-18 
