3.03575e-06 1.32911e-05 3.81421e-05 9.47995e-06 1.08613e-05 8.33047e-05 6.47988e-05 1.34983e-05 8.08583e-06 1.27277e-05 2.81844e-05 1.35489e-05 9.68897e-06 0.00012508 1.01451e-05 8.40707e-06 
1.72247e-05 5.66935e-06 1.00886e-05 1.50037e-05 6.93885e-05 5.86565e-06 9.521e-06 1.66743e-05 2.83311e-05 9.20324e-06 1.18195e-05 6.1233e-05 3.68978e-05 5.25519e-05 1.54094e-05 1.69047e-05 
1.38668e-05 9.20783e-06 3.64025e-06 6.14963e-06 3.67137e-05 8.47762e-06 4.06047e-06 7.09101e-06 2.89753e-05 2.22232e-05 1.10041e-05 9.73988e-06 1.93874e-05 1.81952e-05 9.76863e-06 9.76938e-06 
1.01514e-05 1.41871e-05 1.0169e-05 5.10603e-06 8.27509e-06 1.61929e-05 9.01438e-06 4.42142e-06 7.08954e-06 0.000108589 4.55302e-05 8.71162e-06 3.05404e-05 9.38628e-05 2.43767e-05 1.26597e-05 
1.73653e-05 5.00186e-05 9.39003e-05 1.2688e-05 5.44104e-06 1.37084e-05 9.78187e-06 1.24404e-05 4.23875e-06 9.3338e-06 2.12966e-05 3.40861e-05 1.17055e-05 1.48763e-05 5.68378e-05 2.23485e-05 
1.34166e-05 5.89422e-06 6.27121e-06 9.00089e-06 1.13299e-05 4.27882e-06 6.29898e-06 1.00045e-05 6.18672e-05 3.29272e-06 5.52393e-06 1.05799e-05 1.06175e-05 9.22296e-06 9.48543e-06 1.09962e-05 
1.93638e-05 6.71456e-06 3.27001e-06 6.12703e-06 9.11396e-05 5.53056e-06 4.05069e-06 6.17019e-06 4.43254e-05 6.05968e-06 2.81397e-06 9.9235e-06 9.33189e-05 9.99871e-06 8.11114e-06 1.05489e-05 
1.35461e-05 1.59867e-05 1.20589e-05 8.45995e-06 1.15376e-05 6.08437e-05 9.20759e-06 4.81443e-06 9.15949e-06 0.00010583 3.08237e-05 6.82405e-06 0.000149722 3.28973e-05 1.4735e-05 1.66865e-05 
1.78819e-05 4.23626e-05 3.63887e-05 9.07016e-06 3.74186e-06 9.24027e-06 1.90889e-05 1.88149e-05 3.48498e-06 9.85319e-06 6.33472e-05 2.509e-05 9.92368e-06 2.13661e-05 3.76645e-05 1.62543e-05 
7.0229e-05 1.1499e-05 3.11691e-05 9.38e-06 1.05441e-05 5.28433e-06 7.65946e-06 3.58105e-05 8.44099e-06 3.58131e-06 8.08172e-06 2.51495e-05 4.90219e-05 1.24701e-05 1.64528e-05 3.00358e-05 
1.77687e-05 9.22228e-06 1.04162e-05 8.04296e-05 3.99606e-05 6.74102e-06 4.79547e-06 1.59463e-05 9.22688e-05 6.15467e-06 2.8443e-06 1.11718e-05 4.25019e-05 1.3005e-05 9.6046e-06 1.38167e-05 
1.04065e-05 0.0001232 1.96372e-05 1.04407e-05 2.34129e-05 1.67961e-05 1.59245e-05 1.18649e-05 3.84024e-05 4.02733e-05 1.26325e-05 5.4754e-06 1.46146e-05 3.72917e-05 2.87954e-05 1.69831e-05 
8.9847e-06 1.99927e-05 3.14449e-05 1.25554e-05 9.45377e-06 1.39892e-05 1.16589e-05 2.46151e-05 9.42313e-06 8.8598e-06 3.89535e-05 1.55175e-05 3.28446e-06 7.93186e-06 9.81278e-06 1.94965e-05 
1.10928e-05 1.48998e-05 1.54364e-05 4.97967e-05 1.21757e-05 7.18685e-06 9.5311e-06 7.99705e-05 1.19788e-05 9.97917e-06 1.38377e-05 8.99243e-05 7.23144e-06 4.60807e-06 7.02753e-06 1.27013e-05 
8.03721e-06 1.30219e-05 1.22234e-05 9.50821e-06 1.62891e-05 9.69913e-06 7.27704e-06 1.20882e-05 1.65044e-05 1.17199e-05 1.12366e-05 2.34313e-05 6.89611e-06 5.87804e-06 3.42548e-06 5.69738e-06 
6.63736e-06 1.89941e-05 1.38151e-05 8.91621e-06 1.47724e-05 1.88052e-05 1.5311e-05 1.55566e-05 2.16641e-05 4.21998e-05 2.02766e-05 1.36449e-05 7.0394e-05 0.000142373 6.00222e-06 3.43331e-06 
