1.03576e-05 1.03586e-05 1.04905e-05 1.06536e-05 1.05861e-05 1.10593e-05 1.02767e-05 1.00068e-05 1.07568e-05 1.10952e-05 1.13559e-05 1.12218e-05 1.08132e-05 1.07298e-05 1.0804e-05 1.00366e-05 
4.17713e-05 2.62854e-05 2.09198e-05 2.04992e-05 2.40556e-05 4.52555e-05 2.22281e-05 3.01699e-05 2.72832e-05 3.36225e-05 2.37596e-05 2.61616e-05 3.15671e-05 2.47393e-05 2.40778e-05 2.82252e-05 
1.50907e-05 1.83109e-05 1.53064e-05 1.52678e-05 1.46758e-05 1.68721e-05 1.54484e-05 1.46666e-05 1.55897e-05 1.42415e-05 1.54831e-05 1.65736e-05 1.35562e-05 1.40953e-05 1.64733e-05 1.6368e-05 
2.58218e-05 1.93144e-05 2.70761e-05 2.05804e-05 2.75742e-05 3.07076e-05 2.94971e-05 2.52045e-05 2.63379e-05 2.06115e-05 2.63653e-05 2.75723e-05 2.70756e-05 2.38044e-05 2.234e-05 2.62019e-05 
2.19473e-05 3.21791e-05 3.38238e-05 2.40357e-05 2.48821e-05 3.56855e-05 2.29834e-05 2.85087e-05 3.04494e-05 2.67666e-05 2.2346e-05 3.46669e-05 2.658e-05 3.97743e-05 2.10396e-05 3.11754e-05 
2.14509e-05 2.7834e-05 1.8455e-05 2.4117e-05 2.48308e-05 2.71771e-05 2.66094e-05 2.9687e-05 2.34207e-05 2.24745e-05 2.07606e-05 2.20464e-05 2.78013e-05 2.37389e-05 2.47914e-05 2.97643e-05 
1.50962e-05 1.57411e-05 1.58943e-05 1.64196e-05 1.78782e-05 1.7017e-05 1.66331e-05 1.56087e-05 1.73259e-05 1.6784e-05 1.69299e-05 1.59338e-05 1.68128e-05 1.5436e-05 1.64795e-05 1.55725e-05 
2.1307e-05 2.42104e-05 2.1761e-05 2.18504e-05 2.25596e-05 2.58084e-05 2.50342e-05 2.42847e-05 2.61492e-05 2.25647e-05 2.29377e-05 2.6752e-05 2.40318e-05 1.95198e-05 2.19782e-05 2.90497e-05 
3.18157e-05 2.73449e-05 2.73255e-05 2.71345e-05 4.73921e-05 4.11556e-05 3.0493e-05 2.75298e-05 3.07437e-05 3.05599e-05 2.92237e-05 3.0096e-05 2.19745e-05 3.3767e-05 3.37959e-05 4.70791e-05 
3.28211e-05 2.89978e-05 2.06354e-05 2.69168e-05 2.62964e-05 3.13679e-05 2.51684e-05 3.00199e-05 4.30146e-05 2.37834e-05 4.24169e-05 3.69191e-05 4.83551e-05 4.07711e-05 3.64236e-05 2.28388e-05 
1.56716e-05 1.55464e-05 1.64647e-05 1.49034e-05 1.5184e-05 1.76062e-05 1.58659e-05 1.66072e-05 1.7655e-05 1.69595e-05 1.58334e-05 1.63741e-05 1.70199e-05 1.59004e-05 1.71226e-05 1.70903e-05 
3.40172e-05 2.92381e-05 3.33639e-05 2.15381e-05 2.6167e-05 2.57245e-05 2.67702e-05 2.37682e-05 2.8038e-05 2.79911e-05 2.71311e-05 2.59188e-05 2.97502e-05 3.03892e-05 3.50638e-05 3.40792e-05 
1.21578e-05 1.15061e-05 1.16911e-05 1.27941e-05 1.14771e-05 1.17179e-05 1.19365e-05 1.14787e-05 1.09301e-05 1.19604e-05 1.10405e-05 1.17734e-05 1.17529e-05 1.14082e-05 1.19211e-05 1.16492e-05 
1.20939e-05 1.20757e-05 1.09604e-05 1.20922e-05 1.22595e-05 1.14633e-05 1.09761e-05 1.09963e-05 1.23683e-05 1.2744e-05 1.20534e-05 1.06256e-05 1.26395e-05 1.20995e-05 1.24921e-05 1.26881e-05 
9.42705e-06 9.25866e-06 9.45747e-06 9.65647e-06 9.34844e-06 1.03849e-05 9.84639e-06 9.54079e-06 9.27546e-06 8.98878e-06 9.75599e-06 9.38538e-06 8.62729e-06 9.33659e-06 9.18712e-06 9.28882e-06 
1.08738e-05 9.91811e-06 1.05168e-05 1.0434e-05 1.06915e-05 1.00112e-05 1.05492e-05 1.03264e-05 1.0341e-05 1.08614e-05 1.01538e-05 1.0251e-05 9.77001e-06 1.11432e-05 1.0955e-05 1.0444e-05 
