8.79862e-06 9.01995e-06 9.17388e-06 9.33565e-06 8.48386e-06 8.58509e-06 9.30911e-06 9.28036e-06 8.4459e-06 8.99567e-06 9.02756e-06 8.02652e-06 8.84379e-06 8.20556e-06 9.14285e-06 8.88422e-06 
7.56991e-05 6.98816e-05 7.62688e-05 6.91805e-05 5.76102e-05 7.45146e-05 6.27499e-05 7.5108e-05 8.70349e-05 6.8195e-05 6.45719e-05 7.58136e-05 6.79296e-05 6.2308e-05 6.35319e-05 4.83103e-05 
5.57539e-05 5.86206e-05 6.55963e-05 3.85578e-05 6.01346e-05 5.66041e-05 5.34064e-05 7.16782e-05 5.01884e-05 5.30879e-05 0.000102418 3.93982e-05 6.60438e-05 5.29858e-05 8.00443e-05 0.000157152 
4.32025e-05 4.81117e-05 4.82517e-05 5.377e-05 6.59104e-05 5.55197e-05 5.62601e-05 5.36237e-05 4.94555e-05 5.55125e-05 5.26985e-05 6.9396e-05 4.39717e-05 4.96698e-05 5.16903e-05 7.10322e-05 
5.84189e-05 7.93091e-05 8.2915e-05 4.89021e-05 5.83894e-05 7.8343e-05 6.45342e-05 5.50748e-05 6.21581e-05 6.2155e-05 4.83289e-05 8.22106e-05 6.49317e-05 6.0525e-05 5.8212e-05 6.23043e-05 
6.54479e-05 6.60794e-05 5.71376e-05 8.39241e-05 7.26717e-05 6.92883e-05 6.7378e-05 5.14679e-05 0.000116368 9.89347e-05 4.99533e-05 0.00012383 5.52473e-05 7.76554e-05 4.61505e-05 4.79291e-05 
6.99481e-05 8.06518e-05 6.59026e-05 6.98684e-05 5.90662e-05 6.53556e-05 5.87931e-05 6.20857e-05 5.99368e-05 4.61039e-05 5.61751e-05 5.20257e-05 5.37325e-05 6.4343e-05 5.49474e-05 5.63068e-05 
5.38443e-05 5.18256e-05 7.63252e-05 4.2617e-05 5.84926e-05 4.66242e-05 5.06104e-05 5.77748e-05 5.2298e-05 4.51608e-05 4.79267e-05 6.55177e-05 5.26741e-05 5.78293e-05 7.46092e-05 0.000112644 
2.24756e-05 2.34328e-05 1.9336e-05 1.77333e-05 2.27696e-05 2.40632e-05 2.1965e-05 2.12325e-05 2.35768e-05 4.08031e-05 1.87806e-05 5.47572e-05 2.63608e-05 3.89202e-05 2.22553e-05 2.55998e-05 
2.19556e-05 3.42101e-05 2.42723e-05 2.77972e-05 2.79692e-05 2.47901e-05 2.38723e-05 1.99604e-05 2.03161e-05 3.51259e-05 1.95891e-05 2.26585e-05 3.36925e-05 1.89872e-05 2.98838e-05 3.42232e-05 
3.64098e-05 4.62607e-05 4.06099e-05 4.19081e-05 2.69302e-05 2.38039e-05 3.98465e-05 3.67837e-05 3.67932e-05 2.89206e-05 2.29325e-05 4.68148e-05 3.33009e-05 2.47238e-05 4.68933e-05 4.01362e-05 
2.02569e-05 1.99448e-05 2.0729e-05 2.02603e-05 2.00615e-05 1.93212e-05 1.90892e-05 1.9838e-05 2.02911e-05 2.05504e-05 2.04053e-05 1.96856e-05 1.92758e-05 2.10442e-05 1.91085e-05 2.12538e-05 
1.14411e-05 1.05244e-05 1.04803e-05 1.1291e-05 1.16286e-05 1.09146e-05 1.15611e-05 1.13276e-05 1.06405e-05 1.12638e-05 1.15334e-05 1.1143e-05 1.17886e-05 1.18465e-05 1.16295e-05 1.1544e-05 
2.53283e-05 2.54693e-05 2.75607e-05 3.07157e-05 2.27661e-05 3.25922e-05 3.83314e-05 2.87467e-05 2.90376e-05 2.19491e-05 3.01523e-05 2.94691e-05 2.33626e-05 2.69006e-05 3.21982e-05 3.48021e-05 
2.622e-05 2.62051e-05 2.71622e-05 2.69383e-05 2.38024e-05 3.176e-05 2.90351e-05 2.40047e-05 2.54282e-05 3.24199e-05 2.18183e-05 2.79515e-05 2.95725e-05 2.69136e-05 2.53426e-05 2.24296e-05 
1.32756e-05 1.20769e-05 1.26256e-05 1.31322e-05 1.20404e-05 1.3264e-05 1.34096e-05 1.41201e-05 1.371e-05 1.31332e-05 1.27743e-05 1.33245e-05 1.36591e-05 1.3071e-05 1.31402e-05 1.41058e-05 
