4.2931e-05 3.9998e-05 4.58145e-05 5.37964e-05 0.000122254 0.00010231 4.75333e-05 0.000107115 9.71136e-05 3.70777e-05 0.000230744 0.000119437 0.000190057 5.6195e-05 0.000140898 4.95794e-05 
9.36919e-05 6.43402e-05 7.18163e-05 7.00106e-05 0.00011401 7.546e-05 0.000149397 9.26683e-05 9.92955e-05 7.78075e-05 8.81154e-05 9.85476e-05 9.6625e-05 5.39541e-05 9.82887e-05 6.45026e-05 
0.000181672 8.66726e-05 0.00010568 7.93581e-05 0.000154352 7.33747e-05 7.7696e-05 0.00011073 0.000133837 7.8199e-05 9.61949e-05 0.000124475 0.00012267 8.27347e-05 8.397e-05 6.1096e-05 
0.000146059 8.32079e-05 0.000115691 0.000120782 8.76442e-05 8.66416e-05 0.000116172 0.00012511 0.000121687 5.09637e-05 4.76566e-05 0.000145206 0.000127421 0.000123008 6.13651e-05 9.25515e-05 
0.000135181 0.000123484 9.64139e-05 7.30885e-05 8.67469e-05 0.00013634 0.000144845 0.000133397 0.000203125 6.81933e-05 7.01301e-05 8.2559e-05 0.000106225 7.75428e-05 0.000105834 8.41286e-05 
8.7721e-05 0.00029913 0.000230669 0.000164264 0.000131206 9.90165e-05 0.00011278 0.000121204 0.000116485 0.00012594 0.000108265 0.000117422 0.000219352 7.43976e-05 6.74375e-05 4.02765e-05 
0.000108149 0.000289369 0.000388125 0.000135378 0.000158464 9.05326e-05 9.00065e-05 9.84797e-05 0.000150142 0.000112497 0.00013649 0.000140803 0.000195701 7.53252e-05 8.38757e-05 6.45284e-05 
5.70561e-05 9.84473e-05 9.3254e-05 0.000109067 0.000167563 5.69027e-05 5.40674e-05 5.48471e-05 7.32535e-05 8.32578e-05 9.9039e-05 0.00010678 0.00011721 7.80088e-05 5.46922e-05 4.11025e-05 
3.45459e-05 6.24908e-05 9.81295e-05 7.7499e-05 0.000154158 2.47217e-05 1.72513e-05 1.532e-05 2.07771e-05 4.91467e-05 0.000146046 6.66467e-05 0.000232609 7.3558e-05 4.5513e-05 2.46204e-05 
8.6106e-05 7.77125e-05 9.98116e-05 0.000183057 0.000300558 8.54926e-05 8.357e-05 6.02334e-05 9.32209e-05 8.48192e-06 9.67033e-05 0.000187219 0.000172648 8.15557e-05 9.23768e-05 7.89624e-05 
5.62695e-05 7.74973e-05 4.18633e-05 6.2431e-05 6.40809e-05 7.97128e-05 6.92003e-05 9.70423e-05 6.69171e-05 8.73321e-06 3.76125e-06 0.000108346 0.000107067 1.10505e-05 7.55819e-06 1.98661e-05 
0.000124402 0.000122282 0.000156978 0.000117687 8.05775e-05 5.66648e-05 7.47443e-05 0.000109058 9.83711e-05 3.24119e-05 1.68046e-05 6.03119e-05 0.00014566 2.03284e-05 1.64941e-05 1.40589e-05 
1.81891e-05 9.07312e-06 1.15585e-05 1.85173e-05 3.94282e-05 1.94441e-05 1.30228e-05 1.25139e-05 1.3904e-05 1.23804e-05 9.79296e-06 1.18528e-05 3.12871e-06 6.0633e-06 7.25874e-06 1.17291e-05 
6.19425e-05 3.54752e-05 1.98095e-05 2.45503e-05 7.79985e-05 4.50057e-05 7.15589e-05 7.15873e-05 8.71279e-05 1.32701e-05 1.45703e-05 6.07807e-05 6.36345e-05 3.33855e-06 5.54284e-06 1.00666e-05 
0.000140916 0.000117178 0.000189949 0.000165885 0.000218866 6.71089e-05 0.000100945 0.00015664 0.000146784 8.26442e-05 0.00010833 0.00013883 0.00029048 6.36554e-05 2.92233e-05 1.33271e-05 
7.02321e-05 8.84084e-05 0.000123183 0.000212329 0.000239531 6.63222e-05 6.04473e-05 0.000100804 0.000127796 7.24221e-05 0.00017251 0.000120694 0.000179624 0.000108806 5.23349e-05 1.33784e-05 
