1.63553e-17 1.19308e-05 3.44871e-05 7.23336e-05 0.000156857 6.93462e-05 5.70634e-05 7.64252e-05 0.000154175 7.43108e-05 0.000209183 0.00013504 0.000252694 4.67684e-05 3.61863e-05 1.15012e-05 
6.03059e-05 1.36525e-17 1.18498e-05 3.56915e-05 0.00014139 0.000193576 0.000178762 0.000185735 0.000148223 9.07444e-05 6.77607e-05 0.000101055 0.000102998 6.10663e-05 4.78967e-05 8.67763e-05 
9.45953e-05 8.14451e-06 1.28911e-17 1.312e-05 0.00019248 0.000173626 0.00020087 0.000172077 0.000112036 7.90549e-05 0.000109454 7.24535e-05 0.000144491 6.60819e-05 5.53428e-05 0.000149188 
0.000125256 1.31794e-05 8.50296e-06 1.41635e-17 7.98761e-05 0.000139664 0.000168841 0.000194887 0.000127333 4.50945e-05 3.94045e-05 0.000132775 0.000130277 6.55075e-05 9.21151e-05 0.000129337 
0.000168421 0.000165777 0.000140767 8.75358e-05 1.52846e-17 3.46992e-05 6.203e-05 8.41574e-05 0.000210108 0.000186417 5.54895e-05 7.9279e-05 0.000162446 9.31296e-05 9.68792e-05 9.82688e-05 
8.6164e-05 0.000167864 0.000188074 0.000176682 0.000203515 2.00324e-17 6.31811e-06 2.29533e-05 0.000122533 0.000150948 9.51899e-05 7.16366e-05 0.000201612 0.000112975 5.84958e-05 5.15756e-05 
0.000104399 0.00017529 0.00017056 0.000164481 0.000237501 7.03847e-06 1.38663e-17 1.63913e-05 0.000105073 0.000185859 0.000119772 8.60263e-05 0.000137714 0.000142278 7.41e-05 4.52987e-05 
6.55727e-05 8.16735e-05 0.000132132 0.00019323 0.000178532 9.67808e-06 6.25765e-06 1.6827e-17 5.06367e-05 8.37338e-05 9.74094e-05 0.000106471 0.000125326 0.000116805 7.76685e-05 5.04863e-05 
4.4827e-05 5.45063e-05 5.96217e-05 0.000175289 0.000159058 1.55472e-05 1.42998e-05 7.00463e-06 8.42797e-18 1.19177e-05 9.42957e-05 6.85223e-05 0.000103133 0.000215581 9.81954e-05 5.39423e-05 
9.10356e-05 0.000115008 0.000113644 8.09637e-05 0.000155519 0.000107666 0.000100433 8.34517e-05 7.2985e-05 1.23818e-17 8.77399e-05 0.000154402 0.000163537 9.30812e-05 9.91553e-05 0.000123409 
5.65846e-05 5.69456e-05 6.03981e-05 8.79656e-05 0.000125536 9.92865e-05 8.41683e-05 7.84325e-05 8.81023e-05 9.83459e-06 1.53718e-17 1.95307e-05 5.59286e-05 1.22541e-05 1.19945e-05 2.42614e-05 
0.000141051 9.11718e-05 0.000125958 9.66458e-05 0.000100837 4.9618e-05 4.84095e-05 5.16677e-05 0.000134275 3.60299e-05 2.01124e-05 1.22773e-17 0.00017018 0.000156544 1.81994e-05 1.85073e-05 
1.00198e-05 2.07755e-05 2.23801e-05 3.72008e-05 6.60016e-05 8.81958e-05 9.72054e-05 1.51452e-05 1.19337e-05 9.57753e-06 1.0354e-05 1.3857e-05 8.40778e-18 5.99408e-06 7.02287e-06 1.41194e-05 
4.82721e-05 3.00796e-05 4.88487e-05 5.54464e-05 0.000103447 9.34658e-05 7.89433e-05 5.94607e-05 0.000114183 1.50532e-05 1.53773e-05 4.42085e-05 6.58616e-05 7.09598e-18 5.19897e-06 1.30658e-05 
0.000161841 0.000136199 0.000200334 0.000163695 0.000146979 7.81453e-05 7.21209e-05 9.99266e-05 0.000157359 0.000156399 9.74157e-05 6.0833e-05 0.000333165 7.65152e-05 1.37321e-17 1.27021e-05 
7.74526e-05 8.71476e-05 0.000203306 0.000268762 0.000154704 4.3859e-05 5.20078e-05 7.96343e-05 0.000146485 0.000124077 0.000149447 9.02069e-05 0.00017425 0.000141821 9.62006e-06 1.89634e-17 
