3.17032e-06 1.08897e-05 2.47163e-05 1.08523e-05 1.39951e-05 1.30353e-05 2.81963e-05 5.02101e-05 1.61115e-05 1.28477e-05 1.67942e-05 1.74826e-05 9.1886e-06 9.95241e-06 1.22695e-05 9.19094e-06 
0.000113599 2.98205e-05 3.47228e-05 6.83893e-05 0.000177945 4.01166e-05 4.34852e-05 4.66098e-05 0.000203612 4.51793e-05 2.77609e-05 0.000181809 0.000172165 6.03579e-05 4.54088e-05 5.43728e-05 
0.000110416 3.79662e-05 5.13713e-05 4.58171e-05 0.000164371 5.9905e-05 4.03719e-05 4.57291e-05 0.000183468 0.000118443 4.433e-05 3.71904e-05 9.98564e-05 4.68202e-05 4.7508e-05 4.7277e-05 
8.69896e-05 5.77258e-05 6.63937e-05 5.24067e-05 5.36911e-05 6.11919e-05 9.38038e-05 5.46627e-05 7.56174e-05 7.40411e-05 5.95801e-05 4.7505e-05 7.24706e-05 5.18937e-05 0.000117764 4.90658e-05 
5.74918e-05 7.3353e-05 5.99805e-05 5.20234e-05 7.25816e-05 7.18977e-05 4.89675e-05 5.55879e-05 4.76716e-05 5.53494e-05 6.88513e-05 4.23269e-05 5.51186e-05 7.18579e-05 8.903e-05 5.42916e-05 
9.96158e-05 5.57024e-05 6.31685e-05 0.000161143 0.000160596 4.85561e-05 4.70346e-05 9.48416e-05 0.000105224 5.20958e-05 2.91882e-05 5.67977e-05 7.71294e-05 3.84429e-05 4.86809e-05 8.77076e-05 
0.000126394 3.66463e-05 3.98135e-05 0.000114897 0.000200185 2.73209e-05 3.97213e-05 9.53151e-05 0.00017006 3.73684e-05 3.2406e-05 4.45695e-05 0.000121827 2.85739e-05 3.31925e-05 4.1608e-05 
0.000148437 3.17084e-05 2.92257e-05 8.45156e-05 0.000168786 0.000128993 2.55517e-05 7.90657e-05 0.000237666 5.61267e-05 2.26348e-05 3.07212e-05 0.000160253 0.000155556 2.87611e-05 4.11299e-05 
7.8951e-06 1.37098e-05 1.45092e-05 7.54232e-06 5.44109e-06 1.39143e-05 0.000177516 7.65651e-06 4.52764e-06 1.08627e-05 9.8141e-05 1.33963e-05 1.04654e-05 1.50217e-05 3.96145e-05 1.02667e-05 
5.07049e-05 9.11313e-06 9.64602e-06 8.97429e-05 6.72204e-05 3.66003e-06 6.4446e-06 4.80767e-05 8.74851e-05 4.05557e-06 5.86997e-06 3.77249e-05 4.84484e-05 1.15343e-05 1.27838e-05 5.92907e-05 
6.51566e-05 1.24207e-05 7.99883e-06 9.54698e-05 7.53459e-05 6.72573e-06 3.96998e-06 6.36905e-05 0.000133556 1.06794e-05 3.27632e-06 2.74546e-05 5.26191e-05 1.26569e-05 9.75138e-06 1.8147e-05 
6.37249e-05 7.69853e-05 1.04969e-05 1.16598e-05 0.000102619 1.6212e-05 1.20425e-05 7.90353e-06 0.000109218 4.71536e-05 1.7658e-05 7.8299e-06 8.09144e-05 8.60601e-05 2.06394e-05 2.34376e-05 
1.15844e-05 1.64754e-05 1.79249e-05 1.91428e-05 2.02983e-05 1.0032e-05 9.76461e-06 1.6867e-05 1.55888e-05 1.08323e-05 1.79666e-05 1.12465e-05 3.27575e-06 7.05093e-06 7.48921e-06 0.000167443 
0.000175247 2.02084e-05 1.68082e-05 9.09719e-05 0.000116701 9.63147e-06 1.0549e-05 6.76653e-05 9.26953e-05 1.68377e-05 1.86094e-05 6.31634e-05 6.54827e-05 5.42657e-06 5.94727e-06 1.94167e-05 
9.91312e-05 2.03956e-05 1.61796e-05 5.97914e-05 0.000112541 1.15484e-05 8.5814e-06 5.20405e-05 0.000115108 2.72727e-05 1.0928e-05 3.26172e-05 8.33663e-05 9.01207e-06 2.79553e-06 1.65919e-05 
5.21357e-05 2.20057e-05 1.24017e-05 2.44318e-05 5.80933e-05 1.64812e-05 1.21107e-05 2.19458e-05 7.88217e-05 2.11057e-05 1.37898e-05 1.81784e-05 5.20138e-05 1.28296e-05 6.64869e-06 2.99923e-06 
