9.30916e-18 1.13612e-05 4.51406e-05 2.83618e-05 0.000170225 3.70117e-05 2.99835e-05 3.26357e-05 3.39926e-05 5.00107e-05 5.9954e-05 3.84224e-05 1.56099e-05 6.19739e-05 3.67115e-05 8.57946e-06 
9.84095e-06 1.45791e-17 9.42e-06 1.36099e-05 0.000126497 6.25064e-05 4.22565e-05 4.25651e-05 3.37678e-05 2.92564e-05 6.22779e-05 5.20918e-05 1.39346e-05 4.05487e-05 0.000132786 1.77792e-05 
3.03281e-05 9.39344e-06 1.40751e-17 6.54967e-06 5.13853e-05 0.000200018 0.000235846 6.91781e-05 4.1961e-05 2.44533e-05 3.57087e-05 6.9236e-05 1.51594e-05 2.90586e-05 3.84704e-05 0.000142574 
2.47673e-05 1.37447e-05 6.70743e-06 1.78846e-17 3.0186e-05 0.000191003 9.65136e-05 5.02725e-05 5.95904e-05 5.13206e-05 3.58089e-05 7.18124e-05 1.91094e-05 2.71568e-05 3.64576e-05 3.70546e-05 
0.000170225 5.8129e-05 3.42142e-05 6.65033e-05 1.74599e-17 4.34513e-05 8.19937e-05 0.000100717 6.69968e-05 3.54548e-05 3.00153e-05 3.83432e-05 0.000212439 2.61276e-05 3.19381e-05 2.52655e-05 
4.56808e-05 6.30028e-05 0.00019026 0.00023334 5.53905e-05 1.33685e-17 6.03584e-06 1.38916e-05 2.18697e-05 5.38791e-05 5.58167e-05 2.60009e-05 2.60308e-05 6.26925e-05 3.76175e-05 2.43409e-05 
3.40437e-05 3.63786e-05 0.000110559 9.9118e-05 7.38868e-05 5.83334e-06 1.51759e-17 6.13773e-06 8.46011e-06 3.76988e-05 0.000116419 2.38179e-05 1.59149e-05 8.65596e-05 4.36672e-05 2.56144e-05 
3.05075e-05 3.72457e-05 5.68837e-05 5.68877e-05 6.92306e-05 1.33755e-05 6.1789e-06 1.32753e-17 6.02328e-06 2.43203e-05 0.000109505 3.74899e-05 1.22345e-05 8.27687e-05 5.7031e-05 3.50803e-05 
3.56291e-05 4.19186e-05 4.08285e-05 5.99682e-05 7.95725e-05 1.78463e-05 8.6323e-06 6.13281e-06 1.24932e-17 9.74232e-06 6.79328e-05 4.93926e-05 1.90187e-05 9.9858e-05 4.56712e-05 5.03012e-05 
4.39329e-05 2.76041e-05 2.11296e-05 5.78197e-05 3.17886e-05 6.29032e-05 5.42205e-05 2.64072e-05 9.48555e-06 1.09167e-17 7.84684e-06 7.01718e-05 2.29487e-05 1.71507e-05 3.47831e-05 0.00013908 
6.75123e-05 5.28912e-05 5.28472e-05 4.01729e-05 2.52839e-05 4.3729e-05 0.000107988 9.73077e-05 7.13401e-05 7.78229e-06 1.06826e-17 2.17703e-05 5.22581e-05 1.23083e-05 1.07212e-05 1.67778e-05 
3.88884e-05 5.46797e-05 6.30102e-05 7.69529e-05 3.9868e-05 2.5319e-05 2.4348e-05 3.09811e-05 3.92922e-05 5.21499e-05 2.43356e-05 1.19328e-17 1.25167e-05 4.50503e-05 1.34658e-05 1.66086e-05 
1.47386e-05 1.05719e-05 1.25646e-05 1.86021e-05 0.000119413 3.41612e-05 2.46683e-05 1.48618e-05 1.31621e-05 1.50654e-05 4.76713e-05 1.25198e-05 8.22515e-18 5.93003e-06 7.42242e-06 1.37304e-05 
5.60322e-05 3.94664e-05 2.77978e-05 2.82068e-05 3.23186e-05 3.85082e-05 7.09334e-05 6.16064e-05 5.71383e-05 1.74471e-05 1.28093e-05 2.53864e-05 6.22455e-06 1.27495e-17 5.4131e-06 1.11518e-05 
3.33203e-05 0.000116319 2.91182e-05 3.78302e-05 3.06168e-05 3.51793e-05 4.24993e-05 4.55682e-05 3.79428e-05 4.16036e-05 1.09777e-05 1.40997e-05 7.99394e-06 5.49364e-06 7.32428e-18 9.25928e-06 
8.48721e-06 1.869e-05 0.000141572 4.65454e-05 2.47724e-05 2.80385e-05 2.63861e-05 3.29996e-05 3.94959e-05 0.000106283 2.5205e-05 1.76068e-05 1.28274e-05 9.6161e-06 9.3206e-06 1.55084e-17 
