6.76754e-06 1.22891e-05 4.56481e-05 1.06823e-05 8.02341e-06 1.94282e-05 0.00012354 1.54724e-05 7.80113e-06 1.12816e-05 4.44673e-05 1.23068e-05 6.41426e-06 6.4402e-05 1.51962e-05 1.52885e-05 
1.58502e-05 8.65166e-06 1.65789e-05 5.39944e-05 2.13654e-05 6.75366e-06 8.29136e-06 6.73687e-05 1.13695e-05 6.56425e-06 9.33551e-06 2.96256e-05 8.66548e-06 9.65641e-06 9.94804e-06 2.29258e-05 
9.93697e-06 8.52249e-06 4.24599e-06 6.06125e-06 0.000101291 9.75633e-06 5.9821e-06 6.34156e-06 1.20375e-05 9.57466e-06 6.47372e-06 7.7861e-06 1.39633e-05 1.148e-05 7.56327e-06 8.08131e-06 
9.05554e-06 1.50679e-05 7.8668e-06 4.50827e-06 1.15627e-05 0.000126369 9.45366e-06 6.59712e-06 1.00333e-05 8.5432e-05 1.83144e-05 8.90565e-06 5.89472e-05 4.87023e-05 1.0485e-05 9.05461e-06 
1.42129e-05 3.94902e-05 4.19314e-05 1.29501e-05 4.74466e-06 4.83396e-05 1.50773e-05 2.03949e-05 4.95342e-06 1.22994e-05 0.000106159 2.32961e-05 8.88129e-06 1.60324e-05 2.14575e-05 2.17797e-05 
1.75496e-05 1.97746e-05 1.91071e-05 9.77358e-05 6.55322e-06 5.82719e-06 7.77329e-06 0.000107477 8.37803e-06 5.49424e-06 7.98841e-06 5.11908e-05 1.30406e-05 1.07294e-05 1.16857e-05 3.60468e-05 
9.45867e-06 7.27437e-06 4.73097e-06 6.20409e-06 4.17283e-05 6.25474e-06 4.76109e-06 6.18469e-06 6.26648e-05 5.86059e-06 4.25502e-06 9.07153e-06 1.06576e-05 9.24138e-06 8.63738e-06 9.3581e-06 
8.06192e-06 1.69617e-05 7.70456e-06 4.14049e-06 9.71755e-06 6.13027e-05 1.02492e-05 6.11581e-06 7.27045e-06 0.000116802 1.70978e-05 7.41912e-06 2.1569e-05 1.66181e-05 1.20785e-05 8.01279e-06 
2.08668e-05 4.95664e-05 0.000138886 1.31158e-05 4.09959e-06 1.58501e-05 1.40851e-05 1.56258e-05 4.38631e-06 9.71336e-06 4.11962e-05 2.17843e-05 8.39978e-06 1.24567e-05 1.66202e-05 2.3763e-05 
1.84868e-05 8.40684e-06 1.18733e-05 7.88192e-05 8.32721e-06 6.63732e-06 7.91519e-06 1.74755e-05 1.61182e-05 4.48014e-06 6.44532e-06 1.36593e-05 1.42259e-05 1.02725e-05 1.1756e-05 1.52663e-05 
1.21294e-05 8.12895e-06 5.32299e-06 9.38196e-06 8.4895e-05 6.61884e-06 5.53585e-06 8.15679e-06 6.50052e-05 6.08366e-06 4.22769e-06 8.28022e-06 1.84498e-05 8.73577e-06 7.55108e-06 7.80122e-06 
7.49124e-06 1.45897e-05 1.02569e-05 6.1589e-06 1.80645e-05 2.5963e-05 9.164e-06 8.09868e-06 1.10848e-05 2.90744e-05 1.47556e-05 9.23144e-06 1.40607e-05 2.25492e-05 1.11784e-05 1.00346e-05 
9.27159e-06 2.92424e-05 3.43782e-05 3.81156e-05 7.57961e-06 1.09772e-05 1.4532e-05 2.9964e-05 7.77649e-06 9.52996e-06 1.47363e-05 1.86765e-05 5.71999e-06 9.98561e-06 1.24699e-05 2.31697e-05 
1.35537e-05 1.33872e-05 1.93055e-05 0.000144671 1.14985e-05 7.12328e-06 7.90599e-06 2.6283e-05 1.02263e-05 5.95067e-06 9.59405e-06 1.91997e-05 8.74679e-06 5.23669e-06 8.26676e-06 1.46517e-05 
7.1804e-06 8.98357e-06 6.61387e-06 7.33855e-06 0.000108004 8.39327e-06 5.04624e-06 9.3704e-06 1.38447e-05 9.02627e-06 6.55936e-06 8.94594e-06 1.0504e-05 7.46652e-06 4.97146e-06 6.99251e-06 
5.64218e-06 1.66767e-05 1.18286e-05 9.90312e-06 1.11475e-05 1.86579e-05 1.05794e-05 1.60152e-05 1.06244e-05 6.00846e-05 2.9638e-05 1.15833e-05 3.15834e-05 9.29652e-05 8.29854e-06 7.17482e-06 
