1.31963e-05 4.20041e-05 6.10496e-05 3.51318e-05 1.3105e-05 3.29617e-05 5.30582e-05 5.12598e-05 2.36616e-05 0.000109387 6.03113e-05 5.52344e-05 1.19477e-05 4.2016e-05 5.45218e-05 3.76483e-05 
8.23125e-06 4.4706e-05 6.02285e-05 7.03168e-05 1.35308e-05 2.84612e-05 5.84987e-05 6.59156e-05 5.29939e-05 4.77853e-05 4.77394e-05 7.32714e-05 9.054e-06 2.93003e-05 5.22131e-05 5.36101e-05 
1.59762e-05 3.19337e-05 6.38542e-05 5.62163e-05 1.54384e-05 2.93912e-05 5.31565e-05 9.69705e-05 1.00333e-05 5.17192e-05 3.65364e-05 6.54238e-05 1.2348e-05 2.07905e-05 2.47644e-05 5.91551e-05 
2.14937e-05 2.84662e-05 3.57578e-05 6.56877e-05 3.67043e-05 2.93957e-05 5.00016e-05 5.93109e-05 6.40896e-05 2.98886e-05 2.80373e-05 4.962e-05 2.30115e-05 2.38837e-05 2.41099e-05 3.42546e-05 
6.23711e-05 3.02969e-05 2.63122e-05 3.03225e-05 7.43516e-05 3.80292e-05 2.38322e-05 2.19835e-05 0.000174769 2.73054e-05 3.13715e-05 2.36538e-05 4.95382e-05 2.28801e-05 7.01053e-05 7.28569e-05 
1.29572e-05 6.72509e-05 5.17313e-05 4.91721e-05 2.1114e-05 8.97113e-05 4.99153e-05 4.38948e-05 1.71868e-05 6.24327e-05 7.38928e-05 5.33865e-05 2.31912e-05 0.000111095 6.84715e-05 2.31268e-05 
9.45286e-06 8.80275e-05 6.61889e-05 4.33778e-05 1.15939e-05 0.000108468 5.83219e-05 6.03052e-05 1.40221e-05 6.32514e-05 4.53764e-05 4.8906e-05 1.42321e-05 7.85263e-05 6.32577e-05 2.42749e-05 
7.05472e-06 9.73862e-05 6.75567e-05 5.41394e-05 7.40608e-06 0.000128071 8.07291e-05 6.29595e-05 8.00981e-06 8.35612e-05 6.88212e-05 6.24054e-05 1.30618e-05 0.00010011 6.21809e-05 3.05069e-05 
5.88817e-06 7.87176e-05 6.78512e-05 6.00928e-05 6.98301e-06 6.1942e-05 7.20917e-05 5.93727e-05 5.99117e-06 6.91565e-05 7.40566e-05 5.67982e-05 9.86378e-06 7.18226e-05 5.38471e-05 4.55074e-05 
8.13207e-06 8.59646e-06 3.50581e-05 3.88111e-05 1.30306e-05 7.45757e-06 2.62905e-05 3.51561e-05 1.29244e-05 8.12556e-06 1.39939e-05 4.25334e-05 9.08497e-06 1.25007e-05 3.77132e-05 6.18661e-05 
3.82981e-05 9.1092e-06 8.83982e-06 1.81772e-05 5.47027e-05 7.2976e-06 4.80875e-06 1.95561e-05 2.76361e-05 6.10956e-06 4.58801e-06 1.27135e-05 4.19474e-05 9.482e-06 7.58635e-06 1.83088e-05 
9.41786e-06 5.38026e-05 1.21765e-05 1.24396e-05 1.59512e-05 6.25597e-05 1.5368e-05 1.07037e-05 1.62175e-05 2.52475e-05 1.29896e-05 1.06452e-05 1.30129e-05 2.49222e-05 1.11182e-05 1.75129e-05 
8.54325e-06 1.1499e-05 1.58306e-05 2.74523e-05 9.89074e-06 1.17991e-05 1.04108e-05 2.11505e-05 1.12932e-05 8.3185e-06 1.61038e-05 1.69235e-05 5.24777e-06 9.00736e-06 8.09463e-06 1.33735e-05 
1.54828e-05 8.19335e-06 1.14836e-05 1.38777e-05 1.53515e-05 8.84906e-06 9.02714e-06 1.57049e-05 1.29943e-05 9.63634e-06 8.43642e-06 1.40709e-05 7.43646e-06 5.93231e-06 6.81421e-06 1.5565e-05 
1.29326e-05 1.1041e-05 7.90754e-06 8.20599e-06 1.80331e-05 1.15499e-05 8.40207e-06 8.95514e-06 4.44993e-05 1.16279e-05 8.3141e-06 8.8233e-06 1.31895e-05 7.1108e-06 5.57098e-06 6.43169e-06 
9.72878e-06 5.26354e-05 1.31966e-05 1.4769e-05 1.28433e-05 3.07823e-05 4.14534e-05 1.3756e-05 1.44413e-05 2.24541e-05 1.85546e-05 1.14377e-05 1.34064e-05 1.31516e-05 1.46913e-05 6.08922e-06 
