6.15415e-06 9.59476e-06 3.56566e-05 1.0808e-05 1.64743e-05 0.000103094 4.76607e-05 1.49403e-05 1.18539e-05 1.2165e-05 1.42658e-05 1.24256e-05 8.11997e-06 1.52312e-05 1.11639e-05 8.84907e-06 
0.000155842 3.04654e-05 3.59888e-05 0.000174443 0.000158117 3.28735e-05 3.65622e-05 0.000204207 0.000127055 5.99419e-05 3.37968e-05 0.000212873 0.000110079 7.01357e-05 4.84685e-05 0.000225097 
7.66503e-05 2.95662e-05 3.91057e-05 5.33918e-05 0.000139136 4.2092e-05 3.63716e-05 4.27237e-05 9.70367e-05 0.000126072 3.93902e-05 5.45061e-05 0.000105371 9.72704e-05 5.23599e-05 4.32739e-05 
4.48883e-05 5.82889e-05 5.61164e-05 4.5545e-05 0.000120371 8.32195e-05 6.08412e-05 8.56836e-05 6.73097e-05 0.000113409 5.72939e-05 5.71999e-05 8.70607e-05 7.86858e-05 6.35017e-05 5.49969e-05 
7.2925e-05 0.000141211 0.000129304 7.07568e-05 5.25674e-05 9.00788e-05 4.49883e-05 6.1824e-05 6.3728e-05 6.69841e-05 4.37197e-05 7.1449e-05 9.24762e-05 8.7349e-05 6.48392e-05 6.46491e-05 
0.000120056 3.50079e-05 7.05458e-05 9.17998e-05 9.79363e-05 4.40982e-05 4.07801e-05 9.36481e-05 0.000174641 7.14082e-05 2.94476e-05 0.000160614 0.00011148 4.84922e-05 4.60438e-05 9.86502e-05 
0.000101081 3.65381e-05 4.69933e-05 0.000121951 0.000197293 2.57634e-05 3.38973e-05 9.84712e-05 0.000187112 6.42494e-05 3.86531e-05 9.14166e-05 0.000155778 4.25964e-05 3.46064e-05 4.85416e-05 
0.000145165 2.54714e-05 3.08444e-05 5.11275e-05 0.000150136 0.00012322 2.93733e-05 7.29436e-05 0.000207124 7.90177e-05 2.90411e-05 6.88433e-05 0.000118601 8.11569e-05 2.94766e-05 4.9965e-05 
1.58204e-05 1.60925e-05 3.65845e-05 7.32604e-06 7.05471e-06 1.42732e-05 1.68214e-05 9.62872e-06 5.11591e-06 7.70636e-06 4.85402e-05 1.41271e-05 1.05907e-05 2.5689e-05 2.04143e-05 0.000248269 
5.02955e-05 7.48964e-06 1.17733e-05 6.08947e-05 7.83008e-05 5.12075e-06 6.98151e-06 7.77156e-05 7.91879e-05 1.08126e-05 6.91002e-06 6.45007e-05 4.33452e-05 1.34936e-05 1.41779e-05 0.00010319 
5.05279e-05 9.44159e-06 1.06534e-05 4.39593e-05 7.3931e-05 7.69407e-06 5.48842e-06 7.33329e-05 8.26709e-05 2.44584e-05 3.8775e-06 9.15409e-05 8.30231e-05 1.38702e-05 1.03383e-05 2.26344e-05 
6.27741e-05 1.70875e-05 1.22257e-05 1.09919e-05 9.58151e-05 2.30569e-05 1.22595e-05 1.04689e-05 9.41042e-05 0.000107154 2.3039e-05 1.09215e-05 0.000106988 2.53727e-05 2.25289e-05 1.68622e-05 
0.000144178 1.45797e-05 3.00742e-05 1.49945e-05 1.44389e-05 1.2547e-05 1.11838e-05 1.84071e-05 1.24673e-05 9.44703e-06 2.65212e-05 1.4838e-05 4.51432e-06 7.39676e-06 8.68306e-06 2.0614e-05 
0.000214064 1.68405e-05 2.12341e-05 5.07589e-05 7.93124e-05 9.47576e-06 1.07182e-05 9.62879e-05 9.14717e-05 2.6476e-05 1.61974e-05 8.60403e-05 5.49481e-05 6.7962e-06 7.21583e-06 2.46498e-05 
9.30238e-05 1.58191e-05 1.99263e-05 4.21046e-05 0.000127978 1.09463e-05 9.14383e-06 6.72348e-05 9.73866e-05 3.48757e-05 1.24123e-05 6.82931e-05 0.000103696 1.1213e-05 5.08111e-06 2.74191e-05 
4.63293e-05 5.967e-05 1.41111e-05 1.28748e-05 7.32544e-05 1.99243e-05 1.21415e-05 2.65496e-05 0.000115218 3.17074e-05 1.55206e-05 2.51316e-05 3.81425e-05 1.3744e-05 6.99213e-06 4.11686e-06 
