6.15415e-06 9.59476e-06 3.56566e-05 1.0808e-05 1.64743e-05 0.000103094 4.76607e-05 1.49403e-05 1.18539e-05 1.2165e-05 1.42658e-05 1.24256e-05 8.11997e-06 1.52312e-05 1.11639e-05 8.84907e-06 
2.51345e-05 3.04654e-05 3.59888e-05 5.64761e-05 2.48048e-05 3.28735e-05 3.65622e-05 6.43446e-05 3.43189e-05 3.58959e-05 3.37968e-05 0.000101331 4.59485e-05 5.54418e-05 4.84685e-05 6.37362e-05 
4.07106e-05 2.95662e-05 2.74044e-05 2.93822e-05 5.32595e-05 4.2092e-05 3.63716e-05 3.91155e-05 4.88495e-05 7.20913e-05 3.93902e-05 5.45061e-05 3.72377e-05 6.33881e-05 5.23599e-05 3.78973e-05 
4.48883e-05 5.82889e-05 5.61164e-05 4.5545e-05 4.60427e-05 7.88252e-05 6.08412e-05 8.56836e-05 3.91238e-05 0.000104862 5.72939e-05 5.71999e-05 5.04582e-05 7.86858e-05 6.35017e-05 5.49969e-05 
7.21032e-05 0.000131553 9.11762e-05 7.07568e-05 4.51684e-05 9.00788e-05 4.49883e-05 6.1824e-05 4.08089e-05 6.69841e-05 4.37197e-05 7.1449e-05 7.61926e-05 8.7349e-05 6.48392e-05 6.46491e-05 
3.46802e-05 3.50079e-05 4.69654e-05 5.00187e-05 3.81707e-05 4.40982e-05 4.07801e-05 3.5796e-05 5.15557e-05 3.40759e-05 2.92233e-05 2.79367e-05 4.503e-05 3.68332e-05 4.27359e-05 4.10853e-05 
3.18994e-05 3.48576e-05 3.21401e-05 2.00069e-05 2.31137e-05 2.57634e-05 3.38973e-05 1.73384e-05 3.7133e-05 6.42494e-05 3.20554e-05 1.56772e-05 5.00387e-05 3.15436e-05 3.46064e-05 2.67617e-05 
2.30922e-05 2.54714e-05 3.08444e-05 4.17531e-05 1.95333e-05 7.23968e-05 2.93733e-05 6.07652e-05 4.05295e-05 7.46911e-05 2.90411e-05 3.35067e-05 3.44846e-05 8.11569e-05 2.94766e-05 4.9965e-05 
1.58204e-05 1.60925e-05 3.65845e-05 7.32604e-06 7.05471e-06 1.42732e-05 1.68214e-05 9.62872e-06 5.11591e-06 7.70636e-06 4.85402e-05 1.41271e-05 1.05907e-05 2.5689e-05 2.04143e-05 0.000176265 
4.91064e-05 7.48964e-06 1.17733e-05 4.34493e-05 1.8288e-05 5.12075e-06 6.98151e-06 3.43555e-05 1.51131e-05 9.13013e-06 6.91002e-06 2.44763e-05 1.28072e-05 1.34936e-05 1.41779e-05 2.83109e-05 
5.05279e-05 9.44159e-06 9.8595e-06 1.37837e-05 3.92347e-05 7.69407e-06 5.48842e-06 1.93915e-05 8.26709e-05 1.30987e-05 3.8775e-06 1.27428e-05 2.49095e-05 1.38702e-05 1.03383e-05 1.38727e-05 
1.15062e-05 1.70875e-05 1.22257e-05 1.09919e-05 2.67099e-05 2.30569e-05 1.22595e-05 1.04689e-05 1.33627e-05 9.42106e-05 2.3039e-05 6.98697e-06 1.04997e-05 2.53727e-05 2.25289e-05 1.68622e-05 
9.89242e-05 1.45797e-05 3.00742e-05 1.49945e-05 1.21409e-05 1.2547e-05 1.11838e-05 1.84071e-05 9.00949e-06 9.44703e-06 2.65212e-05 1.4838e-05 3.17967e-06 7.39676e-06 8.68306e-06 2.0614e-05 
1.18209e-05 1.68405e-05 2.12341e-05 2.14007e-05 9.60042e-06 9.47576e-06 1.07182e-05 4.35097e-05 1.11657e-05 9.62546e-06 1.32937e-05 2.5176e-05 6.9209e-06 4.52178e-06 7.21583e-06 1.22895e-05 
1.10943e-05 1.58191e-05 1.99263e-05 1.76077e-05 1.76378e-05 1.09463e-05 9.14383e-06 1.36897e-05 2.35112e-05 1.29553e-05 9.7482e-06 1.49046e-05 1.50134e-05 6.16063e-06 5.08111e-06 7.36306e-06 
1.08572e-05 4.13323e-05 1.41111e-05 1.28748e-05 3.53887e-05 1.99243e-05 1.21415e-05 2.21817e-05 5.40813e-05 3.17074e-05 1.55206e-05 1.87023e-05 1.74292e-05 1.3744e-05 6.99213e-06 4.11686e-06 
