5.9217e-05 0.000103101 0.000125973 0.000125133 0.000115116 0.000125553 0.000121034 0.000108171 
0.00015245 0.000173736 7.90022e-05 0.000183657 7.23355e-05 0.000105549 0.000101611 6.52794e-05 
0.000100606 8.99617e-05 0.000542795 0.000506248 5.86347e-05 0.000229699 0.00032379 0.000373941 
9.85678e-05 0.000112619 0.000126325 0.000114523 6.53767e-05 0.000133597 0.000320103 0.000117003 
9.55917e-05 0.000129928 0.000134902 0.000112146 0.000281611 0.000307084 0.00024945 0.000248539 
9.49751e-05 9.09747e-05 0.000111112 4.58938e-05 7.84867e-05 0.000104431 0.000296936 0.000380362 
0.00010352 0.000100785 0.000103933 0.000109991 6.86255e-05 0.00011977 0.000297678 0.000359199 
0.000110534 9.50879e-05 0.000101151 0.000120344 6.98049e-05 9.6439e-05 0.00032297 0.000175382 
5.32989e-05 0.000132332 0.000195505 0.000124581 0.000379173 0.000265434 0.000292866 0.000330831 
8.87566e-05 0.000108321 0.000109899 9.11359e-05 0.000108632 0.000102462 0.000265147 0.000316579 
9.72742e-05 8.32306e-05 0.000156765 8.89151e-05 5.00527e-05 7.37009e-05 0.00030105 0.000133483 
0.00053115 6.55467e-05 6.81575e-05 0.000114145 9.94293e-05 0.000102837 0.000102923 6.79975e-05 
7.15293e-05 7.51981e-05 9.60525e-05 9.82089e-05 0.000117124 0.000113635 0.000109299 0.000116167 
3.38428e-05 8.35552e-05 0.000107966 6.45313e-05 4.3611e-05 0.000100818 8.52358e-05 8.21506e-05 
6.27488e-05 6.89531e-05 8.05712e-05 0.000100103 3.46995e-05 6.79266e-05 8.11627e-05 0.000160079 
8.37024e-05 9.63508e-05 9.44823e-05 7.92457e-05 5.95473e-05 7.76823e-05 7.52114e-05 0.000159774 
