9.37884e-05 7.78095e-05 9.1735e-05 6.52059e-05 0.000149618 6.06447e-05 0.000125342 0.000117395 9.93645e-05 7.53953e-05 9.07085e-05 9.20599e-05 8.28822e-05 7.5588e-05 6.50941e-05 8.4414e-05 
0.000109542 9.19141e-05 0.000117705 8.08817e-05 0.000109894 6.78161e-05 5.94434e-05 0.000126663 0.000105009 6.80005e-05 0.000143017 0.000156241 0.000104027 4.02117e-05 4.73287e-05 5.73737e-05 
0.000113959 5.54341e-05 8.86434e-05 9.12539e-05 7.73173e-05 4.4833e-05 6.18698e-05 0.000147895 7.37478e-05 7.75066e-05 4.9365e-05 9.2585e-05 8.50593e-05 3.12897e-05 3.22327e-05 8.00953e-05 
9.59643e-05 5.46032e-05 6.03159e-05 0.000100201 0.000107859 3.63365e-05 3.61847e-05 7.33166e-05 0.000312214 3.58446e-05 5.25134e-05 7.46039e-05 9.16809e-05 3.02368e-05 3.03266e-05 4.26777e-05 
0.000413229 3.51836e-05 3.36297e-05 3.20754e-05 6.24594e-05 3.06073e-05 3.25082e-05 5.25792e-05 0.000395195 3.70898e-05 5.53575e-05 3.28089e-05 0.000353017 4.72213e-05 3.51423e-05 4.05672e-05 
0.000143487 8.43152e-05 7.25104e-05 6.99051e-05 0.000280756 7.15042e-05 6.97129e-05 8.10565e-05 0.000154277 6.81926e-05 0.000139274 0.000122852 8.50121e-05 8.44761e-05 3.42795e-05 6.27598e-05 
0.00011092 9.48444e-05 6.59657e-05 0.000109042 0.000204004 0.000124064 0.0001228 0.000122464 0.000207699 9.74932e-05 9.03722e-05 0.000107268 0.000167552 6.11652e-05 7.68474e-05 7.46579e-05 
8.25942e-05 0.000120635 8.91357e-05 9.74686e-05 0.000155465 0.000181584 0.000115527 0.000121714 0.000128924 0.000118687 0.000156825 9.25016e-05 8.52991e-05 5.43267e-05 6.29908e-05 6.81441e-05 
7.28185e-05 7.80189e-05 7.19509e-05 6.79353e-05 0.000117258 0.00010456 7.04109e-05 9.95734e-05 6.70839e-05 8.81335e-05 8.82615e-05 7.48321e-05 0.000119281 6.62765e-05 6.54768e-05 5.79937e-05 
0.000118524 0.000107056 0.000214563 0.000141982 0.000140908 5.8092e-05 6.80028e-05 0.000140975 0.000134069 8.84963e-05 8.49769e-05 0.000131521 0.000110727 5.02654e-05 0.000106935 0.000101056 
5.83702e-05 1.07482e-05 1.98217e-05 9.09103e-05 8.31588e-05 6.54542e-06 4.50106e-06 6.45631e-05 8.2445e-05 1.81548e-05 4.4711e-06 8.00952e-05 6.40671e-05 1.96135e-05 1.25909e-05 3.84593e-05 
5.13435e-05 6.0407e-05 1.52352e-05 1.45537e-05 0.000102938 0.000142186 1.83908e-05 1.0762e-05 6.15133e-05 7.14692e-05 1.8633e-05 1.03297e-05 5.02606e-05 3.32652e-05 3.01765e-05 2.25025e-05 
1.6729e-05 4.32374e-05 5.2495e-05 2.01267e-05 1.23203e-05 1.25119e-05 1.66527e-05 1.69555e-05 1.25319e-05 1.20699e-05 1.5507e-05 1.9443e-05 6.86009e-06 6.82331e-06 8.5443e-06 2.46654e-05 
0.000120103 1.61275e-05 2.15061e-05 4.38306e-05 0.000124464 9.33013e-06 1.11309e-05 9.49498e-05 0.000176659 2.76825e-05 1.60706e-05 8.34233e-05 8.9368e-05 9.64707e-06 6.76373e-06 3.00905e-05 
0.000152939 4.3014e-05 3.60939e-05 6.25962e-05 0.000189255 3.85238e-05 2.04868e-05 7.15482e-05 0.000169045 0.000106997 4.74809e-05 9.16516e-05 0.000157241 4.79187e-05 2.34286e-05 4.25944e-05 
0.000208301 9.3488e-05 6.2858e-05 7.26441e-05 0.000199169 6.78665e-05 6.85629e-05 9.99107e-05 0.000195667 0.000165741 0.000177097 0.000114473 0.000191944 0.000133322 7.88036e-05 0.000102857 
