6.06397e-06 1.35142e-05 9.96823e-06 8.4015e-06 1.10462e-05 1.98318e-05 1.13005e-05 8.76555e-06 1.19082e-05 1.5802e-05 1.1852e-05 8.6082e-06 9.75915e-06 1.6653e-05 8.01411e-06 6.52127e-06 
0.00024846 1.54054e-05 9.15122e-06 1.84247e-05 0.000108001 3.02808e-05 7.79195e-06 1.78572e-05 0.000190083 8.98391e-06 8.59324e-06 2.37336e-05 0.00015164 1.34634e-05 1.12951e-05 0.00018679 
7.01925e-05 2.55887e-05 3.74423e-06 7.34917e-06 9.20233e-05 5.21481e-05 4.63354e-06 7.07264e-06 0.000133389 1.58072e-05 6.09201e-06 1.14501e-05 9.13251e-05 1.88558e-05 5.90007e-06 1.86515e-05 
8.25102e-05 3.45374e-05 6.83358e-06 4.60932e-06 7.02791e-05 7.75755e-05 6.85539e-06 5.359e-06 7.69201e-05 2.12243e-05 1.07831e-05 8.31352e-06 5.83097e-05 0.000111722 7.68069e-06 1.32843e-05 
9.04073e-06 2.45726e-05 2.62182e-05 8.06151e-06 4.60314e-06 1.01484e-05 1.75623e-05 1.01508e-05 4.08049e-06 8.68068e-06 7.71886e-05 1.76045e-05 9.39196e-06 1.25746e-05 1.61721e-05 1.32603e-05 
0.000102795 1.70555e-05 8.96856e-06 2.18893e-05 0.000125966 3.13655e-05 5.82141e-06 8.84701e-05 0.00014621 7.41078e-06 6.60441e-06 2.08511e-05 0.000148106 1.16949e-05 8.0961e-06 4.13149e-05 
0.000148762 2.68034e-05 7.16086e-06 2.23677e-05 0.00018868 5.08384e-05 4.51299e-06 1.3396e-05 0.000179224 1.37552e-05 7.29071e-06 2.56971e-05 0.000103896 1.94404e-05 5.88404e-06 3.89723e-05 
8.59307e-05 4.64547e-05 7.3567e-06 9.40099e-06 0.000134847 0.000195421 8.296e-06 6.49337e-06 0.000154036 2.62745e-05 1.46735e-05 9.91478e-06 0.000119872 3.28025e-05 9.1486e-06 1.88741e-05 
7.2368e-06 8.03409e-05 1.18019e-05 9.40672e-06 4.85101e-06 9.12105e-06 1.22609e-05 8.85953e-06 4.67309e-06 1.22265e-05 7.16326e-05 7.80848e-05 9.09392e-06 1.24596e-05 8.04757e-05 1.107e-05 
5.7465e-05 9.50724e-06 1.25938e-05 8.00689e-05 7.97996e-05 1.19872e-05 7.26134e-06 6.62082e-05 7.23468e-05 4.03268e-06 7.33698e-06 0.000100447 4.16413e-05 1.06301e-05 1.02452e-05 4.65608e-05 
8.91414e-05 1.39177e-05 8.16248e-06 3.12791e-05 9.57113e-05 2.15825e-05 4.55268e-06 2.25027e-05 0.000104222 6.43928e-06 3.93825e-06 9.28659e-05 8.21077e-05 1.18549e-05 5.6297e-06 4.94974e-05 
0.000115089 0.000151166 1.04498e-05 1.72288e-05 0.000158351 0.000101845 8.3966e-06 1.03302e-05 0.000253243 1.8614e-05 1.06219e-05 1.03932e-05 0.000157241 2.67152e-05 9.31674e-06 2.27385e-05 
7.47109e-06 9.56036e-06 1.26149e-05 1.61437e-05 8.27937e-06 1.03388e-05 8.85009e-06 1.47977e-05 8.57277e-06 9.35307e-06 2.06465e-05 1.51321e-05 4.15385e-06 7.66676e-06 9.59213e-06 1.17985e-05 
9.45382e-05 1.30704e-05 1.0696e-05 2.70852e-05 0.000118878 2.28107e-05 8.22812e-06 1.8122e-05 0.000129959 8.67006e-06 8.03908e-06 3.33017e-05 7.99437e-05 6.3089e-06 6.23149e-06 9.34613e-05 
0.00013328 2.52257e-05 9.12313e-06 3.32977e-05 0.000147559 3.88275e-05 7.43764e-06 1.79233e-05 0.000193183 1.36427e-05 8.01505e-06 2.50517e-05 0.000139238 1.32984e-05 4.20988e-06 3.92943e-05 
8.14493e-05 2.3473e-05 8.31528e-06 1.02644e-05 8.90351e-05 6.15143e-05 8.81232e-06 8.4175e-06 8.61534e-05 1.78743e-05 1.07974e-05 1.00675e-05 7.01923e-05 1.61225e-05 7.0216e-06 9.32729e-06 
