0.000114521 0.000113516 5.70164e-05 7.74365e-05 9.23268e-05 7.41988e-05 7.1183e-05 5.0777e-05 
9.85548e-05 6.2554e-05 0.000100736 0.000101789 7.99159e-05 0.000512285 9.87934e-05 0.000150421 
9.13143e-05 8.02632e-05 6.10867e-05 0.000427628 0.000138392 0.000454186 0.000106134 6.27011e-05 
8.09985e-05 0.000119065 7.91677e-05 9.37787e-05 0.000361385 0.000129799 0.000153874 0.000115902 
0.00013531 0.000434497 9.45442e-05 0.000123317 0.000369565 8.00451e-05 0.000105858 0.000199949 
7.14992e-05 6.7298e-05 0.000106433 7.05203e-05 0.000151801 0.000112234 0.000108509 0.000124282 
8.00701e-05 8.79288e-05 5.88056e-05 0.000101705 9.27524e-05 9.03896e-05 7.3674e-05 8.23511e-05 
7.5996e-05 0.00044409 5.27462e-05 9.04773e-05 0.000160164 0.000452272 5.11814e-05 6.40591e-05 
0.000108188 0.000251987 0.000131314 0.000216458 0.000151721 0.000127136 0.000100398 0.000255192 
8.89734e-05 0.000410496 0.000123404 0.000118426 0.000340936 0.000124269 0.000420125 8.77404e-05 
6.75101e-05 0.000429604 0.000106561 8.01201e-05 0.000352324 7.95349e-05 6.74013e-05 0.000116545 
0.000160771 6.7613e-05 0.000105086 8.51616e-05 5.54877e-05 9.90679e-05 8.13214e-05 0.000111589 
0.000102464 4.0826e-05 0.000140579 5.08891e-05 0.000116146 9.95977e-05 0.000117706 0.000115309 
8.55356e-05 0.000310698 9.04317e-05 9.42458e-05 8.5237e-05 0.000101199 3.28915e-05 7.80191e-05 
5.49213e-05 0.000134252 4.40207e-05 5.1264e-05 6.47781e-05 9.31662e-05 4.94834e-05 4.74213e-05 
0.000141492 8.76664e-05 4.9885e-05 7.99608e-05 9.53948e-05 0.000100249 7.21028e-05 8.92401e-05 
