1.30883e-05 4.10261e-05 4.9181e-05 4.77551e-05 4.90508e-05 4.8913e-05 3.79673e-05 4.39103e-05 1.90076e-05 2.5567e-05 3.8454e-05 1.5687e-05 9.14759e-06 1.35566e-05 2.1577e-05 1.66278e-05 
0.000111808 5.56918e-05 6.80824e-05 0.000116168 8.66407e-05 3.29194e-05 3.7077e-05 0.000127539 0.000106029 1.31658e-05 1.22069e-05 7.37989e-05 7.5554e-05 1.17534e-05 1.01687e-05 0.000123376 
8.56632e-05 6.5721e-05 4.61243e-05 9.81004e-05 0.000110771 5.62938e-05 3.62757e-05 6.47719e-05 0.000142151 2.78611e-05 1.50736e-05 6.0246e-05 0.0001056 2.15952e-05 1.4352e-05 3.39201e-05 
6.30002e-05 6.64932e-05 3.20232e-05 7.12689e-05 0.000104729 4.64494e-05 2.9241e-05 5.22241e-05 0.00016533 4.02719e-05 1.6875e-05 2.91677e-05 7.93239e-05 2.15263e-05 1.83618e-05 2.23824e-05 
2.29087e-05 0.000124669 4.67682e-05 6.78154e-05 5.25349e-05 5.17931e-05 7.39676e-05 2.85853e-05 1.98274e-05 2.09728e-05 5.61073e-05 1.53374e-05 1.27854e-05 1.59909e-05 3.50462e-05 5.13282e-05 
0.000107425 4.33409e-05 6.82633e-05 0.000110293 8.4756e-05 3.45808e-05 0.000190671 0.000137123 7.71377e-05 1.10049e-05 1.39099e-05 5.81105e-05 2.91482e-05 1.24284e-05 1.20248e-05 8.57338e-05 
0.000119159 6.15296e-05 5.97783e-05 0.000101008 0.000143428 4.63937e-05 3.33697e-05 7.39081e-05 0.000207171 3.69394e-05 1.61762e-05 7.92214e-05 9.33613e-05 1.83622e-05 1.35271e-05 4.21542e-05 
9.49403e-05 6.73446e-05 4.27352e-05 8.44923e-05 0.000111247 4.4161e-05 3.25886e-05 5.65185e-05 0.000165042 4.2606e-05 1.87051e-05 3.54788e-05 8.56669e-05 2.10766e-05 1.70476e-05 2.36418e-05 
2.00225e-05 0.000106076 6.17426e-05 7.03479e-05 5.35309e-05 5.28859e-05 7.5901e-05 2.6838e-05 1.74686e-05 1.36595e-05 2.77385e-05 1.64304e-05 1.17998e-05 1.15115e-05 2.10244e-05 3.31051e-05 
8.28617e-05 5.69529e-05 8.55633e-05 0.000122306 0.00012078 3.49296e-05 3.54417e-05 7.00501e-05 0.000114745 1.71033e-05 1.55735e-05 8.35025e-05 6.66937e-05 1.18513e-05 1.05307e-05 5.33173e-05 
9.37669e-05 6.42981e-05 5.54602e-05 0.000127078 0.000111664 3.48414e-05 3.00386e-05 6.19428e-05 0.000157 1.78572e-05 1.09943e-05 8.29384e-05 7.71939e-05 1.36175e-05 9.24615e-06 3.2762e-05 
7.89902e-05 7.81305e-05 3.65924e-05 6.56306e-05 0.000103677 3.86731e-05 2.22748e-05 5.57206e-05 0.000187215 3.93791e-05 1.27361e-05 2.98958e-05 0.000159933 1.92896e-05 1.33843e-05 2.79923e-05 
1.59983e-05 4.82447e-05 4.93657e-05 0.000100131 6.08742e-05 4.28711e-05 4.39595e-05 2.63109e-05 2.15425e-05 1.58856e-05 1.93047e-05 1.22384e-05 5.65765e-06 7.36124e-06 1.14907e-05 2.98346e-05 
9.45187e-05 5.40417e-05 6.25801e-05 9.44584e-05 9.44607e-05 3.66584e-05 4.21594e-05 7.80503e-05 0.000146399 1.81257e-05 1.51118e-05 0.000114918 5.24664e-05 6.19501e-06 7.00321e-06 3.4496e-05 
0.000129884 7.35332e-05 5.89661e-05 9.50034e-05 0.000119863 3.77368e-05 4.06967e-05 6.85586e-05 0.000189561 3.46082e-05 1.99872e-05 6.85647e-05 0.00010918 1.83718e-05 1.04528e-05 3.90579e-05 
5.64365e-05 8.31394e-05 3.56613e-05 6.53849e-05 8.18614e-05 4.12208e-05 2.98067e-05 4.81243e-05 0.000194883 3.63381e-05 1.95022e-05 1.71889e-05 7.45157e-05 0.000117629 1.66375e-05 1.55482e-05 
