7.29789e-05 8.09924e-05 4.90556e-05 7.483e-05 6.52932e-05 8.2263e-05 5.45847e-05 6.74908e-05 7.07492e-05 0.000107646 0.000136551 7.04828e-05 6.03179e-05 6.12141e-05 5.86187e-05 4.42464e-05 
7.33876e-05 9.19956e-05 9.13595e-05 9.34669e-05 9.77358e-05 5.4371e-05 5.46454e-05 0.000135039 8.57169e-05 9.22828e-05 6.79492e-05 0.000103683 9.19036e-05 4.35721e-05 4.52389e-05 6.12213e-05 
8.07691e-05 6.75071e-05 8.36904e-05 0.000104901 0.000110544 3.64991e-05 4.45651e-05 9.00775e-05 8.6475e-05 4.66948e-05 4.63421e-05 0.000100506 5.38653e-05 2.99565e-05 2.62981e-05 0.000118609 
8.51636e-05 4.51729e-05 6.39921e-05 8.14722e-05 0.000304157 3.01328e-05 3.16874e-05 7.70898e-05 0.000261153 3.23231e-05 4.50121e-05 0.000102748 0.00012349 2.93561e-05 3.52963e-05 4.41267e-05 
0.000364307 4.45895e-05 2.47611e-05 3.01439e-05 9.28575e-05 2.61546e-05 3.07861e-05 3.94897e-05 0.000355351 3.60328e-05 4.01731e-05 3.32606e-05 0.000307517 3.7987e-05 5.03044e-05 4.08821e-05 
0.000149538 8.44178e-05 6.44879e-05 0.000100477 0.000247251 7.92702e-05 5.65503e-05 7.45927e-05 0.000219286 9.6003e-05 0.000158152 7.48188e-05 7.90914e-05 8.17197e-05 4.4076e-05 3.73011e-05 
0.000122767 9.54677e-05 7.53754e-05 0.000132206 0.000109913 6.85718e-05 7.45922e-05 0.000111911 0.000176302 0.000136879 0.000129321 8.76682e-05 0.000130749 8.06272e-05 5.81046e-05 6.51839e-05 
8.28817e-05 0.000118887 7.81747e-05 0.000116998 0.000138839 8.49099e-05 7.81067e-05 9.77575e-05 0.000211277 0.000111998 0.000124845 9.23974e-05 6.74691e-05 9.14282e-05 5.56975e-05 6.43149e-05 
7.62853e-05 8.53868e-05 6.1419e-05 0.000100286 9.43628e-05 5.53757e-05 8.03716e-05 7.46516e-05 0.000105917 0.000103259 8.71107e-05 9.79799e-05 8.16056e-05 7.32275e-05 6.29142e-05 5.31194e-05 
0.000127909 9.9811e-05 0.000183487 0.000148078 0.000111258 7.11371e-05 6.9535e-05 0.000172983 0.000135503 7.12276e-05 7.05023e-05 0.000158081 0.000101642 5.19737e-05 3.90238e-05 6.20455e-05 
5.39357e-05 1.61819e-05 1.41788e-05 9.81358e-05 0.000111667 5.93998e-06 4.64843e-06 5.8545e-05 0.000111194 8.90291e-06 4.03054e-06 3.0488e-05 6.47167e-05 2.08384e-05 1.24017e-05 3.38637e-05 
4.79948e-05 5.53675e-05 2.3218e-05 1.27279e-05 7.19834e-05 1.28303e-05 1.1932e-05 1.0924e-05 6.79739e-05 0.000109716 1.70801e-05 9.75912e-06 4.49038e-05 5.49079e-05 1.95699e-05 2.27536e-05 
0.000146039 2.17907e-05 1.82639e-05 2.97443e-05 2.04521e-05 1.91906e-05 1.21998e-05 6.8742e-05 1.67137e-05 1.60553e-05 1.5113e-05 1.38304e-05 4.61722e-06 6.96603e-06 7.98528e-06 0.000150511 
0.000110214 1.88473e-05 1.5712e-05 0.000147119 9.58783e-05 9.85716e-06 1.03117e-05 9.40192e-05 9.84962e-05 2.06506e-05 1.32957e-05 4.22838e-05 8.36572e-05 7.53833e-06 5.56702e-06 2.02861e-05 
0.000153236 4.39162e-05 2.77693e-05 0.000114356 0.000184808 2.49438e-05 1.64074e-05 6.22673e-05 0.000197873 5.24091e-05 4.63787e-05 4.69853e-05 0.000138769 3.26517e-05 1.81152e-05 3.27327e-05 
0.000190094 6.00976e-05 5.33727e-05 0.000113333 0.000176413 5.73728e-05 3.75801e-05 6.40433e-05 0.000220054 9.98238e-05 0.000100178 8.24065e-05 0.000147177 9.48726e-05 5.24754e-05 7.775e-05 
