2.28018e-05 1.78752e-05 1.37719e-05 1.29192e-05 5.97154e-05 2.66006e-05 1.4191e-05 1.57542e-05 4.50918e-05 1.51436e-05 1.22505e-05 1.30435e-05 2.03697e-05 1.24611e-05 1.05831e-05 1.20222e-05 
2.28059e-05 1.69072e-05 1.32014e-05 1.26042e-05 7.63796e-05 2.27138e-05 1.37605e-05 1.6834e-05 3.51441e-05 1.58618e-05 1.30453e-05 1.45879e-05 2.08697e-05 1.19134e-05 9.80836e-06 1.31021e-05 
2.13797e-05 1.64362e-05 1.42866e-05 1.12326e-05 6.95927e-05 1.97323e-05 1.35704e-05 1.54628e-05 6.03362e-05 1.45784e-05 1.2239e-05 1.32558e-05 2.18924e-05 1.20566e-05 9.81605e-06 1.1453e-05 
2.32054e-05 1.81305e-05 1.37561e-05 1.24961e-05 7.72408e-05 2.14205e-05 1.38525e-05 1.5792e-05 4.04004e-05 1.30513e-05 1.38676e-05 1.49757e-05 2.00674e-05 1.07718e-05 1.07036e-05 1.3361e-05 
2.26964e-05 2.77371e-05 1.25351e-05 1.11521e-05 6.61221e-05 2.52932e-05 1.45904e-05 1.59174e-05 6.2846e-05 1.44946e-05 1.3292e-05 1.26069e-05 2.52443e-05 1.12797e-05 1.05563e-05 1.17903e-05 
2.49362e-05 2.07759e-05 1.43783e-05 1.17117e-05 6.39618e-05 4.20396e-05 1.49435e-05 1.64088e-05 3.42829e-05 1.43988e-05 1.28681e-05 1.38548e-05 1.96143e-05 1.17077e-05 1.03948e-05 1.29619e-05 
2.27976e-05 2.25379e-05 1.5132e-05 1.18409e-05 8.39237e-05 2.47791e-05 1.31981e-05 1.79713e-05 3.50094e-05 1.57912e-05 1.3223e-05 1.32321e-05 2.69476e-05 1.26191e-05 1.06026e-05 1.31507e-05 
2.4049e-05 2.25048e-05 1.30065e-05 1.25612e-05 5.45485e-05 2.30082e-05 1.32751e-05 1.53696e-05 4.89969e-05 1.43938e-05 1.3148e-05 1.39477e-05 1.91853e-05 1.31577e-05 1.00586e-05 1.19931e-05 
2.38169e-05 1.77475e-05 1.46878e-05 1.17707e-05 7.63007e-05 4.32138e-05 1.34097e-05 1.62399e-05 3.65677e-05 1.79509e-05 1.27076e-05 1.29423e-05 2.46422e-05 1.19037e-05 1.14176e-05 1.32767e-05 
2.21722e-05 2.15912e-05 1.51647e-05 1.29588e-05 5.08937e-05 1.97577e-05 1.21263e-05 1.54835e-05 3.52554e-05 1.38715e-05 1.39453e-05 1.51467e-05 2.14161e-05 1.14546e-05 1.07584e-05 1.17481e-05 
2.15367e-05 1.7802e-05 1.4739e-05 1.12386e-05 4.3316e-05 2.03486e-05 1.39465e-05 1.41221e-05 4.43672e-05 1.60219e-05 1.3934e-05 1.28145e-05 2.30809e-05 1.08377e-05 1.09295e-05 1.17671e-05 
2.46364e-05 1.94266e-05 1.48776e-05 1.21953e-05 6.08487e-05 4.43213e-05 1.47599e-05 1.47668e-05 3.89621e-05 1.34193e-05 1.22168e-05 1.32627e-05 2.04779e-05 1.25801e-05 1.06979e-05 1.36069e-05 
2.35123e-05 1.93617e-05 1.32555e-05 1.28831e-05 5.20482e-05 2.83231e-05 1.33424e-05 1.61068e-05 3.5486e-05 1.45072e-05 1.31627e-05 1.27999e-05 2.1153e-05 1.1025e-05 1.00576e-05 1.29165e-05 
2.40739e-05 2.36769e-05 1.24421e-05 1.17566e-05 8.40774e-05 1.9921e-05 1.43965e-05 1.65907e-05 4.51389e-05 1.30386e-05 1.3064e-05 1.3656e-05 3.2853e-05 1.21064e-05 1.00276e-05 1.21885e-05 
3.2916e-05 2.08712e-05 1.38011e-05 1.4415e-05 5.40197e-05 2.78133e-05 1.28889e-05 1.45331e-05 4.23841e-05 1.62329e-05 1.3225e-05 1.31792e-05 2.01712e-05 1.12246e-05 1.09042e-05 1.23457e-05 
2.89799e-05 1.82297e-05 1.35212e-05 1.29767e-05 5.95733e-05 2.82511e-05 1.37973e-05 1.58816e-05 3.4831e-05 1.54611e-05 1.22466e-05 1.35228e-05 1.97353e-05 1.16439e-05 1.03482e-05 1.24577e-05 
