9.96328e-18 1.12554e-05 2.29754e-05 1.31548e-05 6.62486e-06 1.99806e-05 1.64147e-05 9.10846e-06 6.07399e-06 1.05757e-05 2.70228e-05 1.06506e-05 6.67373e-06 2.92369e-05 1.30337e-05 8.57567e-06 
0.00010793 1.05059e-17 8.91012e-06 2.07643e-05 0.000146929 1.19148e-05 6.71443e-06 1.59185e-05 8.64763e-05 5.96694e-06 6.70139e-06 0.000116843 6.37863e-05 6.3206e-06 7.16308e-06 9.61431e-05 
7.69652e-05 2.52762e-05 1.12435e-17 1.04208e-05 0.000136941 4.79794e-05 4.71976e-06 8.44313e-06 0.000133123 1.39116e-05 7.00298e-06 1.40672e-05 0.000160683 2.20165e-05 5.33591e-06 2.3313e-05 
5.8334e-05 5.61564e-05 6.1594e-06 1.01103e-17 6.49923e-05 0.000182507 6.34571e-06 3.71149e-06 8.39969e-05 2.0892e-05 8.58164e-06 7.3771e-06 7.02028e-05 8.83577e-05 6.89409e-06 1.31435e-05 
7.33512e-06 2.95425e-05 5.6518e-05 1.37265e-05 9.75082e-18 1.91532e-05 1.47327e-05 1.19554e-05 3.75774e-06 9.31654e-06 2.42495e-05 1.13125e-05 9.44544e-06 9.99108e-06 1.63883e-05 1.46759e-05 
5.93588e-05 6.5582e-06 1.07121e-05 9.83588e-05 5.45222e-05 1.45692e-17 5.71926e-06 8.97627e-05 6.21079e-05 3.93219e-06 6.02049e-06 0.00014907 3.14758e-05 6.75449e-06 8.25059e-06 0.000111986 
0.000119187 2.36734e-05 6.2825e-06 1.92762e-05 0.000126349 5.18759e-05 1.14315e-17 1.23325e-05 0.000141421 1.07213e-05 5.50048e-06 1.95164e-05 0.000132886 1.4564e-05 5.13046e-06 3.4676e-05 
0.000117482 3.64541e-05 7.29169e-06 6.04842e-06 7.51209e-05 0.000169056 7.09651e-06 1.15828e-17 0.000113736 2.08536e-05 9.84679e-06 9.88746e-06 8.58929e-05 0.000106801 7.87397e-06 1.63753e-05 
6.76872e-06 1.47479e-05 2.34664e-05 1.39789e-05 3.46658e-06 8.09996e-06 3.58436e-05 9.99526e-06 1.15037e-17 8.0146e-06 1.19935e-05 1.37845e-05 6.85867e-06 9.42947e-06 2.26641e-05 1.24898e-05 
8.78822e-05 1.29539e-05 1.16329e-05 8.17938e-05 8.00391e-05 1.72117e-05 6.20446e-06 8.28287e-05 0.000115534 8.77461e-18 5.64371e-06 2.34798e-05 7.61661e-05 7.4501e-06 8.12964e-06 5.05208e-05 
8.04645e-05 1.69786e-05 7.20274e-06 2.26274e-05 9.7947e-05 2.72313e-05 4.51184e-06 1.30659e-05 0.000119213 6.86466e-06 7.14839e-18 1.88021e-05 9.17568e-05 1.10987e-05 5.34265e-06 3.36083e-05 
0.000111078 0.000245238 6.70397e-06 7.63738e-06 0.000115664 5.79065e-05 6.98468e-06 5.16837e-06 8.41317e-05 1.36875e-05 7.81668e-06 8.42441e-18 0.000148694 1.97604e-05 6.40849e-06 1.82245e-05 
8.79192e-06 8.53747e-06 1.17782e-05 2.52019e-05 1.15327e-05 8.58497e-06 9.43705e-06 1.70263e-05 9.73011e-06 7.36115e-06 1.00988e-05 1.498e-05 9.29338e-18 7.2967e-06 9.37117e-06 1.59782e-05 
6.37805e-05 8.74725e-06 9.17056e-06 7.89432e-05 8.9861e-05 1.77395e-05 5.91593e-06 7.77112e-05 8.25952e-05 6.64483e-06 5.87795e-06 0.000156596 4.41266e-05 9.66035e-18 5.60171e-06 0.000146734 
0.000116541 2.42341e-05 7.49479e-06 1.7013e-05 0.00018029 4.49698e-05 5.37317e-06 1.30178e-05 0.000168268 1.39939e-05 6.56345e-06 2.01489e-05 0.000104786 1.60986e-05 1.09973e-17 3.63988e-05 
4.16887e-05 0.000169474 8.09446e-06 7.58038e-06 7.01893e-05 6.57201e-05 7.8525e-06 6.33931e-06 8.64605e-05 2.03403e-05 9.99747e-06 8.41849e-06 5.75343e-05 1.84173e-05 6.39381e-06 9.85583e-18 
