6.40426e-05 4.71986e-05 7.02341e-05 0.000145061 0.00017955 6.3224e-05 8.80293e-05 5.0914e-05 7.51317e-05 5.89876e-05 0.000116615 5.7326e-05 0.000111756 4.95744e-05 6.95476e-05 7.51576e-05 
6.2664e-05 7.03366e-05 6.93274e-05 0.000133203 0.000129374 8.02058e-05 7.84479e-05 0.000118636 7.43121e-05 3.75709e-05 8.60205e-05 9.23103e-05 6.59221e-05 3.65533e-05 5.68983e-05 9.13598e-05 
4.22099e-05 5.87262e-05 8.82788e-05 0.000122797 0.000145697 0.000135405 0.000114126 0.000126417 6.50417e-05 5.11607e-05 3.94028e-05 8.43905e-05 5.37207e-05 2.7937e-05 2.28338e-05 4.44071e-05 
4.3303e-05 4.76501e-05 7.66577e-05 0.000102699 0.000107256 6.43491e-05 7.36367e-05 8.93789e-05 0.000110369 3.37479e-05 3.49247e-05 4.81947e-05 9.63842e-05 3.01561e-05 2.20347e-05 4.44343e-05 
4.91881e-05 0.000112843 9.53338e-05 0.000105325 0.000124426 9.52877e-05 0.000110966 6.26446e-05 0.000122575 2.89159e-05 3.58008e-05 2.9494e-05 0.000122057 3.2138e-05 3.10295e-05 3.75227e-05 
9.37789e-05 6.46825e-05 0.000172266 8.85369e-05 0.000213375 9.13612e-05 9.47201e-05 8.19756e-05 0.000104751 0.00014753 8.45508e-05 7.08148e-05 0.000109509 6.14265e-05 6.54602e-05 3.9554e-05 
0.000141334 8.30731e-05 0.000103673 0.000112926 0.000187499 9.82436e-05 7.10357e-05 7.38189e-05 0.000125739 0.000142619 0.000136428 8.81346e-05 0.000114238 6.60499e-05 9.36643e-05 8.79835e-05 
5.34668e-05 8.5069e-05 0.000117539 0.000112148 0.000143879 7.00408e-05 6.10583e-05 6.10073e-05 9.08796e-05 0.000113272 0.000120009 7.31895e-05 7.25736e-05 8.36179e-05 5.29611e-05 6.90081e-05 
4.66029e-05 5.91067e-05 7.4162e-05 0.000116634 0.000136761 7.11595e-05 5.73584e-05 4.01083e-05 5.11316e-05 9.25344e-05 0.00012284 6.20628e-05 0.000152391 5.51587e-05 7.64529e-05 5.15828e-05 
9.26005e-05 0.00010506 0.000189215 8.52611e-05 0.000135785 0.000217892 0.000162813 0.00012644 0.000106664 5.24348e-05 8.59756e-05 8.89359e-05 0.000112503 5.16052e-05 4.81642e-05 0.000142153 
0.000111624 4.01972e-05 5.46271e-05 5.37905e-05 0.000102796 0.000108445 9.63859e-05 0.000101997 7.91521e-05 1.0307e-05 4.17649e-06 2.59223e-05 8.65068e-05 1.92703e-05 1.21123e-05 2.61524e-05 
4.87443e-05 5.60875e-05 9.87715e-05 0.000108258 0.000120877 2.8039e-05 3.37245e-05 2.74291e-05 4.07983e-05 5.90524e-05 1.99119e-05 5.60641e-06 5.10036e-05 5.73468e-05 1.67901e-05 1.65162e-05 
1.13761e-05 1.30466e-05 2.34752e-05 9.45803e-05 5.52068e-05 8.63386e-05 8.42104e-05 1.65805e-05 1.27093e-05 1.04941e-05 1.26182e-05 1.22026e-05 2.78294e-06 6.14342e-06 9.11406e-06 1.8158e-05 
5.65704e-05 4.16342e-05 4.42863e-05 5.50597e-05 9.15185e-05 5.97127e-05 6.78394e-05 9.15336e-05 0.000118231 1.94455e-05 1.39578e-05 2.56752e-05 9.5493e-05 6.24962e-06 4.98352e-06 1.41645e-05 
0.000120631 8.89102e-05 7.49987e-05 8.07171e-05 0.000139639 7.11649e-05 5.61249e-05 7.82306e-05 0.000199255 7.66233e-05 5.37223e-05 3.62825e-05 0.000270084 3.11507e-05 1.94685e-05 2.70869e-05 
0.000104458 0.000112966 0.000133413 0.000168743 0.000139431 5.85731e-05 9.19821e-05 7.84266e-05 0.000154985 0.000155108 0.000118738 6.3324e-05 0.000153047 0.000126615 5.21441e-05 5.38192e-05 
