0.000105239 0.000157023 0.000116462 3.57189e-05 0.000147637 0.00014196 0.000101808 8.12271e-05 
5.92337e-05 4.47187e-05 4.70881e-05 4.84454e-05 3.53708e-05 9.90885e-05 0.000114608 7.11049e-05 
6.50521e-05 7.55215e-05 6.37825e-05 0.000145583 6.08108e-05 0.000165026 6.0155e-05 0.000150158 
0.000219101 0.000108628 0.000275188 6.78394e-05 4.67423e-05 0.000226348 4.89709e-05 0.000171112 
0.000285112 0.000277068 0.000309288 0.000144268 0.000277877 0.000288532 0.000297069 0.000318303 
0.000295443 0.000171532 8.56728e-05 0.000118112 0.000186681 0.000324945 0.000210816 0.00016398 
0.000109531 0.000155548 0.000113262 0.000142282 0.000145457 9.18532e-05 9.98548e-05 0.000148213 
5.38056e-05 0.000130136 6.41125e-05 0.000108309 0.000181722 8.27748e-05 0.000134274 0.000103392 
0.00010548 0.000271386 0.00011001 0.000198442 0.000240093 8.60603e-05 0.000125762 9.10076e-05 
6.28896e-05 0.000107227 0.000268111 0.000107053 7.27654e-05 0.000124964 6.12069e-05 0.000100687 
6.50118e-05 7.79073e-05 8.5264e-05 0.000116961 0.000130651 9.91531e-05 0.000108528 8.57488e-05 
0.000109578 0.000117088 7.91757e-05 7.83953e-05 6.19881e-05 0.000119381 0.000105205 6.01213e-05 
4.62933e-05 0.000146846 0.000109336 0.000141388 0.0001218 0.000126332 0.000120978 8.63511e-05 
8.37024e-05 8.0883e-05 5.50615e-05 6.20999e-05 8.37894e-05 9.37196e-05 5.39295e-05 9.07841e-05 
0.000150834 8.70067e-05 0.000101253 7.66712e-05 7.34854e-05 8.53416e-05 8.15273e-05 7.08603e-05 
0.000101445 8.18281e-05 9.27281e-05 0.000102378 8.52627e-05 0.000108898 6.70136e-05 9.65994e-05 
