7.99269e-05 0.000186101 0.000136748 8.92779e-05 0.000169939 8.56332e-05 0.00014692 0.000113535 0.000179334 9.12524e-05 0.000181474 0.000200198 0.000162554 0.000205046 7.94918e-05 0.000187295 
0.000106574 7.87018e-05 0.000114474 6.68426e-05 7.30214e-05 6.77107e-05 7.49657e-05 0.000128819 7.45101e-05 9.02286e-05 7.909e-05 5.95819e-05 7.3037e-05 6.70662e-05 7.22997e-05 6.4837e-05 
9.27235e-05 8.9356e-05 9.06404e-05 7.33657e-05 9.66694e-05 8.37512e-05 8.6367e-05 7.09243e-05 0.000104037 7.98782e-05 0.000100801 8.99131e-05 7.55442e-05 8.52028e-05 9.05565e-05 0.000100331 
0.000130421 0.000107496 0.000103013 0.000145226 8.97695e-05 8.44658e-05 0.000123939 0.000175638 7.8791e-05 9.4358e-05 7.02474e-05 7.63206e-05 0.000171134 0.000118214 0.000128177 8.79939e-05 
8.37392e-05 9.35373e-05 8.69698e-05 9.92538e-05 9.79015e-05 9.79535e-05 0.000109209 0.000123855 0.000117129 0.000116342 9.72512e-05 9.30131e-05 0.000100796 0.000112589 9.55087e-05 9.27767e-05 
8.23128e-05 9.71572e-05 9.57169e-05 8.89871e-05 8.41699e-05 8.20126e-05 9.97589e-05 9.49135e-05 8.63371e-05 8.51798e-05 8.31708e-05 9.50375e-05 0.000109536 9.78539e-05 8.67212e-05 9.28734e-05 
0.000128285 0.000102433 0.000132031 0.00010872 0.000110879 0.00010675 0.000133692 0.000101942 0.000110792 9.84259e-05 0.000117909 0.000108929 0.000128616 0.00011884 0.000120291 0.000201771 
0.000104874 0.000127671 0.000125202 0.000128712 0.000110408 0.000136975 0.000139094 0.000107385 0.000127071 0.000152847 0.000138348 0.000117397 0.000107999 0.000142435 0.000134253 0.000125149 
0.000106097 0.000127285 0.00015394 9.67298e-05 7.24381e-05 0.000100134 9.34455e-05 0.000104115 9.3542e-05 7.90859e-05 0.000147846 6.63247e-05 8.7165e-05 0.000119036 9.4834e-05 0.000162241 
0.000221953 0.000199418 0.000206011 0.000166122 0.000128557 0.000177721 0.000205031 0.000104991 0.000147622 0.000166747 0.000210042 0.000190833 0.000178761 0.000165415 0.000224237 0.000195545 
7.40963e-05 3.85273e-05 3.13297e-05 3.01792e-05 5.08496e-05 4.43336e-05 2.97475e-05 5.67686e-05 4.13044e-05 6.15061e-05 3.57837e-05 6.13194e-05 2.51424e-05 3.55641e-05 3.36563e-05 4.23962e-05 
6.3829e-05 5.8496e-05 6.78917e-05 3.41014e-05 3.20921e-05 3.22351e-05 3.62814e-05 6.69045e-05 5.92203e-05 6.93605e-05 7.66788e-05 5.99174e-05 3.3732e-05 4.13148e-05 6.49398e-05 6.59464e-05 
1.31732e-05 1.37807e-05 1.43032e-05 1.34212e-05 1.3704e-05 1.24512e-05 1.3515e-05 1.22928e-05 1.2433e-05 1.31787e-05 1.348e-05 1.25474e-05 1.45635e-05 1.29869e-05 1.30427e-05 1.38297e-05 
3.94447e-05 3.36318e-05 3.01702e-05 2.99767e-05 3.34231e-05 3.32959e-05 3.71362e-05 3.72923e-05 2.98569e-05 2.81683e-05 2.13735e-05 2.30992e-05 3.78888e-05 3.16325e-05 3.26207e-05 3.3362e-05 
0.000106976 0.000111128 0.000110816 0.000107249 0.000112153 0.000118567 0.000114861 0.000120179 0.000105773 0.00011971 0.000118587 0.000107441 0.000113247 0.000119687 0.000119517 0.00010957 
0.000141978 0.00013014 0.000132804 0.000127553 0.000138192 0.000125036 0.00013386 0.000120296 0.000125313 0.000140285 0.000124035 0.000140271 0.000143808 0.000118916 0.000134047 0.000133063 
