6.38994e-18 2.83757e-15 2.68439e-15 2.90273e-15 1.86379e-16 2.94834e-15 2.70379e-15 2.91125e-15 3.81225e-16 2.81062e-15 2.74274e-15 2.90132e-15 1.3238e-17 2.89357e-15 2.72195e-15 2.94545e-15 
2.84752e-15 1.64405e-17 2.80167e-15 2.96708e-15 2.88281e-15 3.59764e-16 2.80463e-15 2.85309e-15 2.94423e-15 1.50275e-16 2.83191e-15 2.91161e-15 2.78021e-15 5.50418e-16 2.84801e-15 2.91547e-15 
2.70713e-15 2.80856e-15 1.22854e-17 2.82512e-15 2.70908e-15 2.8379e-15 1.22542e-17 2.71872e-15 2.68293e-15 2.79287e-15 3.09712e-16 2.83975e-15 2.72572e-15 2.75715e-15 5.65684e-16 2.67188e-15 
2.87822e-15 2.9269e-15 2.74751e-15 1.03447e-17 2.81855e-15 2.94374e-15 2.70185e-15 2.59421e-16 2.89632e-15 3.01199e-15 2.79518e-15 6.27158e-16 2.79486e-15 3.01352e-15 2.7381e-15 3.42137e-16 
1.83948e-16 2.91451e-15 2.7384e-15 2.85788e-15 9.85191e-18 2.86522e-15 2.7616e-15 2.95109e-15 2.10161e-16 2.81807e-15 2.74759e-15 2.90844e-15 1.88075e-16 2.8366e-15 2.65554e-15 2.95307e-15 
2.76254e-15 3.68008e-16 2.77752e-15 2.88775e-15 2.83388e-15 1.0129e-17 2.76249e-15 2.94394e-15 2.7573e-15 2.68334e-16 2.87886e-15 2.78498e-15 2.72371e-15 8.43511e-16 2.80939e-15 2.84187e-15 
2.6665e-15 2.80856e-15 1.19538e-17 2.7105e-15 2.71054e-15 2.81025e-15 1.1941e-17 2.70843e-15 2.69333e-15 2.87586e-15 3.1421e-16 2.71422e-15 2.72772e-15 2.69708e-15 5.66642e-16 2.7943e-15 
2.85645e-15 2.94257e-15 2.76215e-15 2.56497e-16 2.85512e-15 2.88413e-15 2.75727e-15 5.84017e-18 2.98295e-15 2.85509e-15 2.78807e-15 3.91944e-16 2.93205e-15 2.94301e-15 2.86185e-15 3.53112e-16 
3.78597e-16 2.83948e-15 2.79214e-15 2.92396e-15 2.06132e-16 2.78584e-15 2.75781e-15 2.92348e-15 8.96462e-18 2.8398e-15 2.71558e-15 2.93396e-15 3.80842e-16 2.79798e-15 2.77349e-15 2.96146e-15 
2.85887e-15 1.46456e-16 2.86217e-15 3.06216e-15 2.87174e-15 2.66101e-16 2.80996e-15 2.93385e-15 2.8889e-15 1.10411e-17 2.80549e-15 2.91061e-15 2.77034e-15 6.82414e-16 2.80829e-15 2.85243e-15 
2.77046e-15 2.88597e-15 3.06653e-16 2.75535e-15 2.69619e-15 2.83476e-15 3.0776e-16 2.70754e-15 2.82689e-15 2.89817e-15 9.52669e-18 2.81269e-15 2.74806e-15 2.75936e-15 2.88591e-16 2.81659e-15 
2.89854e-15 2.85386e-15 2.75174e-15 6.28308e-16 2.99295e-15 2.78769e-15 2.75018e-15 3.95298e-16 2.93297e-15 2.91167e-15 2.69186e-15 1.65047e-17 2.84706e-15 2.99044e-15 2.74137e-15 6.68524e-16 
1.3216e-17 2.87307e-15 2.65489e-15 2.86744e-15 1.87588e-16 2.79912e-15 2.68474e-15 2.93584e-15 3.81589e-16 2.91759e-15 2.70297e-15 2.90143e-15 1.49886e-17 2.81571e-15 2.7398e-15 2.95693e-15 
2.87846e-15 5.6425e-16 2.80224e-15 2.92247e-15 2.87051e-15 8.30232e-16 2.72876e-15 2.87621e-15 2.83271e-15 6.7445e-16 2.83275e-15 2.92621e-15 2.85948e-15 1.3141e-17 2.81053e-15 2.98418e-15 
2.67992e-15 2.76479e-15 5.67301e-16 2.86596e-15 2.72359e-15 2.80164e-15 5.67826e-16 2.84816e-15 2.70482e-15 2.82248e-15 2.87768e-16 2.80902e-15 2.65618e-15 2.81529e-15 1.34704e-17 2.76781e-15 
2.88413e-15 3.00633e-15 2.82219e-15 3.41755e-16 2.93797e-15 2.89383e-15 2.70516e-15 3.49044e-16 2.96239e-15 2.95281e-15 2.79159e-15 6.60171e-16 2.92413e-15 3.0169e-15 2.77069e-15 1.01135e-17 
