6.02404e-05 5.48622e-05 7.08448e-05 8.30363e-05 4.0729e-05 0.000158101 9.23776e-05 4.63707e-05 
0.000556084 0.000134314 0.000116002 0.000142151 9.46915e-05 0.000565716 0.000535633 0.000104437 
0.000546058 0.000190935 0.000103849 0.000478183 0.000121466 0.000522247 0.00053385 7.82712e-05 
0.000570145 0.00011327 0.000105015 0.000183947 0.000161433 0.000104752 0.000179202 0.000116083 
0.000147897 0.000517498 0.000516086 0.000322012 0.000243049 0.000515316 0.000123916 0.000209374 
0.000108365 0.000528238 0.000434216 0.00050477 0.000100522 0.0004955 8.74521e-05 0.000583079 
0.000111999 0.000115968 0.00013798 0.00011249 9.77989e-05 8.43822e-05 9.52749e-05 0.000102494 
8.84425e-05 0.000114299 8.40648e-05 8.6836e-05 0.000117731 0.00012102 0.000496171 0.000552915 
0.000123292 0.000184248 0.000117959 0.000113364 0.000111939 0.000141022 9.13635e-05 0.00011031 
8.16998e-05 0.000320177 0.000122521 0.00012652 0.00026292 0.000109085 0.000194265 0.000115981 
6.67476e-05 7.54727e-05 0.000274391 5.58505e-05 0.000279504 0.000165655 0.000346681 4.68299e-05 
0.000364039 5.67855e-05 9.76859e-05 4.67691e-05 5.33626e-05 9.57126e-05 7.22049e-05 6.36866e-05 
3.95398e-05 0.000103282 9.2261e-05 9.86491e-05 0.000109404 0.000114292 0.000108243 0.000106939 
8.23308e-05 4.52818e-05 0.000127574 8.96456e-05 8.40211e-05 9.15786e-05 5.48914e-05 7.12595e-05 
4.52549e-05 8.2505e-05 7.02673e-05 4.06555e-05 0.000106027 6.21502e-05 3.14065e-05 5.12785e-05 
9.9316e-05 8.77139e-05 0.000112907 5.12381e-05 7.4827e-05 0.000118476 6.67011e-05 7.29277e-05 
