5.52557e-06 9.29085e-06 1.25438e-05 1.72624e-05 4.48314e-05 1.54589e-05 9.06318e-06 8.5852e-06 8.24585e-06 1.08543e-05 2.12638e-05 9.73396e-06 1.07384e-05 6.91492e-06 8.91773e-06 9.30503e-06 
0.000105923 0.000130898 9.03323e-05 9.2529e-05 6.55247e-05 7.6956e-05 0.000125797 0.000122207 0.000105953 5.61249e-05 3.18595e-05 7.13134e-05 6.05173e-05 4.91278e-05 0.000103491 5.70115e-05 
7.88902e-05 8.70473e-05 0.000110477 0.000107234 6.03816e-05 5.53577e-05 6.22693e-05 8.87316e-05 6.02266e-05 8.14666e-05 4.98755e-05 4.27759e-05 9.67821e-05 3.53626e-05 3.71714e-05 3.26935e-05 
6.9678e-05 7.13448e-05 9.74925e-05 0.000108678 6.11828e-05 5.14131e-05 0.000100296 5.68311e-05 4.57763e-05 8.84417e-05 6.68567e-05 5.82676e-05 8.75471e-05 7.10722e-05 5.31738e-05 5.50756e-05 
8.51793e-05 5.19421e-05 0.000101509 5.39163e-05 0.000130413 6.95037e-05 5.89174e-05 6.23582e-05 8.05742e-05 5.94528e-05 6.51848e-05 7.3311e-05 4.91753e-05 7.51323e-05 9.33376e-05 8.68748e-05 
7.78027e-05 6.59752e-05 6.58261e-05 6.86552e-05 7.17683e-05 8.87563e-05 9.35886e-05 0.000102037 8.14922e-05 5.29796e-05 3.37411e-05 3.63486e-05 4.24007e-05 4.03186e-05 4.32506e-05 6.18505e-05 
0.000102834 9.2508e-05 6.0901e-05 5.57562e-05 5.9486e-05 0.000107076 0.00011974 8.6328e-05 0.000110285 4.61613e-05 2.919e-05 2.94568e-05 4.35686e-05 3.09698e-05 3.36317e-05 6.86777e-05 
0.000101181 0.000113906 0.000130627 6.17641e-05 7.35307e-05 6.93142e-05 0.000131566 0.000146958 9.27493e-05 3.72011e-05 2.69269e-05 2.31451e-05 6.31092e-05 0.000113986 2.74948e-05 6.90047e-05 
2.10107e-05 4.08159e-05 1.34896e-05 4.1948e-05 8.83336e-05 2.06467e-05 8.58034e-06 6.028e-06 6.41474e-06 1.11409e-05 7.51334e-05 3.06234e-05 1.35044e-05 1.44026e-05 2.76935e-05 1.47969e-05 
8.35717e-05 6.50226e-05 3.13716e-05 4.40511e-05 3.4702e-05 4.85478e-05 5.21594e-05 6.41347e-05 8.44146e-05 4.6795e-06 5.91325e-06 3.43088e-05 1.49503e-05 9.90064e-06 1.357e-05 2.97022e-05 
8.83081e-05 5.20972e-05 4.36669e-05 5.28802e-05 4.17438e-05 4.6177e-05 4.31522e-05 0.000109528 8.61751e-05 9.13864e-06 4.47447e-06 2.03304e-05 1.98131e-05 1.13924e-05 1.02093e-05 1.79704e-05 
4.52725e-05 7.9761e-05 8.36107e-05 6.79802e-05 3.5433e-05 3.49857e-05 6.24201e-05 6.07913e-05 7.8036e-05 3.98305e-05 2.31374e-05 9.13293e-06 1.08222e-05 1.61955e-05 1.41088e-05 1.21159e-05 
1.11313e-05 1.07293e-05 1.49976e-05 1.89823e-05 0.000126414 1.82348e-05 1.22859e-05 1.11357e-05 1.25979e-05 1.11961e-05 1.68711e-05 1.24454e-05 4.73298e-06 6.02569e-06 8.60166e-06 1.25354e-05 
3.69552e-05 3.31883e-05 2.15978e-05 2.45861e-05 3.24102e-05 3.00073e-05 7.39834e-05 6.27143e-05 5.3876e-05 1.24714e-05 1.56108e-05 2.85558e-05 6.80569e-06 4.45828e-06 5.85652e-06 9.69422e-06 
7.10915e-05 4.67326e-05 2.51809e-05 2.45239e-05 3.26173e-05 3.14705e-05 5.75575e-05 6.30594e-05 8.0522e-05 1.81171e-05 1.09742e-05 1.95043e-05 7.94226e-06 6.21278e-06 4.61592e-06 1.44428e-05 
2.20983e-05 2.92503e-05 3.02671e-05 2.62076e-05 3.57777e-05 2.86116e-05 2.12972e-05 3.16738e-05 6.24164e-05 1.92024e-05 1.66904e-05 2.97307e-05 2.16042e-05 7.60067e-06 6.29297e-06 5.56912e-06 
