1.08693e-17 1.53742e-05 1.29193e-05 1.06876e-05 1.3549e-05 1.54688e-05 1.03416e-05 1.18507e-05 1.35978e-05 7.75554e-05 1.88148e-05 1.29052e-05 8.32033e-06 1.34967e-05 1.19138e-05 6.87259e-06 
0.000160453 9.96921e-18 1.05742e-05 0.000214259 0.00016 6.68037e-06 8.31432e-06 3.2673e-05 0.000206863 1.73967e-05 1.03311e-05 0.000117157 8.55671e-05 1.45618e-05 1.39496e-05 2.40987e-05 
8.37474e-05 1.12547e-05 1.00493e-17 3.83061e-05 9.06262e-05 7.87295e-06 3.41245e-06 2.69563e-05 0.000142356 4.13349e-05 1.53274e-05 2.16275e-05 8.11322e-05 1.63836e-05 9.78643e-06 1.44119e-05 
4.59838e-05 1.56308e-05 7.55249e-06 9.1276e-18 6.76625e-05 1.07921e-05 8.82842e-06 4.86051e-06 7.50551e-05 0.000110679 4.02995e-05 1.12486e-05 7.20947e-05 0.000108002 1.20029e-05 1.3275e-05 
1.15824e-05 2.62916e-05 3.54909e-05 8.47393e-06 1.11684e-17 8.26369e-06 1.71791e-05 1.05266e-05 4.12447e-06 9.02304e-06 0.000206754 2.51435e-05 1.00475e-05 1.58536e-05 3.08808e-05 1.62424e-05 
9.59177e-05 1.29534e-05 1.68125e-05 7.36393e-05 0.000197073 7.05383e-18 5.2292e-06 0.000118784 0.000202815 1.71892e-05 8.4203e-06 3.36293e-05 9.01456e-05 1.27666e-05 1.0327e-05 3.18052e-05 
0.000151753 1.63535e-05 1.45875e-05 0.000100267 0.000174855 7.02345e-06 1.44781e-17 5.75413e-05 0.000192359 3.82088e-05 1.32339e-05 3.18676e-05 0.000112864 1.86525e-05 1.02679e-05 3.00886e-05 
0.000103065 1.7463e-05 8.5282e-06 1.53893e-05 0.000141223 1.01824e-05 6.75487e-06 8.86308e-18 0.000166952 4.66877e-05 2.35108e-05 1.46687e-05 0.00011647 2.29597e-05 1.37126e-05 1.60254e-05 
1.09917e-05 5.78249e-05 1.81956e-05 1.02926e-05 4.63418e-06 9.49302e-06 3.99596e-05 9.48822e-06 1.1524e-17 1.13073e-05 0.000115906 2.19589e-05 1.11018e-05 1.28306e-05 2.4864e-05 1.617e-05 
0.00016902 1.41587e-05 2.00104e-05 0.00013462 9.03739e-05 4.08787e-06 6.53562e-06 0.00010135 9.28575e-05 1.26953e-17 5.86154e-06 3.3559e-05 3.99092e-05 1.2841e-05 1.24904e-05 0.000143571 
5.98784e-05 1.4616e-05 1.46708e-05 9.75887e-05 9.91062e-05 5.70354e-06 3.7942e-06 5.35193e-05 0.000110702 8.92372e-06 8.57607e-18 2.85914e-05 5.5719e-05 1.545e-05 8.29992e-06 3.76344e-05 
0.000124289 2.47131e-05 1.4426e-05 4.10223e-05 0.000198686 1.08893e-05 9.95092e-06 1.90283e-05 0.000151295 3.20875e-05 1.19773e-05 1.4338e-17 0.000157754 0.000143002 3.45517e-05 1.68909e-05 
1.09965e-05 3.15179e-05 1.89109e-05 1.89648e-05 1.17863e-05 1.0826e-05 1.43852e-05 1.4466e-05 9.68317e-06 1.80784e-05 3.19769e-05 1.07121e-05 9.27782e-18 6.80594e-06 7.48505e-06 2.08632e-05 
0.000118397 2.01681e-05 2.13813e-05 0.000105723 0.000126554 1.01504e-05 9.22532e-06 7.33202e-05 8.74925e-05 1.55106e-05 1.56275e-05 9.16158e-05 7.28924e-05 1.19292e-17 5.12351e-06 0.000108977 
0.000162508 2.02344e-05 1.64951e-05 0.000116584 0.000169339 9.79041e-06 8.12964e-06 6.75209e-05 0.000205066 3.39775e-05 1.33945e-05 3.48761e-05 7.78645e-05 1.01274e-05 9.703e-18 2.1307e-05 
6.00254e-05 1.77645e-05 1.17417e-05 3.06598e-05 6.87636e-05 1.23089e-05 1.06128e-05 2.17043e-05 0.000116654 2.82815e-05 1.60294e-05 1.78838e-05 0.000131588 1.17476e-05 5.99803e-06 1.10424e-17 
