0.000103997 9.15393e-05 9.47455e-05 9.58993e-05 9.39459e-05 0.00010606 5.66352e-05 7.50147e-05 
0.00010995 0.000102638 9.68429e-05 8.5751e-05 9.35858e-05 0.000102912 4.44809e-05 0.00014033 
9.8715e-05 0.000102875 9.59804e-05 5.98269e-05 9.52039e-05 0.000124342 4.12735e-05 5.6616e-05 
0.000109411 9.51803e-05 0.00010064 6.27953e-05 9.54473e-05 0.000113652 3.66581e-05 6.88048e-05 
0.000162285 0.000103364 5.6348e-05 8.68246e-05 9.18046e-05 0.000103259 6.09625e-05 7.2357e-05 
9.20503e-05 0.000100818 0.000105585 9.69951e-05 0.000100519 0.000108739 4.00677e-05 0.000112316 
0.000168593 9.47012e-05 6.30191e-05 7.53576e-05 0.000103705 0.000165177 4.76074e-05 8.69166e-05 
0.000168593 0.000101532 9.88675e-05 0.000101746 9.62172e-05 0.000109664 4.27408e-05 9.01785e-05 
0.000132881 9.40332e-05 9.69738e-05 9.43639e-05 0.000108424 0.00011797 4.32075e-05 8.50172e-05 
0.000128241 9.98492e-05 0.000102136 0.00012103 0.000109862 0.000109894 5.45475e-05 7.1226e-05 
0.000166543 9.64738e-05 9.54872e-05 0.000100998 0.000108924 0.00011483 5.01639e-05 8.024e-05 
0.000136615 0.000104396 5.91617e-05 9.66868e-05 9.88304e-05 0.000116397 4.43161e-05 9.86018e-05 
0.000122688 0.000102896 9.66034e-05 9.27896e-05 9.05802e-05 0.000109481 4.49471e-05 0.000117293 
0.000121886 9.85505e-05 3.82057e-05 6.96446e-05 9.41068e-05 0.000108546 3.48506e-05 7.47785e-05 
0.000128982 0.000110416 0.000101901 8.67711e-05 0.000104059 0.00010327 5.86341e-05 9.34683e-05 
0.000120202 0.000111091 0.000103213 8.7419e-05 9.74767e-05 0.00011501 3.70232e-05 7.16595e-05 
