5.92116e-06 5.34569e-05 7.82542e-05 4.81097e-05 9.36181e-06 5.85953e-05 9.51076e-05 0.000114907 1.05231e-05 9.2818e-05 9.76708e-05 6.99627e-05 9.88733e-06 4.79992e-05 0.000112299 3.322e-05 
1.46778e-05 3.20403e-05 8.40468e-05 8.10346e-05 1.67935e-05 2.01207e-05 6.9259e-05 8.78489e-05 1.79255e-05 5.00589e-05 5.54903e-05 9.43437e-05 1.36193e-05 3.12705e-05 4.90998e-05 0.000119331 
2.60053e-05 4.46887e-05 0.000107034 0.000114287 2.88448e-05 3.13865e-05 9.27914e-05 0.000121772 2.39248e-05 6.27975e-05 6.87717e-05 9.27311e-05 2.03081e-05 5.09771e-05 8.15111e-05 8.57517e-05 
4.00116e-05 4.4144e-05 8.15256e-05 0.000114929 5.29341e-05 5.22177e-05 0.000102526 0.000116597 0.000120064 6.8842e-05 9.63409e-05 0.000108073 0.0001099 4.78558e-05 5.75089e-05 9.96907e-05 
6.11052e-05 8.07054e-05 7.44814e-05 6.90991e-05 6.41506e-05 9.95166e-05 6.95615e-05 8.44396e-05 5.16793e-05 8.24825e-05 8.77697e-05 6.56755e-05 6.50363e-05 9.1361e-05 7.72321e-05 0.00010766 
1.76281e-05 7.6138e-05 6.24991e-05 4.45679e-05 0.000101742 0.000118129 8.40609e-05 4.44926e-05 2.71333e-05 0.000101259 7.00366e-05 4.19564e-05 6.10853e-05 9.71521e-05 7.79894e-05 2.17917e-05 
3.11009e-05 9.6226e-05 6.62709e-05 4.00012e-05 2.27118e-05 0.000125669 9.37157e-05 4.05802e-05 1.75908e-05 9.5505e-05 8.64526e-05 3.94159e-05 0.000132837 0.000107651 8.35778e-05 1.80658e-05 
1.15963e-05 8.29758e-05 5.80194e-05 3.60397e-05 1.18793e-05 0.000119207 8.25111e-05 4.12802e-05 2.11813e-05 8.98894e-05 9.06089e-05 3.84248e-05 1.82058e-05 9.18671e-05 7.0497e-05 1.75452e-05 
6.37256e-06 0.000105152 6.56062e-05 6.36448e-05 5.53153e-06 0.000109246 7.46988e-05 6.06036e-05 6.11625e-06 9.54026e-05 8.9121e-05 5.48074e-05 1.3185e-05 0.000110725 6.83471e-05 4.50396e-05 
8.9936e-06 1.14101e-05 3.88265e-05 3.99143e-05 9.84036e-06 7.5725e-06 2.98695e-05 3.68952e-05 8.31081e-06 1.04593e-05 1.68368e-05 0.000124263 1.05576e-05 1.4134e-05 3.52481e-05 8.67074e-05 
3.51516e-05 1.00639e-05 7.17545e-06 2.1537e-05 5.20223e-05 6.58905e-06 4.25008e-06 1.64312e-05 2.98556e-05 6.0092e-06 4.03402e-06 1.49667e-05 1.6104e-05 9.03631e-06 6.12849e-06 2.23553e-05 
1.35164e-05 3.16469e-05 1.18139e-05 1.22262e-05 1.87622e-05 2.44279e-05 1.24305e-05 1.22953e-05 7.56558e-05 2.47867e-05 1.2805e-05 1.08932e-05 1.24976e-05 2.3078e-05 1.1311e-05 1.2861e-05 
8.53904e-06 7.95112e-06 1.34222e-05 2.97951e-05 1.01335e-05 7.57424e-06 9.03247e-06 2.33435e-05 9.75917e-06 8.26826e-06 8.1752e-06 1.65992e-05 4.41359e-06 7.80995e-06 6.83211e-06 1.38258e-05 
1.1905e-05 1.01843e-05 1.13614e-05 2.04538e-05 1.80544e-05 9.16753e-06 9.25384e-06 1.61351e-05 1.42211e-05 8.55158e-06 9.44794e-06 2.2448e-05 7.84049e-06 5.52292e-06 7.15559e-06 9.18586e-05 
1.51641e-05 9.18418e-06 9.65436e-06 1.554e-05 1.55548e-05 1.1988e-05 1.14093e-05 1.18273e-05 2.14594e-05 1.10847e-05 8.43092e-06 8.99777e-06 1.06304e-05 6.67919e-06 5.56456e-06 7.30083e-06 
1.16801e-05 5.65444e-05 2.19741e-05 1.50541e-05 1.34933e-05 4.93929e-05 2.32634e-05 1.27326e-05 2.38833e-05 1.8164e-05 2.02626e-05 9.18108e-06 1.77646e-05 2.36754e-05 1.61923e-05 6.62376e-06 
