5.51371e-06 1.19568e-05 1.07678e-05 1.68668e-05 0.000118011 1.29603e-05 9.34183e-06 9.13027e-06 8.8246e-06 1.02462e-05 2.77246e-05 1.47294e-05 0.000146039 1.39651e-05 7.27894e-06 9.93678e-06 
8.09924e-05 9.19956e-05 6.75071e-05 4.51729e-05 4.45895e-05 8.44178e-05 9.54677e-05 0.000118887 8.53868e-05 1.68755e-05 1.11241e-05 5.53675e-05 2.17907e-05 1.33733e-05 4.39162e-05 6.00976e-05 
4.90556e-05 8.6252e-05 7.07879e-05 6.39921e-05 2.47611e-05 5.10841e-05 5.30729e-05 6.73238e-05 6.1419e-05 3.44943e-05 1.41788e-05 2.3218e-05 1.82639e-05 1.55383e-05 8.78632e-06 1.71801e-05 
6.59611e-05 7.24748e-05 0.000104901 8.14722e-05 3.01439e-05 3.82383e-05 4.46113e-05 5.42059e-05 7.48711e-05 5.74699e-05 2.33634e-05 1.27279e-05 2.97443e-05 6.88715e-05 1.90291e-05 2.49432e-05 
3.71826e-05 4.18008e-05 1.22904e-05 8.15365e-05 9.28575e-05 2.57929e-05 1.03474e-05 7.7041e-06 6.33236e-06 1.77703e-05 0.000111667 2.92509e-05 1.22901e-05 2.14182e-05 7.12684e-05 3.16826e-05 
7.33812e-05 5.4371e-05 3.64991e-05 3.01328e-05 2.61546e-05 6.04162e-05 4.88129e-05 8.49099e-05 5.53757e-05 1.78466e-05 5.93998e-06 1.28303e-05 1.91906e-05 9.85716e-06 1.35842e-05 3.62533e-05 
5.45847e-05 5.46454e-05 4.45651e-05 3.16874e-05 3.07861e-05 5.65503e-05 7.27197e-05 6.58513e-05 8.03716e-05 3.02374e-05 4.64843e-06 1.1932e-05 1.21998e-05 1.03117e-05 9.14087e-06 2.22809e-05 
6.74908e-05 0.000133528 9.00775e-05 7.70898e-05 3.94897e-05 4.38245e-05 6.99413e-05 7.5933e-05 7.46516e-05 4.38783e-05 3.04902e-05 1.0924e-05 6.8742e-05 1.73106e-05 1.09792e-05 1.1895e-05 
5.29458e-05 7.44035e-05 1.3969e-05 8.75024e-05 0.000247741 1.83839e-05 1.10536e-05 8.56535e-06 5.9385e-06 7.94106e-05 5.48796e-05 3.16877e-05 1.26107e-05 1.14058e-05 3.44171e-05 2.0971e-05 
8.80775e-05 5.06714e-05 4.66948e-05 3.23231e-05 3.60328e-05 6.17158e-05 0.000136879 0.000109858 9.33367e-05 4.37526e-06 6.88394e-06 5.32715e-05 1.60553e-05 1.12926e-05 1.37399e-05 4.49185e-05 
9.76862e-05 6.64663e-05 4.21632e-05 4.50121e-05 4.01731e-05 8.11568e-05 8.21383e-05 0.000124845 8.71107e-05 8.98752e-06 4.03054e-06 1.70801e-05 1.5113e-05 1.27226e-05 9.66658e-06 2.57465e-05 
7.04828e-05 0.000103683 0.000100506 0.000102748 3.32606e-05 6.52098e-05 8.13073e-05 9.23974e-05 9.79799e-05 4.95497e-05 1.58667e-05 9.75912e-06 1.38304e-05 1.91484e-05 1.40838e-05 1.74175e-05 
1.20381e-05 8.65136e-06 1.0097e-05 1.98423e-05 5.80678e-05 1.29693e-05 1.09299e-05 9.35205e-06 8.05835e-06 9.20424e-06 2.95923e-05 1.01836e-05 4.33565e-06 6.12429e-06 1.81225e-05 1.08062e-05 
6.12141e-05 3.78636e-05 2.46402e-05 2.55984e-05 3.7987e-05 3.60291e-05 8.06272e-05 8.35061e-05 7.32275e-05 1.62856e-05 1.37415e-05 5.49079e-05 6.96603e-06 4.6852e-06 5.84763e-06 1.10202e-05 
5.86187e-05 4.52389e-05 2.62981e-05 3.52963e-05 5.03044e-05 3.61494e-05 5.47694e-05 5.56975e-05 6.29142e-05 3.90238e-05 1.24017e-05 1.95699e-05 7.98528e-06 5.56702e-06 4.50996e-06 1.30903e-05 
4.20347e-05 3.071e-05 5.14877e-05 4.41267e-05 4.08821e-05 2.40041e-05 2.665e-05 3.85972e-05 5.31194e-05 5.03109e-05 2.10332e-05 2.27536e-05 7.9883e-05 8.57625e-06 5.59366e-06 5.25857e-06 
