5.49205e-18 1.19363e-05 2.26792e-05 9.18143e-06 2.32117e-05 2.11409e-05 5.84957e-05 1.21943e-05 2.45031e-05 1.53184e-05 5.49235e-05 1.10092e-05 1.01413e-05 2.16515e-05 7.40541e-06 6.36432e-06 
0.000224876 7.50556e-18 9.21934e-06 3.21123e-05 0.000143682 5.84116e-06 7.48679e-06 5.5033e-05 0.000135001 3.64118e-05 9.04785e-06 8.27463e-05 0.000108854 1.9911e-05 1.42425e-05 3.37466e-05 
5.68586e-05 7.10678e-06 7.50753e-18 1.31675e-05 0.000207085 7.2173e-06 3.40548e-06 2.65138e-05 0.000120562 6.30551e-05 1.1509e-05 3.64205e-05 7.701e-05 2.8914e-05 1.28439e-05 1.59464e-05 
2.70602e-05 1.15173e-05 6.98396e-06 8.01143e-18 8.33334e-05 8.85373e-05 8.03175e-06 1.16578e-05 5.41939e-05 9.0279e-05 2.19429e-05 1.57328e-05 5.35687e-05 5.14478e-05 1.15008e-05 8.23039e-06 
1.45163e-05 4.42101e-05 7.52678e-05 1.00829e-05 1.09536e-17 1.48296e-05 2.50905e-05 1.2984e-05 3.443e-06 7.72312e-06 4.20577e-05 1.6655e-05 1.08478e-05 1.05526e-05 2.27084e-05 4.21883e-05 
0.000103178 9.90205e-06 2.17591e-05 9.66768e-05 0.000192857 1.0954e-17 6.2403e-06 0.000106135 0.00015418 3.3558e-05 9.21581e-06 7.44431e-05 0.000113746 1.65251e-05 1.19289e-05 3.29518e-05 
0.000114299 1.29169e-05 1.73181e-05 5.87003e-05 0.000174976 7.08144e-06 1.39743e-17 5.56299e-05 0.000171771 5.04165e-05 1.10548e-05 6.94994e-05 0.000107339 2.20321e-05 1.44231e-05 2.97692e-05 
8.63773e-05 1.42652e-05 9.73674e-06 1.22843e-05 0.000146925 1.10979e-05 8.22515e-06 1.00101e-17 0.000134469 8.01923e-05 1.57652e-05 1.15195e-05 9.90011e-05 0.0001042 1.74107e-05 1.11439e-05 
1.28055e-05 3.70698e-05 7.86722e-05 9.8204e-06 4.89145e-06 1.07232e-05 6.57934e-05 9.05253e-06 9.86532e-18 7.70508e-06 2.70126e-05 1.8944e-05 1.09697e-05 1.12896e-05 3.49211e-05 1.42983e-05 
3.10453e-05 9.45805e-06 2.00225e-05 0.000158015 5.40473e-05 4.05448e-06 6.93829e-06 0.000110203 6.20153e-05 1.24714e-17 6.06712e-06 9.14118e-05 3.17274e-05 9.57511e-06 1.65391e-05 4.9e-05 
5.63759e-05 1.1678e-05 1.45096e-05 6.153e-05 9.4835e-05 6.26132e-06 3.15957e-06 7.52959e-05 0.000101157 2.01416e-05 8.34965e-18 6.49543e-05 6.07449e-05 1.49242e-05 1.11131e-05 2.54746e-05 
7.81113e-05 1.02815e-05 9.52969e-06 1.05869e-05 0.000135748 1.17576e-05 1.40102e-05 6.32439e-06 0.000107771 6.39256e-05 1.05668e-05 6.03814e-18 0.000113346 6.52533e-05 1.92533e-05 1.32724e-05 
9.4628e-06 1.01712e-05 2.50047e-05 2.10032e-05 1.21092e-05 1.49033e-05 1.23385e-05 1.35271e-05 9.8545e-06 9.3841e-06 7.03711e-05 1.12675e-05 5.93494e-18 7.63949e-06 7.87035e-06 2.15816e-05 
0.000136282 1.94553e-05 2.17623e-05 0.000186097 7.13398e-05 1.07859e-05 9.37242e-06 6.36519e-05 6.00512e-05 1.66634e-05 1.6109e-05 6.02446e-05 6.23631e-05 7.2683e-18 6.36274e-06 0.000167816 
0.000104614 1.46658e-05 1.93859e-05 3.05704e-05 0.00013499 1.30884e-05 1.05074e-05 5.5324e-05 0.000156718 3.27921e-05 1.41617e-05 6.44296e-05 7.65024e-05 1.18077e-05 8.42848e-18 1.63237e-05 
4.15162e-05 1.56646e-05 1.20869e-05 1.16301e-05 9.83576e-05 1.36191e-05 1.16549e-05 1.96086e-05 0.000107202 3.58385e-05 1.57576e-05 2.58437e-05 8.572e-05 9.07048e-05 5.23355e-06 9.05221e-18 
