3.03575e-06 1.72247e-05 1.38668e-05 1.01514e-05 4.71144e-05 1.34166e-05 1.93638e-05 1.35461e-05 3.43889e-05 0.000110058 1.77687e-05 1.04065e-05 8.9847e-06 1.10928e-05 8.03721e-06 6.63736e-06 
8.74106e-05 6.93067e-06 9.20783e-06 0.000120376 0.000155993 5.89422e-06 6.71456e-06 4.57677e-05 0.000178617 1.7458e-05 9.22228e-06 0.00013893 9.77114e-05 1.48998e-05 1.30219e-05 2.64769e-05 
6.06983e-05 1.00886e-05 3.64025e-06 3.46815e-05 0.00011593 6.27121e-06 3.27001e-06 2.22381e-05 0.000147745 3.11691e-05 1.04162e-05 2.26055e-05 8.0075e-05 1.54364e-05 1.22234e-05 1.61483e-05 
3.57513e-05 1.50037e-05 6.14963e-06 1.17871e-05 5.77264e-05 9.00089e-06 6.12703e-06 8.45995e-06 5.54556e-05 9.38e-06 8.04296e-05 1.04407e-05 7.47753e-05 5.42269e-05 9.50821e-06 8.91621e-06 
1.08613e-05 6.93885e-05 3.67137e-05 8.27509e-06 5.51992e-06 1.13299e-05 9.11396e-05 1.15376e-05 3.74186e-06 1.05441e-05 3.99606e-05 2.34129e-05 9.4961e-06 1.21757e-05 1.62891e-05 1.47724e-05 
0.000101719 1.0447e-05 1.57509e-05 0.00015601 0.000139826 4.27882e-06 5.53056e-06 0.000144424 0.000237851 1.39415e-05 7.9937e-06 4.4126e-05 0.000109092 1.12994e-05 1.0174e-05 3.13343e-05 
0.000119136 1.44312e-05 1.39455e-05 8.50506e-05 0.000158246 6.5094e-06 4.05069e-06 5.09833e-05 0.000183034 2.78069e-05 1.01442e-05 3.15592e-05 9.94759e-05 1.46169e-05 9.3141e-06 2.36798e-05 
9.49021e-05 1.66743e-05 7.09101e-06 9.26936e-06 0.000125266 1.00045e-05 6.17019e-06 4.81443e-06 0.000115028 3.58105e-05 1.59463e-05 1.18649e-05 0.000130774 0.000192343 1.20882e-05 1.55566e-05 
8.08583e-06 2.83311e-05 2.89753e-05 7.08954e-06 4.23875e-06 6.18672e-05 4.43254e-05 9.15949e-06 3.48498e-06 8.44099e-06 0.000159239 3.84024e-05 9.42313e-06 1.19788e-05 1.65044e-05 2.16641e-05 
0.000148518 9.20324e-06 2.22232e-05 0.00015837 5.08145e-05 3.29272e-06 6.05968e-06 0.00010583 6.01389e-05 3.58131e-06 6.15467e-06 4.02733e-05 2.81536e-05 9.97917e-06 1.17199e-05 7.56319e-05 
6.26589e-05 1.30782e-05 1.10041e-05 0.000121304 0.000112506 5.52393e-06 2.81397e-06 5.37451e-05 0.000117174 8.66126e-06 2.8443e-06 2.50431e-05 6.26313e-05 1.38377e-05 1.12366e-05 2.02766e-05 
5.97617e-05 6.1233e-05 9.73988e-06 8.71162e-06 0.000127118 1.05799e-05 9.9235e-06 6.82405e-06 0.000111661 2.51495e-05 1.11718e-05 5.4754e-06 7.79795e-05 0.000102496 2.34313e-05 1.36449e-05 
9.68897e-06 3.68978e-05 1.93874e-05 3.05404e-05 2.42313e-05 1.06175e-05 9.33189e-05 0.000180854 2.00899e-05 0.000132717 4.25019e-05 1.46146e-05 3.28446e-06 7.23144e-06 6.89611e-06 0.000206068 
0.000155735 5.25519e-05 1.81952e-05 9.38628e-05 9.99951e-05 9.22296e-06 9.99871e-06 7.60903e-05 7.31662e-05 1.24701e-05 1.3005e-05 7.41604e-05 3.93773e-05 4.60807e-06 5.87804e-06 0.000159477 
9.89472e-05 1.62855e-05 1.1769e-05 7.58692e-05 0.000165187 9.48543e-06 8.11114e-06 4.48639e-05 0.000102367 2.15947e-05 1.22942e-05 2.87954e-05 0.000117293 8.87467e-06 3.42548e-06 1.55114e-05 
5.99122e-05 1.69047e-05 9.76938e-06 2.07138e-05 7.32677e-05 1.09962e-05 1.05489e-05 2.01817e-05 8.69078e-05 3.00358e-05 1.38167e-05 1.69831e-05 5.65409e-05 1.27013e-05 5.69738e-06 3.43331e-06 
