6.33629e-05 5.04705e-05 6.29712e-05 6.23461e-05 0.000103398 5.04422e-05 5.30582e-05 6.63213e-05 8.81222e-05 0.000109712 9.24445e-05 8.19225e-05 6.9543e-05 7.44835e-05 5.45218e-05 5.59713e-05 
0.000167535 4.92424e-05 6.02285e-05 8.40946e-05 0.00010526 5.59843e-05 5.84987e-05 0.000138278 5.95886e-05 4.77853e-05 4.77394e-05 7.4897e-05 8.19134e-05 6.17336e-05 5.22131e-05 7.81447e-05 
9.85575e-05 3.19337e-05 6.38542e-05 7.90089e-05 0.000111778 3.40249e-05 6.35937e-05 9.69705e-05 5.89072e-05 7.21755e-05 4.36817e-05 6.54238e-05 0.000101984 4.47565e-05 2.47644e-05 5.91551e-05 
4.79309e-05 3.21478e-05 3.57578e-05 6.56877e-05 0.000109112 4.08913e-05 5.00016e-05 5.93109e-05 9.76913e-05 2.98886e-05 2.80373e-05 4.962e-05 0.000113153 2.45871e-05 2.41099e-05 6.4195e-05 
6.23711e-05 3.02969e-05 2.63122e-05 3.03225e-05 7.48216e-05 3.80292e-05 2.38322e-05 2.19835e-05 0.000174769 2.73054e-05 3.13715e-05 2.36538e-05 7.59736e-05 2.28801e-05 7.01053e-05 8.15076e-05 
0.000282458 0.000122609 5.17313e-05 5.70421e-05 0.000112326 8.97113e-05 4.99153e-05 6.64531e-05 0.000209782 0.000110866 9.91204e-05 7.00565e-05 9.35117e-05 0.00013424 6.84715e-05 5.2981e-05 
9.16466e-05 8.80275e-05 6.62557e-05 7.15767e-05 0.000168744 0.000108468 8.62828e-05 7.24344e-05 0.000173193 0.00010773 8.67489e-05 9.22011e-05 8.17364e-05 7.85263e-05 6.32577e-05 6.08303e-05 
9.50756e-05 0.000132475 6.75567e-05 9.16459e-05 0.00013152 0.000163318 8.07291e-05 7.63811e-05 0.000113239 8.35612e-05 8.8544e-05 6.72203e-05 8.92716e-05 0.000147058 6.21809e-05 5.87272e-05 
7.12104e-05 7.87176e-05 6.78512e-05 6.00928e-05 7.12295e-05 9.64654e-05 7.20917e-05 5.93727e-05 0.000111337 6.91565e-05 7.40566e-05 5.67982e-05 0.000118663 7.18226e-05 5.38471e-05 4.55074e-05 
0.000124415 7.8181e-05 0.000126866 0.000133138 9.64925e-05 6.62519e-05 8.09788e-05 0.00010607 0.000121749 5.66873e-05 7.86175e-05 0.000154411 9.73275e-05 6.16406e-05 6.43335e-05 7.98259e-05 
6.53266e-05 1.49266e-05 8.83982e-06 2.68757e-05 7.35937e-05 2.25943e-05 4.80875e-06 1.95561e-05 0.00010159 6.10956e-06 4.58801e-06 2.52369e-05 6.43154e-05 1.18691e-05 7.58635e-06 8.53627e-05 
5.76189e-05 5.38026e-05 1.21765e-05 1.24396e-05 4.99579e-05 6.25597e-05 1.5368e-05 1.07037e-05 0.000162706 2.52475e-05 1.29896e-05 1.06452e-05 5.80505e-05 2.49222e-05 1.11182e-05 1.75129e-05 
8.54325e-06 1.1499e-05 1.58306e-05 2.74523e-05 9.89074e-06 1.17991e-05 1.04108e-05 2.11505e-05 1.20507e-05 8.3185e-06 1.61038e-05 1.69235e-05 5.24777e-06 9.00736e-06 8.09463e-06 1.33735e-05 
8.96637e-05 1.5818e-05 1.14836e-05 1.95254e-05 9.05507e-05 2.62788e-05 9.02714e-06 1.76827e-05 8.73092e-05 1.21499e-05 8.43642e-06 2.15944e-05 0.00010788 9.59151e-06 6.81421e-06 3.82566e-05 
0.000159089 5.44967e-05 2.1319e-05 3.35192e-05 0.000164335 7.639e-05 1.73485e-05 2.49155e-05 0.00018211 3.50954e-05 2.75653e-05 3.49035e-05 0.000275484 4.76405e-05 1.48014e-05 4.57919e-05 
0.000227323 0.000111164 6.36058e-05 4.71585e-05 0.000164931 0.00016991 4.70199e-05 4.89355e-05 0.000238517 8.36389e-05 8.55945e-05 6.08047e-05 0.000148034 0.0001311 5.85548e-05 6.24771e-05 
