5.92116e-06 1.46778e-05 2.60053e-05 4.00116e-05 6.11052e-05 1.76281e-05 3.11009e-05 1.15963e-05 6.37256e-06 8.9936e-06 3.51516e-05 1.35164e-05 8.53904e-06 1.1905e-05 1.51641e-05 1.16801e-05 
5.34569e-05 3.20403e-05 4.46887e-05 4.4144e-05 0.000102516 7.6138e-05 9.6226e-05 8.29758e-05 0.000172292 1.14101e-05 1.00639e-05 3.16469e-05 6.22826e-05 1.01843e-05 9.18418e-06 5.65444e-05 
7.82542e-05 8.45025e-05 0.000107034 8.15256e-05 0.000111019 6.24991e-05 6.62709e-05 5.80194e-05 9.76354e-05 3.88265e-05 1.57676e-05 1.79943e-05 0.000123532 1.71148e-05 9.65436e-06 2.19741e-05 
4.81097e-05 8.80302e-05 0.000140069 0.000114929 6.90991e-05 4.45679e-05 4.00012e-05 3.60397e-05 6.36448e-05 3.99143e-05 2.18972e-05 1.22262e-05 6.40369e-05 2.06644e-05 1.554e-05 1.50541e-05 
9.36181e-06 1.67935e-05 2.88448e-05 5.29341e-05 6.41506e-05 0.000101742 2.27118e-05 1.18793e-05 5.53153e-06 9.84036e-06 5.20223e-05 1.87622e-05 1.01335e-05 1.80544e-05 1.55548e-05 1.34933e-05 
6.43923e-05 2.01207e-05 3.13865e-05 5.22177e-05 9.95166e-05 0.000118129 0.000125669 0.000156667 0.000109246 7.5725e-06 6.58905e-06 2.44279e-05 3.56032e-05 9.16753e-06 1.1988e-05 4.93929e-05 
9.51076e-05 8.29813e-05 9.27914e-05 0.000117387 0.000113185 8.40609e-05 9.37157e-05 8.25111e-05 0.000109956 2.98695e-05 1.15646e-05 2.19428e-05 9.26987e-05 1.51477e-05 1.14093e-05 2.32634e-05 
0.000114907 9.75529e-05 0.000124094 0.000116597 9.8868e-05 4.44926e-05 4.05802e-05 4.12802e-05 9.14503e-05 3.68952e-05 2.27435e-05 1.4618e-05 7.69401e-05 2.7394e-05 1.18273e-05 1.27326e-05 
1.05231e-05 1.79255e-05 2.39248e-05 0.000164775 5.16793e-05 2.71333e-05 1.75908e-05 2.11813e-05 6.11625e-06 8.31081e-06 2.98556e-05 7.56558e-05 9.75917e-06 1.42211e-05 2.14594e-05 2.38833e-05 
0.000133797 5.00589e-05 6.27975e-05 7.05987e-05 8.34762e-05 0.000101259 9.5505e-05 8.98894e-05 9.54026e-05 1.04593e-05 6.87456e-06 2.5384e-05 8.07403e-05 1.01325e-05 1.10847e-05 1.8164e-05 
9.76708e-05 6.03494e-05 7.53526e-05 9.63409e-05 0.000118345 7.00366e-05 8.64526e-05 9.06089e-05 0.000110203 1.68368e-05 6.64755e-06 2.39597e-05 8.73397e-05 1.5635e-05 8.43092e-06 2.02626e-05 
6.99627e-05 9.57037e-05 9.27311e-05 0.000108073 8.24257e-05 4.19564e-05 3.94159e-05 3.84248e-05 9.47789e-05 0.000124263 1.49667e-05 1.08932e-05 0.000138381 2.39226e-05 8.99777e-06 9.18108e-06 
9.88733e-06 1.36193e-05 2.03081e-05 0.0001099 6.50363e-05 6.10853e-05 0.000132837 1.82058e-05 1.3185e-05 1.05576e-05 1.6104e-05 1.24976e-05 6.92254e-06 7.84049e-06 1.06304e-05 1.77646e-05 
4.79992e-05 3.12705e-05 5.09771e-05 4.78558e-05 9.1361e-05 9.71521e-05 0.000107651 0.000153763 0.000132515 1.4134e-05 9.03631e-06 2.3078e-05 5.57795e-05 5.52292e-06 6.67919e-06 2.36754e-05 
0.000112299 4.90998e-05 8.15111e-05 5.75089e-05 0.000107656 7.79894e-05 8.58369e-05 7.0497e-05 0.000143554 3.52481e-05 1.38474e-05 2.11367e-05 0.000116031 1.19445e-05 5.56456e-06 1.61923e-05 
3.322e-05 0.000119331 0.000115608 0.000101603 0.00010766 2.17917e-05 1.80658e-05 1.75452e-05 4.50396e-05 0.00011048 2.23553e-05 1.2861e-05 0.000170528 9.18586e-05 7.30083e-06 6.62376e-06 
