3.17032e-06 3.03748e-05 6.67526e-05 4.27063e-05 5.74918e-05 3.84449e-05 1.94635e-05 1.97786e-05 7.8951e-06 2.26796e-05 2.15131e-05 1.91607e-05 1.15844e-05 1.05811e-05 1.29101e-05 1.18424e-05 
1.08897e-05 2.98205e-05 3.79662e-05 5.77258e-05 7.3353e-05 4.72561e-05 2.91497e-05 3.17084e-05 1.37098e-05 9.11313e-06 1.24207e-05 7.69853e-05 1.64754e-05 2.02084e-05 1.77431e-05 2.20057e-05 
2.47163e-05 3.47228e-05 5.13713e-05 6.63937e-05 5.99805e-05 4.44916e-05 3.2894e-05 2.92257e-05 1.45092e-05 9.64602e-06 7.99883e-06 1.04969e-05 1.79249e-05 1.68082e-05 1.54665e-05 1.24017e-05 
1.08523e-05 6.80249e-05 3.46696e-05 5.24067e-05 5.20234e-05 4.96651e-05 1.965e-05 4.13812e-05 7.54232e-06 4.33987e-05 2.50419e-05 9.99323e-06 1.91428e-05 6.43131e-05 5.94576e-05 2.44318e-05 
1.39951e-05 2.84174e-05 5.90998e-05 5.02892e-05 4.61677e-05 3.66177e-05 9.77264e-05 2.61354e-05 5.44109e-06 2.26777e-05 4.01882e-05 2.23783e-05 1.17126e-05 1.13892e-05 2.41418e-05 4.6214e-05 
1.30353e-05 4.01166e-05 5.9905e-05 6.11919e-05 7.18977e-05 4.51997e-05 2.73209e-05 6.43357e-05 1.39143e-05 3.66003e-06 6.72573e-06 1.6212e-05 1.0032e-05 9.63147e-06 1.15484e-05 1.64812e-05 
2.81963e-05 4.34852e-05 4.03719e-05 9.38038e-05 4.89675e-05 4.60626e-05 3.27074e-05 2.55517e-05 0.000177516 6.4446e-06 3.96998e-06 1.20425e-05 9.76461e-06 1.0549e-05 8.5814e-06 1.21107e-05 
5.02101e-05 4.66098e-05 4.21773e-05 5.46627e-05 5.55879e-05 4.51276e-05 2.94224e-05 6.92129e-05 7.65651e-06 4.51902e-05 2.65156e-05 7.90353e-06 1.6867e-05 2.8539e-05 2.17902e-05 2.19458e-05 
1.61115e-05 3.98256e-05 5.51521e-05 4.82937e-05 4.76716e-05 4.51955e-05 2.86794e-05 2.89725e-05 4.52764e-06 2.24588e-05 0.00012926 3.10749e-05 1.13412e-05 2.05737e-05 2.04148e-05 2.14693e-05 
1.28477e-05 4.51793e-05 8.73694e-05 7.40411e-05 5.53494e-05 4.31957e-05 3.44932e-05 5.61267e-05 1.08627e-05 4.05557e-06 1.06794e-05 4.71536e-05 1.08323e-05 1.15701e-05 1.23363e-05 2.11057e-05 
1.67942e-05 2.77609e-05 4.433e-05 5.95801e-05 6.88513e-05 2.91882e-05 2.54533e-05 2.26348e-05 9.8141e-05 5.86997e-06 3.27632e-06 1.7658e-05 1.79666e-05 1.41399e-05 1.0617e-05 1.37898e-05 
1.74826e-05 0.00016725 3.71904e-05 4.7505e-05 4.23269e-05 3.76285e-05 2.44281e-05 3.07212e-05 1.33963e-05 3.77249e-05 1.63679e-05 7.8299e-06 1.12465e-05 6.31634e-05 2.02032e-05 1.81784e-05 
9.1886e-06 5.86066e-05 3.85965e-05 5.66942e-05 5.51186e-05 4.28343e-05 5.26568e-05 3.84156e-05 1.04654e-05 1.74679e-05 3.13717e-05 1.03756e-05 2.63243e-06 6.59904e-06 7.46817e-06 1.74937e-05 
9.95241e-06 5.85576e-05 4.68202e-05 5.18937e-05 7.18579e-05 3.84429e-05 2.85739e-05 6.82366e-05 1.50217e-05 1.15343e-05 1.26569e-05 8.60601e-05 7.05093e-06 5.42657e-06 6.89913e-06 1.28296e-05 
1.22695e-05 4.54088e-05 4.7508e-05 7.64941e-05 8.903e-05 3.81696e-05 3.31925e-05 2.87611e-05 3.96145e-05 1.27838e-05 9.75138e-06 2.06394e-05 7.48921e-06 5.94727e-06 2.79553e-06 6.64869e-06 
9.19094e-06 5.43728e-05 3.62364e-05 4.90658e-05 5.42916e-05 4.35253e-05 2.95284e-05 4.11299e-05 1.02667e-05 2.9563e-05 1.67002e-05 2.34376e-05 0.000122712 1.65729e-05 9.19238e-06 2.99923e-06 
