0.000174178 8.92698e-05 0.000108153 0.000191432 0.000174574 5.69303e-05 8.54538e-05 0.000145195 0.000173663 6.55139e-05 0.000236217 9.78888e-05 0.000195554 6.32953e-05 8.66714e-05 0.000245175 
0.000120759 0.000100564 7.45064e-05 0.00017316 0.000121875 9.86686e-05 7.44968e-05 0.000141539 0.000143459 9.39033e-05 5.15827e-05 0.000133512 0.000109643 4.80301e-05 4.91963e-05 7.14788e-05 
0.000178451 0.000107598 0.000135635 0.000208458 0.000141959 0.000127359 0.000142473 0.000166437 0.000150105 0.000128115 9.39068e-05 8.33026e-05 0.000112628 4.79178e-05 5.42059e-05 6.95324e-05 
0.000132176 5.09388e-05 8.73902e-05 0.000182506 0.00012153 0.000117424 7.09794e-05 0.000171142 0.000213856 0.000121934 4.12859e-05 8.50684e-05 0.00011532 7.40839e-05 6.12571e-05 0.00011059 
0.000133485 9.2709e-05 9.67282e-05 0.000128224 0.000225604 0.000109137 6.84002e-05 8.55169e-05 0.000200376 9.9531e-05 7.50314e-05 8.40493e-05 0.00019955 0.000106252 0.000114238 9.50703e-05 
0.000173036 0.000173564 0.00013278 0.000219794 0.000218083 0.000150248 0.000131693 0.000172776 0.000255093 0.000144361 8.93389e-05 7.29618e-05 0.000186064 9.99833e-05 9.87568e-05 8.25036e-05 
0.000174415 0.000156453 0.000167291 0.000208285 0.0002369 0.000114463 0.000146487 0.000171634 0.000229666 0.000148783 0.000180164 0.00010401 0.000137736 0.000112416 6.99964e-05 6.83766e-05 
0.000134288 0.000156868 0.000109434 0.000151994 0.000120279 8.26009e-05 0.000121267 0.00013269 0.000136126 0.000121119 0.000113143 0.000114776 0.000111691 0.000132044 7.45039e-05 6.41398e-05 
8.82387e-05 0.000124427 6.4913e-05 7.86425e-05 0.000147434 9.05537e-05 7.49718e-05 0.000100692 0.000167603 9.87407e-05 0.000114123 6.13598e-05 0.000110024 7.00545e-05 6.39157e-05 4.83194e-05 
0.000128807 0.00013003 0.000190579 0.000145403 0.000123984 9.25701e-05 8.21811e-05 0.000150178 0.000152786 8.9648e-05 7.41561e-05 0.000155017 0.000117535 7.91111e-05 9.3579e-05 7.15723e-05 
5.26626e-05 1.45811e-05 1.38134e-05 0.000113047 9.23819e-05 5.91561e-06 3.54781e-06 6.50397e-05 0.000125564 8.51374e-06 2.98612e-06 2.96963e-05 5.58829e-05 1.78968e-05 8.43631e-06 2.76572e-05 
0.000204437 2.34543e-05 1.28435e-05 3.70161e-05 0.000121276 1.30393e-05 1.1905e-05 2.39732e-05 0.000143218 3.1016e-05 1.79207e-05 9.3275e-06 0.000163256 0.00019164 1.74511e-05 2.68006e-05 
1.25844e-05 2.08711e-05 1.95938e-05 2.08018e-05 1.44851e-05 1.05239e-05 1.03089e-05 0.000115047 1.52501e-05 2.0338e-05 1.0343e-05 1.23126e-05 3.79378e-06 6.64698e-06 6.96285e-06 0.000154772 
0.000145458 1.80718e-05 1.69663e-05 8.15673e-05 0.000130872 1.00206e-05 9.90263e-06 5.68874e-05 0.000112828 1.43088e-05 1.75685e-05 8.47945e-05 7.98979e-05 4.73169e-06 5.59201e-06 2.25054e-05 
0.000203494 7.19087e-05 6.26448e-05 0.000115356 0.000209666 6.69083e-05 4.74458e-05 8.2592e-05 0.000327549 0.000125846 7.73086e-05 6.91223e-05 0.000259723 8.13341e-05 6.15768e-05 7.58253e-05 
0.000179543 7.49467e-05 7.79741e-05 0.000106085 0.000168437 8.70065e-05 7.11257e-05 6.90205e-05 0.000185125 0.000149538 0.000154774 7.52404e-05 0.000146013 0.000130544 0.000111261 0.000115945 
