4.41463e-06 1.32911e-05 3.81421e-05 9.47995e-06 1.61797e-05 8.33047e-05 6.47988e-05 1.34983e-05 1.87663e-05 1.27277e-05 2.81844e-05 1.35489e-05 1.04877e-05 0.00012508 1.01451e-05 8.40707e-06 
0.000178754 5.66935e-06 1.14213e-05 0.000103632 0.000141528 5.86565e-06 9.521e-06 0.000221537 0.000127328 4.18164e-05 1.18195e-05 0.000161857 0.000224958 5.81626e-05 1.54094e-05 4.30816e-05 
4.85596e-05 1.12076e-05 4.66681e-06 1.5086e-05 9.30823e-05 8.47762e-06 4.06047e-06 3.05481e-05 0.000111079 5.56604e-05 1.45105e-05 3.74878e-05 8.26804e-05 2.10348e-05 9.76863e-06 1.90473e-05 
4.73432e-05 1.41871e-05 1.0169e-05 5.10603e-06 8.46058e-05 1.61929e-05 9.01438e-06 4.42142e-06 8.28367e-05 0.000108589 4.55302e-05 1.24522e-05 0.000155205 0.000121692 2.43767e-05 1.26597e-05 
1.73653e-05 5.00186e-05 9.39003e-05 1.2688e-05 5.44104e-06 1.37084e-05 9.78187e-06 1.24404e-05 5.04663e-06 9.3338e-06 2.12966e-05 3.40861e-05 1.17055e-05 1.48763e-05 5.68378e-05 2.23485e-05 
0.000115063 1.12138e-05 2.22394e-05 8.1962e-05 0.000123842 4.40696e-06 6.29898e-06 0.000115757 0.000146335 4.33615e-05 1.07267e-05 6.92393e-05 9.75479e-05 1.83981e-05 1.26043e-05 3.12373e-05 
0.000158789 1.38126e-05 1.84174e-05 6.70495e-05 0.000171472 8.76095e-06 4.28085e-06 6.72473e-05 0.000157925 7.19342e-05 1.51948e-05 7.72326e-05 0.000110924 2.36823e-05 1.18744e-05 4.39112e-05 
8.58424e-05 1.59867e-05 1.20589e-05 1.93859e-05 0.000114717 6.08437e-05 9.20759e-06 7.19165e-06 0.000185543 0.000113491 3.08237e-05 1.57719e-05 0.000149722 3.28973e-05 1.4735e-05 1.66865e-05 
1.78819e-05 4.23626e-05 3.63887e-05 9.07016e-06 4.15534e-06 9.24027e-06 1.90889e-05 1.88149e-05 4.13625e-06 9.85319e-06 6.33472e-05 2.509e-05 9.92368e-06 2.13661e-05 3.76645e-05 1.62543e-05 
7.0229e-05 1.1499e-05 3.29372e-05 9.01367e-05 7.47861e-05 5.28433e-06 7.65946e-06 9.35115e-05 7.07959e-05 9.53073e-06 8.08172e-06 7.95158e-05 4.90219e-05 1.33713e-05 1.64528e-05 4.50622e-05 
6.25841e-05 1.1744e-05 2.01305e-05 9.24067e-05 9.18369e-05 6.74102e-06 4.79547e-06 7.26222e-05 9.22688e-05 2.1695e-05 3.81658e-06 8.54154e-05 7.54821e-05 1.54641e-05 9.6046e-06 3.5585e-05 
0.000135007 0.0001232 1.96372e-05 3.38819e-05 0.000147756 1.67961e-05 1.59245e-05 2.60684e-05 0.000202206 8.29262e-05 1.26325e-05 2.36088e-05 0.00017437 3.72917e-05 3.61695e-05 1.98721e-05 
1.19039e-05 1.99927e-05 3.14449e-05 1.25554e-05 9.45377e-06 1.39892e-05 1.16589e-05 2.46151e-05 1.11727e-05 8.8598e-06 3.89535e-05 1.55175e-05 4.35307e-06 7.93186e-06 9.81278e-06 1.94965e-05 
0.000200873 1.51199e-05 2.73158e-05 4.97967e-05 0.00010429 7.18685e-06 9.5311e-06 7.99705e-05 0.000121897 2.55191e-05 1.5405e-05 8.99243e-05 7.551e-05 7.18681e-06 7.02753e-06 2.75613e-05 
0.000149976 1.7784e-05 2.43625e-05 6.57866e-05 0.000149177 9.69913e-06 7.27704e-06 6.19539e-05 0.000167531 4.03297e-05 1.65142e-05 8.49913e-05 0.000153478 1.55358e-05 5.66477e-06 3.04627e-05 
6.58085e-05 1.89941e-05 1.38151e-05 1.78774e-05 9.61721e-05 1.88052e-05 1.5311e-05 2.59424e-05 0.000138157 4.21998e-05 2.34955e-05 2.91368e-05 7.0394e-05 0.000142373 6.00222e-06 5.85087e-06 
