8.30408e-05 8.92276e-05 8.37051e-05 8.21162e-05 3.42961e-05 7.79077e-05 7.66231e-05 6.92856e-05 
0.000150353 7.56593e-05 0.000143064 0.000149054 9.73703e-05 7.42201e-05 0.000123682 7.21317e-05 
0.000514631 0.000155283 0.00012867 0.000574175 6.22667e-05 0.00010091 0.000375819 7.49637e-05 
9.7065e-05 0.000110836 0.000591734 0.00010104 6.14078e-05 0.000102338 0.000348227 0.00040206 
0.000120109 0.000119104 0.000126432 0.000107017 0.000239056 0.000121749 0.00033725 0.000203246 
6.49259e-05 5.47555e-05 0.000111288 5.25585e-05 0.000107035 0.000115236 0.000349236 7.03322e-05 
0.000142775 8.30658e-05 0.000106949 8.12635e-05 0.000119608 6.45048e-05 0.000348333 0.000195714 
7.72632e-05 0.000602785 0.000128129 0.000107005 4.31618e-05 0.000120084 0.000379939 0.000150709 
4.88472e-05 0.000156675 0.000135153 0.000105751 0.000125115 0.000162098 0.000161171 9.36047e-05 
7.27537e-05 0.000112854 0.000142268 0.000101458 0.000117117 0.000204775 0.000113767 0.000367159 
7.90083e-05 0.000111868 8.16502e-05 9.40703e-05 5.32716e-05 8.20997e-05 0.000340227 5.6412e-05 
0.000109425 8.42978e-05 7.10547e-05 6.98987e-05 6.23506e-05 6.40038e-05 0.000120398 8.89695e-05 
4.68921e-05 6.10167e-05 3.99895e-05 0.000118545 0.000120722 9.24276e-05 3.19867e-05 9.90694e-05 
3.80624e-05 8.6258e-05 8.79776e-05 0.000100815 3.5517e-05 0.000141245 9.74365e-05 0.00010031 
2.61743e-05 6.2235e-05 6.36317e-05 0.000101007 4.14433e-05 6.17689e-05 0.000105352 0.000108911 
7.12738e-05 0.000114904 9.84792e-05 7.25464e-05 7.77427e-05 6.71183e-05 0.000110397 0.000131472 
