0.00011437 0.000147068 0.000101754 0.00010703 7.5771e-05 0.000118212 4.77811e-05 8.35602e-05 
0.000104547 0.000131569 0.00010509 0.00014455 4.02195e-05 8.09328e-05 3.43012e-05 9.00343e-05 
0.000102198 0.000113532 9.96617e-05 0.000103524 5.68275e-05 8.00502e-05 6.0683e-05 7.91692e-05 
0.000114023 9.96235e-05 0.00010608 0.000124885 3.85867e-05 5.75023e-05 0.000100257 0.0001106 
0.000107876 0.000106486 0.000116862 0.000100728 3.36955e-05 0.00014811 6.05053e-05 0.000102447 
0.00010207 0.000116377 0.000120822 0.000121096 7.51314e-05 5.92646e-05 3.50537e-05 0.000108449 
9.86398e-05 0.000110654 0.00010406 0.000105437 4.55652e-05 5.7352e-05 3.274e-05 0.000145995 
0.000125493 0.000377428 0.000107748 0.000104416 0.000110074 0.000138962 9.64737e-05 0.000113543 
0.000102843 0.000111122 7.75914e-05 0.000104964 0.000105525 5.69692e-05 7.1416e-05 0.000103004 
0.000101761 0.000175445 0.000103866 0.000153525 5.86555e-05 8.30574e-05 5.57001e-05 0.000126311 
0.000104576 0.000138969 0.000106194 0.000114656 4.50217e-05 6.32507e-05 3.61563e-05 0.00011804 
0.000103577 0.000159126 9.91406e-05 8.15938e-05 0.00011185 9.03815e-05 4.11153e-05 0.000115476 
0.000115031 0.0001019 0.000115054 0.000122992 4.51215e-05 8.28753e-05 4.6293e-05 0.000109221 
0.00010601 0.00010417 0.000102882 0.000123714 5.57338e-05 5.18444e-05 3.55017e-05 0.000114118 
0.000103014 0.000101518 4.49182e-05 0.000111899 5.36419e-05 6.36605e-05 4.79843e-05 6.73839e-05 
0.000114014 0.000135336 9.89855e-05 0.000137927 5.04521e-05 4.64229e-05 6.7286e-05 0.000105141 
