9.30916e-18 9.84095e-06 3.03281e-05 2.47673e-05 0.000295638 4.56808e-05 3.40437e-05 3.05075e-05 3.56291e-05 4.39329e-05 0.000127387 8.94832e-05 5.78654e-05 5.60322e-05 3.33203e-05 8.48721e-06 
1.20513e-05 1.87616e-17 1.24594e-05 2.64794e-05 0.000128137 6.30028e-05 3.63786e-05 4.03239e-05 4.19186e-05 2.76041e-05 5.28912e-05 9.00189e-05 6.18013e-05 4.2294e-05 0.000116319 1.869e-05 
4.7701e-05 9.42e-06 2.05605e-17 9.09168e-06 0.000102717 0.00020813 0.000160281 7.76182e-05 5.4008e-05 2.11296e-05 5.28472e-05 0.000106318 5.98958e-05 2.77978e-05 2.91182e-05 0.00019997 
3.75676e-05 1.36099e-05 6.54967e-06 1.78846e-17 8.00324e-05 0.000266915 0.000130365 5.68877e-05 7.0832e-05 9.31597e-05 4.01729e-05 9.94504e-05 0.00010889 2.82068e-05 3.78302e-05 4.65454e-05 
0.000170225 0.000126497 5.13853e-05 3.0186e-05 2.19029e-17 5.53905e-05 7.38868e-05 6.92306e-05 7.95725e-05 3.17886e-05 2.52839e-05 3.9868e-05 0.000300806 3.23186e-05 3.06168e-05 2.47724e-05 
7.96694e-05 8.54303e-05 0.000200018 0.000242309 0.000202726 1.33685e-17 5.83334e-06 1.38548e-05 6.14862e-05 7.09661e-05 0.000175756 7.13606e-05 0.000140173 5.22236e-05 3.51793e-05 2.80385e-05 
2.99835e-05 5.63375e-05 0.000242168 9.65136e-05 0.000219968 9.06146e-06 1.51759e-17 9.7173e-06 3.48418e-05 5.42205e-05 0.000107988 8.33286e-05 0.000142267 8.01132e-05 4.24993e-05 2.63861e-05 
3.42521e-05 4.79322e-05 6.91781e-05 6.98529e-05 0.000249918 1.38916e-05 6.13773e-06 1.32753e-17 1.43252e-05 2.64072e-05 0.000138075 8.12583e-05 0.000104083 6.16064e-05 4.55682e-05 3.29996e-05 
4.40977e-05 6.09663e-05 4.1961e-05 6.24683e-05 0.00017513 2.18697e-05 8.46011e-06 6.02328e-06 1.35092e-17 9.48555e-06 7.13401e-05 7.13404e-05 0.000118979 5.71383e-05 3.79428e-05 3.94959e-05 
5.00107e-05 4.11604e-05 3.20671e-05 5.13206e-05 0.000476689 9.0848e-05 9.43142e-05 7.37999e-05 6.93553e-05 1.09167e-17 7.98203e-05 0.000135315 0.000106273 5.35555e-05 4.16036e-05 0.000106283 
5.9954e-05 9.17119e-05 5.13518e-05 0.000114853 5.30944e-05 5.58167e-05 0.000123476 0.000109505 6.79328e-05 7.84684e-06 1.25993e-17 9.99959e-05 4.76713e-05 1.28093e-05 1.09777e-05 2.5205e-05 
3.84224e-05 5.20918e-05 6.9236e-05 7.18124e-05 7.67497e-05 2.60009e-05 2.38179e-05 3.74899e-05 4.93926e-05 7.01718e-05 2.17703e-05 1.25379e-17 4.74693e-05 2.53864e-05 1.40997e-05 1.76068e-05 
1.56099e-05 1.39346e-05 1.51594e-05 1.91094e-05 0.000212439 2.60308e-05 1.59149e-05 1.22345e-05 1.90187e-05 2.29487e-05 5.22581e-05 1.25167e-05 9.88004e-18 6.22455e-06 7.99394e-06 1.28274e-05 
6.19739e-05 4.05487e-05 2.90586e-05 2.99764e-05 6.60583e-05 6.26925e-05 9.25095e-05 8.27687e-05 0.000125566 1.71507e-05 1.4613e-05 7.63108e-05 9.66906e-05 1.27495e-17 5.49364e-06 9.6161e-06 
6.55749e-05 0.000160746 9.51323e-05 0.000100299 0.000154959 4.70163e-05 6.87388e-05 9.8053e-05 0.000125579 8.28478e-05 5.39908e-05 0.000101695 0.000263909 2.5313e-05 7.32428e-18 9.3206e-06 
5.8363e-05 0.000151493 0.000167638 0.000169299 0.000190623 4.60958e-05 5.10821e-05 0.000100993 0.000185804 0.000200113 0.000135903 0.000113817 0.000151004 9.63947e-05 2.66483e-05 1.55084e-17 
