2.10572e-05 1.87461e-05 2.20628e-05 1.50854e-05 7.73624e-05 3.34421e-05 2.14166e-05 3.11272e-05 5.53242e-05 2.34956e-05 2.50021e-05 2.668e-05 2.504e-05 1.21151e-05 9.91953e-06 1.19403e-05 
2.04801e-05 2.30879e-05 2.0483e-05 1.44512e-05 5.61116e-05 2.97214e-05 1.90737e-05 3.69311e-05 5.44443e-05 2.04321e-05 2.49887e-05 3.39343e-05 4.49092e-05 1.27562e-05 9.55071e-06 1.15875e-05 
2.19584e-05 2.10051e-05 2.25725e-05 1.46693e-05 9.82278e-05 5.85836e-05 2.53377e-05 3.20507e-05 4.72093e-05 2.22697e-05 2.63943e-05 2.53376e-05 4.31849e-05 1.33481e-05 9.95971e-06 1.22817e-05 
2.23577e-05 2.48622e-05 2.42061e-05 1.56271e-05 7.62184e-05 3.80968e-05 2.28269e-05 3.0955e-05 4.75399e-05 1.99497e-05 2.82408e-05 2.81247e-05 4.3297e-05 1.44156e-05 9.27039e-06 1.16196e-05 
2.1877e-05 2.28291e-05 2.43666e-05 1.55423e-05 7.54367e-05 1.93139e-05 2.03057e-05 3.187e-05 3.83311e-05 2.63574e-05 2.40553e-05 3.23859e-05 3.21363e-05 1.38346e-05 1.02413e-05 1.22399e-05 
2.41316e-05 2.017e-05 1.90748e-05 1.57548e-05 5.89204e-05 2.74001e-05 2.68747e-05 3.11331e-05 4.17633e-05 2.1777e-05 4.62968e-05 2.65111e-05 3.61706e-05 1.23573e-05 9.5191e-06 1.27016e-05 
2.01691e-05 2.42385e-05 2.41304e-05 1.7044e-05 6.73716e-05 3.25321e-05 2.13693e-05 3.6591e-05 4.7751e-05 2.20326e-05 2.24895e-05 2.39425e-05 3.87169e-05 1.2857e-05 1.00009e-05 1.24046e-05 
2.06134e-05 2.03734e-05 2.16087e-05 1.43629e-05 0.000110217 2.95765e-05 2.80922e-05 4.24083e-05 7.36618e-05 2.30215e-05 3.20236e-05 2.99782e-05 4.82113e-05 1.43045e-05 1.0402e-05 1.28417e-05 
2.41996e-05 1.93232e-05 2.16277e-05 1.53519e-05 0.000137104 3.5605e-05 3.37164e-05 3.39972e-05 3.72919e-05 2.16557e-05 3.54538e-05 3.02252e-05 3.55047e-05 1.30951e-05 1.02777e-05 1.15295e-05 
2.04274e-05 1.84167e-05 1.92905e-05 1.60299e-05 5.69865e-05 3.48076e-05 2.5433e-05 3.11866e-05 3.95328e-05 2.0141e-05 2.65209e-05 2.57149e-05 3.65238e-05 1.38386e-05 1.06315e-05 1.28492e-05 
2.37715e-05 1.79732e-05 2.14156e-05 1.57797e-05 8.25323e-05 5.46813e-05 1.90945e-05 2.95917e-05 6.58841e-05 2.17534e-05 2.02685e-05 2.92617e-05 2.7047e-05 1.4199e-05 1.01325e-05 1.17365e-05 
2.51588e-05 1.92926e-05 2.18797e-05 1.58147e-05 9.71119e-05 3.36977e-05 2.20742e-05 3.28716e-05 4.08833e-05 2.71043e-05 2.1578e-05 2.83277e-05 4.27771e-05 1.41447e-05 1.09809e-05 1.17173e-05 
2.07787e-05 2.11222e-05 2.34133e-05 1.55505e-05 6.87439e-05 2.71258e-05 3.20816e-05 3.59112e-05 4.81855e-05 2.09472e-05 2.66931e-05 2.88899e-05 2.93627e-05 1.12072e-05 9.9868e-06 1.14306e-05 
2.35575e-05 2.05147e-05 2.2892e-05 1.60981e-05 6.09171e-05 3.13571e-05 2.2829e-05 4.54845e-05 5.61961e-05 2.28934e-05 2.46356e-05 2.59841e-05 2.58088e-05 1.31416e-05 9.97778e-06 1.12275e-05 
2.43157e-05 2.24691e-05 2.75386e-05 1.56121e-05 5.62162e-05 2.8725e-05 2.03508e-05 3.50021e-05 6.34482e-05 2.32146e-05 2.501e-05 3.021e-05 3.00551e-05 1.21918e-05 1.02757e-05 1.12797e-05 
2.1653e-05 2.1075e-05 2.07648e-05 1.51482e-05 5.82583e-05 3.84296e-05 2.27575e-05 3.26374e-05 3.8517e-05 2.15744e-05 2.35679e-05 2.85244e-05 2.5512e-05 1.43629e-05 1.00211e-05 1.23481e-05 
