1.75438e-05 1.65502e-05 1.7137e-05 1.52314e-05 1.52135e-05 1.38898e-05 1.67463e-05 1.41186e-05 1.60577e-05 1.46591e-05 1.55199e-05 1.54877e-05 1.95151e-05 1.62213e-05 1.63257e-05 1.82288e-05 
1.95245e-05 1.99898e-05 2.08896e-05 2.15801e-05 2.00284e-05 2.28136e-05 2.26868e-05 2.21052e-05 2.32407e-05 2.03471e-05 2.0614e-05 2.08745e-05 2.09549e-05 2.15615e-05 2.05158e-05 2.2346e-05 
2.33905e-05 2.41412e-05 2.32902e-05 1.94208e-05 2.01875e-05 1.9522e-05 2.05002e-05 2.35646e-05 2.41256e-05 2.45449e-05 2.35198e-05 2.45952e-05 2.425e-05 1.85497e-05 2.16202e-05 1.90733e-05 
2.25047e-05 2.3224e-05 2.23027e-05 2.95559e-05 2.17537e-05 2.45447e-05 2.1893e-05 2.25393e-05 2.10132e-05 2.69655e-05 2.1795e-05 2.48201e-05 2.71473e-05 2.38072e-05 2.53746e-05 2.34743e-05 
7.95004e-05 4.15371e-05 3.49609e-05 3.49298e-05 3.86452e-05 6.30135e-05 9.09029e-05 3.70732e-05 3.68644e-05 3.03808e-05 3.94717e-05 3.94298e-05 3.87957e-05 4.1228e-05 5.28644e-05 5.17934e-05 
2.36027e-05 2.22671e-05 2.54859e-05 2.38576e-05 2.76878e-05 2.49271e-05 2.57686e-05 2.49716e-05 2.81465e-05 2.27918e-05 2.41656e-05 2.42546e-05 2.4934e-05 2.27183e-05 2.53803e-05 2.4641e-05 
3.16343e-05 2.59227e-05 2.14258e-05 2.66188e-05 2.3863e-05 2.48586e-05 2.75976e-05 2.62467e-05 2.37202e-05 2.59146e-05 2.74724e-05 2.67239e-05 2.53134e-05 2.76046e-05 2.72647e-05 2.60689e-05 
2.76565e-05 2.43686e-05 2.33952e-05 2.42518e-05 2.40636e-05 2.42394e-05 2.65479e-05 2.29557e-05 2.62554e-05 2.61865e-05 2.5216e-05 2.52708e-05 2.75384e-05 2.33279e-05 2.45898e-05 2.32607e-05 
2.55899e-05 2.55203e-05 2.65788e-05 2.5902e-05 3.17551e-05 2.68693e-05 2.66001e-05 2.78289e-05 2.40153e-05 3.43387e-05 2.65402e-05 3.2895e-05 2.46711e-05 2.53503e-05 3.3317e-05 2.47716e-05 
1.99149e-05 2.29083e-05 1.71233e-05 2.08715e-05 2.11224e-05 1.80255e-05 2.11335e-05 1.88637e-05 2.20575e-05 1.68673e-05 1.64329e-05 2.03385e-05 1.64982e-05 2.03548e-05 1.66579e-05 2.17624e-05 
1.51346e-05 1.59971e-05 1.68566e-05 1.55803e-05 1.69347e-05 1.61351e-05 1.59068e-05 1.56897e-05 1.64994e-05 1.65852e-05 1.77588e-05 1.64703e-05 1.48068e-05 1.72642e-05 1.62752e-05 1.52405e-05 
1.82613e-05 1.71653e-05 1.73396e-05 1.74618e-05 1.94688e-05 1.87897e-05 1.87845e-05 1.84935e-05 2.04442e-05 1.81393e-05 1.75045e-05 1.67764e-05 1.91817e-05 1.87643e-05 1.81848e-05 1.74019e-05 
1.28723e-05 1.25837e-05 1.22438e-05 1.21702e-05 1.19638e-05 1.2198e-05 1.23067e-05 1.2225e-05 1.31295e-05 1.21913e-05 1.29091e-05 1.42676e-05 1.28353e-05 1.29817e-05 1.3594e-05 1.19036e-05 
8.99026e-06 9.03612e-06 8.53063e-06 9.50481e-06 8.67291e-06 8.91456e-06 9.18362e-06 9.05657e-06 8.73624e-06 8.81224e-06 8.7627e-06 9.01473e-06 9.46951e-06 9.34772e-06 8.88001e-06 9.15754e-06 
7.89522e-06 8.38729e-06 7.77422e-06 8.06145e-06 8.93525e-06 8.32851e-06 8.58153e-06 7.84578e-06 7.76776e-06 7.98039e-06 9.21798e-06 8.41278e-06 8.70106e-06 8.30077e-06 8.40583e-06 8.08664e-06 
7.59443e-06 7.8132e-06 8.17419e-06 7.51118e-06 7.49884e-06 7.70159e-06 7.9395e-06 7.53562e-06 7.38589e-06 7.7892e-06 7.72271e-06 7.74715e-06 7.61454e-06 7.99302e-06 7.66141e-06 7.84945e-06 
