2.90066e-05 5.29374e-05 3.99476e-05 4.67925e-05 0.000122056 4.60312e-05 3.16708e-05 4.27719e-05 5.35601e-05 2.21532e-05 1.41595e-05 1.86345e-05 2.24381e-05 1.07791e-05 9.63592e-06 1.77339e-05 
2.99865e-05 4.59752e-05 3.0917e-05 4.49739e-05 8.57024e-05 4.69878e-05 4.34963e-05 3.62506e-05 6.13479e-05 2.43737e-05 1.40617e-05 2.02186e-05 4.10882e-05 9.6816e-06 9.14563e-06 1.76665e-05 
2.9302e-05 4.82796e-05 3.20428e-05 4.15344e-05 0.000117908 4.15812e-05 3.80597e-05 4.03987e-05 6.74527e-05 2.27161e-05 1.51625e-05 1.72001e-05 2.2545e-05 9.80624e-06 9.129e-06 1.77744e-05 
2.78769e-05 4.96413e-05 3.4406e-05 4.51662e-05 9.26757e-05 4.79008e-05 3.56935e-05 3.61861e-05 5.07928e-05 2.05309e-05 1.52714e-05 2.00217e-05 2.14318e-05 9.64406e-06 9.66074e-06 1.7994e-05 
2.88251e-05 4.42154e-05 3.51063e-05 4.00925e-05 0.000114284 5.23468e-05 4.19862e-05 3.65788e-05 5.10035e-05 2.30896e-05 1.30476e-05 1.8231e-05 2.04853e-05 1.02174e-05 9.1585e-06 1.63013e-05 
2.85762e-05 4.96877e-05 3.10302e-05 4.39221e-05 8.32236e-05 4.23146e-05 3.60338e-05 3.68786e-05 6.71362e-05 2.76929e-05 1.47614e-05 2.02809e-05 2.62269e-05 9.92839e-06 9.88116e-06 1.65034e-05 
3.08499e-05 4.39199e-05 3.20068e-05 4.71891e-05 8.463e-05 4.42123e-05 3.80526e-05 3.86734e-05 7.55922e-05 2.34824e-05 1.42749e-05 2.07897e-05 4.32498e-05 1.00069e-05 1.02848e-05 1.70468e-05 
2.80442e-05 5.02768e-05 3.50122e-05 3.92732e-05 8.08268e-05 5.15947e-05 2.87867e-05 4.49699e-05 7.79944e-05 1.86851e-05 1.4271e-05 2.18834e-05 9.17683e-05 9.45823e-06 9.23242e-06 1.6974e-05 
3.07721e-05 5.52947e-05 3.3746e-05 4.60329e-05 0.000120255 5.1559e-05 3.13826e-05 3.94973e-05 5.52163e-05 2.0846e-05 1.49509e-05 2.75582e-05 3.63045e-05 8.97579e-06 9.92121e-06 1.7678e-05 
2.98022e-05 4.87005e-05 3.34322e-05 4.12231e-05 7.58429e-05 4.30439e-05 3.59055e-05 4.21382e-05 7.52652e-05 1.90359e-05 1.57377e-05 2.19361e-05 2.11012e-05 9.93926e-06 9.40505e-06 1.67118e-05 
3.02576e-05 5.32263e-05 3.20166e-05 4.36553e-05 8.42543e-05 4.64365e-05 4.52163e-05 4.24302e-05 6.73088e-05 1.57305e-05 1.56118e-05 2.24465e-05 3.62659e-05 1.02624e-05 9.57016e-06 1.57517e-05 
3.10369e-05 5.31497e-05 3.16943e-05 4.52266e-05 9.70747e-05 3.96175e-05 2.94177e-05 4.00595e-05 6.43271e-05 2.30639e-05 1.51413e-05 1.76937e-05 3.42822e-05 9.78002e-06 9.40088e-06 1.68293e-05 
2.92152e-05 7.02347e-05 3.48318e-05 4.14457e-05 8.9367e-05 4.67304e-05 3.6953e-05 4.10536e-05 7.24651e-05 2.23951e-05 1.37758e-05 2.25934e-05 3.04615e-05 1.07794e-05 9.44209e-06 1.9374e-05 
3.02175e-05 5.12374e-05 3.52826e-05 4.96963e-05 8.13298e-05 4.15398e-05 3.28756e-05 3.68873e-05 8.28414e-05 1.47579e-05 1.55372e-05 1.88571e-05 2.18035e-05 9.38051e-06 1.01297e-05 1.71902e-05 
2.70156e-05 4.43637e-05 3.53514e-05 4.79299e-05 8.18941e-05 4.40953e-05 3.1806e-05 4.12745e-05 6.52039e-05 2.61835e-05 1.47348e-05 1.82256e-05 3.54484e-05 1.00382e-05 1.02156e-05 1.60562e-05 
3.01469e-05 6.06345e-05 3.37852e-05 4.57038e-05 8.67272e-05 4.48678e-05 3.92889e-05 3.60528e-05 5.89504e-05 2.69154e-05 1.46258e-05 1.94673e-05 2.71424e-05 9.4614e-06 9.67117e-06 1.79687e-05 
