0.000100424 0.000124413 0.000135278 0.000123208 0.000139927 0.000109084 0.000118964 0.000147979 0.000112973 0.000112013 0.000123912 0.000110113 0.000120377 0.000118708 0.000120591 0.000116681 
4.36271e-05 5.4948e-05 5.22133e-05 4.9066e-05 5.09365e-05 5.66116e-05 5.53487e-05 5.08704e-05 5.02856e-05 5.57092e-05 4.96081e-05 5.08195e-05 7.05249e-05 7.17479e-05 5.68241e-05 5.14292e-05 
7.86467e-05 7.22253e-05 6.98297e-05 6.13945e-05 6.21038e-05 5.87115e-05 5.94512e-05 5.47529e-05 5.81607e-05 5.79251e-05 6.30005e-05 7.89336e-05 7.41117e-05 6.49624e-05 5.64202e-05 6.61968e-05 
0.000110008 4.36495e-05 8.71397e-05 6.51067e-05 9.03465e-05 7.50095e-05 8.04251e-05 4.57861e-05 3.87639e-05 9.78464e-05 8.34072e-05 7.85529e-05 7.20866e-05 7.07264e-05 9.31139e-05 7.98482e-05 
0.000274065 0.000108822 0.000122664 0.000147923 0.000282424 0.000174945 0.000265799 0.000119693 0.000133738 8.77902e-05 0.00012863 0.000167395 0.000199843 0.000190224 0.000264677 8.0504e-05 
6.10107e-05 9.90947e-05 6.14325e-05 9.27824e-05 6.49127e-05 9.03889e-05 6.92925e-05 9.38138e-05 6.66948e-05 6.23317e-05 0.000114534 0.000108655 5.44867e-05 9.36592e-05 8.18208e-05 7.95775e-05 
0.000136868 0.00012527 0.000103019 0.000112124 0.0001464 0.000122974 0.000138643 0.000121925 0.000124201 0.000107044 0.000127702 0.000102814 0.000110415 0.000123529 0.000117061 0.000101845 
0.000158767 0.000126363 0.000199349 0.00015012 0.000126384 0.000139588 0.000200396 0.00015899 0.000130714 0.000132466 0.000166214 0.000189274 0.000137068 0.000132189 0.000152716 0.000142767 
5.78724e-05 8.91713e-05 8.9343e-05 9.74884e-05 8.26526e-05 7.83616e-05 7.79245e-05 0.000108257 7.87878e-05 7.24218e-05 6.96149e-05 9.29996e-05 7.85856e-05 7.51805e-05 8.8169e-05 9.11005e-05 
9.37766e-05 8.80491e-05 9.8971e-05 9.84829e-05 0.000110759 0.000122028 7.20912e-05 0.000134313 0.00016238 8.58181e-05 0.000145429 9.37783e-05 0.000112635 9.33727e-05 0.000119235 7.97124e-05 
2.52671e-05 2.92066e-05 3.22423e-05 3.5195e-05 3.68679e-05 7.05308e-05 6.30456e-05 2.70947e-05 2.54668e-05 2.69811e-05 3.19009e-05 2.99204e-05 3.42541e-05 3.0715e-05 2.6215e-05 3.13127e-05 
2.45969e-05 2.48735e-05 2.55848e-05 2.61051e-05 2.48925e-05 2.5318e-05 2.45406e-05 2.53498e-05 2.57252e-05 2.23667e-05 2.383e-05 2.75869e-05 2.69099e-05 2.36923e-05 2.56402e-05 2.56924e-05 
1.28723e-05 1.25837e-05 1.22438e-05 1.21702e-05 1.19638e-05 1.2198e-05 1.23067e-05 1.2225e-05 1.31295e-05 1.21913e-05 1.29091e-05 1.42676e-05 1.28353e-05 1.29817e-05 1.3594e-05 1.19036e-05 
2.89491e-05 3.19311e-05 3.15727e-05 2.77866e-05 2.86672e-05 3.43205e-05 3.29598e-05 2.73287e-05 3.55373e-05 2.20617e-05 2.90006e-05 3.03703e-05 3.07227e-05 2.86388e-05 3.25663e-05 2.95179e-05 
6.17386e-05 6.39872e-05 6.19389e-05 6.52903e-05 6.18921e-05 5.93193e-05 5.8617e-05 6.51688e-05 6.60499e-05 5.96792e-05 6.30917e-05 5.96171e-05 6.64911e-05 6.48175e-05 6.34273e-05 6.06485e-05 
0.000119173 0.000131334 0.00013342 0.000145799 0.000183081 0.0001459 0.000168997 0.000136104 0.000126367 0.000149015 0.000104661 0.000133633 0.000144698 0.000135084 0.000138065 0.000140096 
