1.33497e-05 3.03748e-05 6.67526e-05 4.27063e-05 6.89388e-05 3.84449e-05 1.94635e-05 1.97786e-05 1.91974e-05 2.26796e-05 2.15131e-05 1.91607e-05 1.15846e-05 1.05811e-05 1.29101e-05 1.18424e-05 
0.000194417 4.51859e-05 6.48244e-05 6.5228e-05 0.000247681 4.72561e-05 2.91497e-05 6.51329e-05 0.000212625 1.85266e-05 1.59401e-05 0.000151059 0.000208943 5.72233e-05 1.77431e-05 0.000180391 
8.96734e-05 5.23948e-05 5.55659e-05 8.77228e-05 0.000102275 4.44916e-05 3.2894e-05 4.89127e-05 0.000141014 3.09225e-05 1.19794e-05 3.86739e-05 0.000112662 2.801e-05 1.54665e-05 2.80765e-05 
0.000120746 6.80249e-05 3.46696e-05 5.27932e-05 8.72586e-05 4.96651e-05 1.965e-05 4.13812e-05 0.000101609 4.33987e-05 2.50419e-05 9.99323e-06 5.79674e-05 6.43131e-05 5.94576e-05 2.45285e-05 
1.72707e-05 2.84174e-05 5.90998e-05 5.02892e-05 4.61677e-05 3.66177e-05 9.77264e-05 2.61354e-05 1.44449e-05 2.26777e-05 4.01882e-05 2.23783e-05 1.17126e-05 1.13892e-05 2.41418e-05 4.6214e-05 
0.00012229 5.65305e-05 8.55841e-05 0.000108076 0.000124564 4.51997e-05 3.52207e-05 6.43357e-05 0.00020831 2.38575e-05 1.77942e-05 0.000120713 8.92373e-05 1.75631e-05 1.467e-05 4.07042e-05 
0.000145646 7.10285e-05 7.87676e-05 0.000142187 0.000152267 4.60626e-05 3.27074e-05 7.73027e-05 0.000250258 3.40117e-05 2.18661e-05 9.28814e-05 0.000130866 2.58617e-05 1.76216e-05 5.02407e-05 
0.000137115 8.06445e-05 4.21773e-05 7.75282e-05 0.000117191 4.51276e-05 2.94224e-05 6.92129e-05 0.000228071 4.51902e-05 2.65156e-05 1.33742e-05 0.000104668 2.8539e-05 2.17902e-05 2.81116e-05 
2.24243e-05 3.98256e-05 5.51521e-05 4.82937e-05 5.37856e-05 4.51955e-05 2.86794e-05 2.89725e-05 1.33064e-05 2.24588e-05 0.00012926 3.10749e-05 1.13412e-05 2.05737e-05 2.04148e-05 2.14693e-05 
6.49924e-05 5.73495e-05 8.73694e-05 8.45111e-05 9.97583e-05 4.31957e-05 3.44932e-05 7.64419e-05 0.000114057 1.34783e-05 1.8824e-05 0.000116516 3.86651e-05 1.15701e-05 1.23363e-05 5.76938e-05 
7.52004e-05 6.37666e-05 8.72934e-05 0.000114121 0.000107288 3.18751e-05 2.54533e-05 6.10159e-05 0.000146503 1.44977e-05 1.15624e-05 0.000115905 5.85388e-05 1.41399e-05 1.0617e-05 3.54295e-05 
0.000132126 0.00016725 4.64161e-05 6.97868e-05 0.000138412 3.76285e-05 2.44281e-05 6.18479e-05 0.000264346 3.89867e-05 1.63679e-05 2.59576e-05 0.000125887 8.77779e-05 2.02032e-05 4.66091e-05 
1.48347e-05 5.86066e-05 3.85965e-05 5.66942e-05 6.80827e-05 4.28343e-05 5.26568e-05 3.84156e-05 2.45881e-05 1.74679e-05 3.13717e-05 1.03756e-05 2.63243e-06 6.59904e-06 7.46817e-06 1.74937e-05 
0.000103827 5.85576e-05 5.49708e-05 9.11634e-05 0.000112968 4.39989e-05 3.89518e-05 6.82366e-05 0.000184596 2.2697e-05 1.78321e-05 0.000105201 6.68819e-05 7.58131e-06 6.89913e-06 3.41342e-05 
0.000144951 8.16621e-05 5.33641e-05 7.64941e-05 0.000118651 3.81696e-05 3.52268e-05 6.94475e-05 0.000142973 3.41348e-05 2.23124e-05 9.30303e-05 0.000159578 1.55449e-05 8.19192e-06 3.74657e-05 
8.90402e-05 8.01233e-05 3.62364e-05 5.40742e-05 9.06041e-05 4.35253e-05 2.95284e-05 5.42419e-05 0.000135898 2.9563e-05 1.67002e-05 2.68493e-05 0.000122712 1.65729e-05 9.19238e-06 1.19747e-05 
