0.000115678 0.000107002 0.000150454 8.8867e-05 0.000105198 0.000107481 0.000109716 0.00010722 
6.91543e-05 4.89908e-05 6.78519e-05 9.38997e-05 0.000104268 0.000146049 0.000108952 9.77076e-05 
0.000107954 8.34199e-05 9.54832e-05 0.000480642 4.81843e-05 0.000131715 0.000299464 0.000333249 
0.000410222 7.24612e-05 0.000488148 0.000101101 5.8391e-05 0.000104041 0.000269799 0.000199417 
0.000173591 0.000126844 0.00012145 7.38665e-05 0.000141615 0.000122659 0.000137227 0.000183027 
6.81853e-05 0.000114598 0.000236789 0.000119809 0.000116584 0.000151807 0.000264826 0.000316456 
0.000107301 0.000109029 0.000105157 7.11308e-05 6.7619e-05 0.000305736 0.000165964 0.000325276 
0.00011852 0.000195089 0.000170346 0.000175976 6.93114e-05 0.000114599 0.000237741 0.000321924 
7.78319e-05 0.000139126 0.000367486 0.000108971 0.000111215 0.000176203 0.00028685 0.000146614 
6.36409e-05 7.51846e-05 9.83827e-05 9.69089e-05 7.10034e-05 0.000157463 0.000264024 0.000318332 
6.53723e-05 0.000119216 0.000127639 0.000158298 6.59483e-05 0.000380064 0.000308333 0.000367281 
0.000108539 0.000533873 0.000130507 0.000124827 5.00527e-05 0.000115111 0.0003202 0.000139439 
3.94814e-05 5.55399e-05 0.000124766 0.000154353 0.000137774 0.000142487 0.000119848 0.000142751 
4.58634e-05 9.43119e-05 0.000113127 5.82774e-05 6.98028e-05 0.000151967 0.000175103 0.000134435 
8.74032e-05 9.24651e-05 0.000102853 8.23452e-05 6.42845e-05 9.92537e-05 0.00014868 0.000199394 
0.000116563 0.00015008 0.000107566 0.000101161 8.77176e-05 8.65067e-05 8.82544e-05 0.000169017 
