0.000102646 4.67446e-05 0.000106655 0.000105564 0.000102827 0.000144892 0.000114697 0.000142769 
0.000152153 7.54957e-05 8.01386e-05 8.41827e-05 4.63271e-05 4.47689e-05 0.00014809 9.72713e-05 
6.04299e-05 0.000186809 7.85258e-05 0.000183724 4.70439e-05 0.000164648 0.000135316 7.64626e-05 
0.000279802 0.000306161 0.000178265 0.000169691 5.9432e-05 0.000141435 0.000152299 0.00014919 
0.000322741 0.00030549 0.00033316 0.000104852 0.000302579 0.000313577 0.000313426 0.000317479 
9.20893e-05 0.000390743 0.000305729 0.000165653 5.64886e-05 0.000228593 0.000147779 0.000139935 
0.000131856 0.000134412 0.000138414 0.000201293 0.000128722 0.000104404 0.000251975 8.40511e-05 
0.000167088 0.000264259 0.000147889 0.000104637 6.26568e-05 6.40047e-05 0.00012937 0.000210829 
7.64725e-05 0.000240456 0.000149369 0.000122866 8.64235e-05 0.000216668 0.000223494 0.000192081 
0.000126367 4.25902e-05 0.000118776 0.000117995 8.54137e-05 0.000118169 0.00019565 5.34105e-05 
9.72357e-05 8.29557e-05 0.000492749 0.000104101 5.84487e-05 8.58811e-05 0.00010905 5.08861e-05 
0.000113038 0.000127843 4.49551e-05 0.000123309 4.50759e-05 0.000114298 0.000149412 0.000136519 
4.43483e-05 6.96562e-05 0.000130231 0.00013099 0.000112674 9.17652e-05 0.000110573 9.83154e-05 
5.34421e-05 0.000114986 0.00010139 0.00010031 6.95605e-05 9.47038e-05 8.85679e-05 9.33428e-05 
8.6331e-05 8.10888e-05 0.000100408 7.56066e-05 7.01909e-05 0.000121111 7.07846e-05 0.00016913 
8.30954e-05 0.000126881 8.21434e-05 8.48344e-05 8.30631e-05 8.23718e-05 0.000103043 0.000116921 
