0.000188721 5.52468e-05 0.0001068 0.000106912 0.000141736 5.85953e-05 0.000106409 0.000122161 0.000133712 9.2818e-05 0.000217323 0.000145611 0.000153199 4.99629e-05 0.000151541 0.000205163 
0.000184804 9.04715e-05 8.40468e-05 8.10346e-05 0.000168552 9.38987e-05 6.9259e-05 8.78489e-05 0.000176167 0.000102386 5.54903e-05 9.43437e-05 0.000111685 6.07466e-05 8.1919e-05 0.000158008 
0.000183737 7.051e-05 0.000145437 0.000114287 0.000110023 0.000141406 0.000103489 0.000121772 0.000129021 7.87342e-05 6.87717e-05 0.000117642 0.000177906 7.75579e-05 9.98924e-05 8.57517e-05 
0.000139079 4.64914e-05 0.000147724 0.000139356 0.000147553 6.44925e-05 0.000102526 0.000133762 0.000120064 6.8842e-05 0.000105408 0.000126652 0.000138227 8.27912e-05 7.92563e-05 9.96907e-05 
0.000157183 8.07054e-05 7.44814e-05 8.4197e-05 0.000215676 0.000102436 6.95615e-05 8.44396e-05 0.00018247 8.24825e-05 8.77697e-05 6.56755e-05 0.000155813 0.000105774 7.72321e-05 0.000111007 
0.000236493 9.29583e-05 9.37635e-05 0.000122039 0.000168956 0.000170853 9.64994e-05 0.000112351 0.000254227 0.000150875 0.000100004 0.000125326 0.000193739 0.000101049 0.000107664 8.92171e-05 
0.000154779 0.00015012 0.000139456 0.000123643 0.000165126 0.000171977 0.000144744 0.000131293 0.000229231 0.000131821 0.000123235 8.03922e-05 0.000157783 0.000115624 8.35778e-05 7.36568e-05 
0.000134793 0.000150241 9.72932e-05 0.000131107 0.000181218 0.000119207 8.7809e-05 0.000102691 0.000111441 9.88115e-05 0.000100265 0.000109255 0.0001173 9.18671e-05 7.30974e-05 7.93039e-05 
7.15792e-05 0.000105152 6.56062e-05 6.92965e-05 0.000132921 0.000243667 7.46988e-05 6.06036e-05 0.000172486 0.000130761 8.9121e-05 5.48074e-05 0.000146832 0.000110725 6.83471e-05 4.86345e-05 
0.000120584 0.000101545 0.000123946 0.000155581 0.000128107 0.000110416 0.000105065 0.000114832 0.00015627 8.70219e-05 9.70572e-05 0.000177017 0.000118538 8.18118e-05 8.77455e-05 8.67074e-05 
9.17085e-05 1.428e-05 7.17545e-06 2.1537e-05 8.17377e-05 1.87194e-05 4.25008e-06 1.64312e-05 9.7274e-05 6.0092e-06 4.03402e-06 2.00102e-05 8.63891e-05 9.87748e-06 6.12849e-06 6.35143e-05 
9.69758e-05 0.000139861 1.18139e-05 1.32138e-05 0.000129732 5.01147e-05 1.24305e-05 1.22953e-05 0.000136982 2.47867e-05 1.2805e-05 1.3343e-05 0.000148017 2.39914e-05 1.1311e-05 2.2274e-05 
1.05544e-05 7.95112e-06 1.34222e-05 2.97951e-05 1.05659e-05 7.57424e-06 9.03247e-06 2.33435e-05 9.9472e-06 8.26826e-06 8.1752e-06 1.65992e-05 4.41359e-06 7.80995e-06 6.83211e-06 1.38258e-05 
0.000106549 1.44794e-05 1.13614e-05 2.04538e-05 0.000131933 2.19376e-05 9.25384e-06 1.61351e-05 0.000140143 8.55158e-06 9.44794e-06 2.2448e-05 7.33871e-05 6.2559e-06 7.15559e-06 9.75314e-05 
0.000254979 0.000132545 6.81795e-05 6.23791e-05 0.000185189 0.000176335 5.52495e-05 5.11434e-05 0.000297623 8.96834e-05 6.93505e-05 5.90881e-05 0.000257513 8.83922e-05 5.07162e-05 8.46496e-05 
0.000174601 0.000141765 7.79454e-05 8.34605e-05 0.000181035 0.000189015 7.0581e-05 6.4514e-05 0.000196984 0.000133172 0.000111067 9.3951e-05 0.000183599 0.00015514 8.02983e-05 0.000113431 
