0.000100359 0.000117894 0.000145497 9.91427e-05 0.000118743 0.000161326 7.9748e-05 7.66114e-05 
0.000106372 0.000147973 0.000108377 0.000108965 0.000140173 0.000146002 8.21107e-05 9.86758e-05 
9.03801e-05 0.000173709 0.000137081 0.00010865 0.000107944 8.5508e-05 0.000366486 0.000128462 
0.000135038 0.000384469 9.62164e-05 0.000125077 0.000104565 0.000366546 0.000120236 0.000123565 
0.000379653 0.000343907 0.000360932 0.00032836 0.00032642 0.000359754 0.000391312 0.000182178 
0.00040552 0.000134557 9.89073e-05 0.000212201 0.000347292 0.000113274 0.000411282 0.000474685 
0.000167761 0.00011976 8.17499e-05 9.95379e-05 0.000114604 0.000418519 7.57556e-05 9.2102e-05 
0.000106228 0.000185404 7.5152e-05 0.000115999 9.27024e-05 0.000129854 0.000233375 0.000144032 
9.30499e-05 0.000172076 0.000149337 0.000192192 0.000122134 0.000109565 0.000120116 0.000179524 
0.000182143 9.52498e-05 0.000104652 0.000143948 0.000128051 0.000206554 0.000191816 0.00014571 
8.29575e-05 9.95533e-05 6.17155e-05 5.07725e-05 0.000110874 6.66204e-05 0.000183294 8.28316e-05 
0.000452551 8.40689e-05 7.14055e-05 8.52126e-05 0.000125843 0.000420842 8.34199e-05 0.000500601 
4.85651e-05 0.000133429 0.000106475 0.00013217 0.000117943 0.000130671 0.000114996 9.56094e-05 
8.82952e-05 8.46247e-05 8.47883e-05 9.79266e-05 6.95519e-05 0.00010106 4.27663e-05 7.61787e-05 
6.11065e-05 0.000131452 0.000119427 0.000107177 9.77701e-05 5.79568e-05 0.000107033 7.52791e-05 
0.000100245 5.21579e-05 0.000104326 8.19261e-05 0.000120611 0.000104729 8.70329e-05 0.000145689 
