1.50565e-05 1.66277e-05 1.45564e-05 1.49268e-05 1.28203e-05 1.59395e-05 1.46983e-05 1.48535e-05 1.74213e-05 1.58348e-05 1.47727e-05 1.44128e-05 1.64702e-05 1.5987e-05 1.67583e-05 1.62444e-05 
2.18587e-05 2.47685e-05 3.17496e-05 2.43824e-05 2.50447e-05 2.46841e-05 2.18993e-05 2.1432e-05 3.57792e-05 2.47188e-05 3.02704e-05 3.81629e-05 2.7339e-05 2.28431e-05 2.10735e-05 2.33817e-05 
3.12426e-05 2.95181e-05 3.84307e-05 4.41716e-05 2.7791e-05 2.89104e-05 4.42228e-05 3.35197e-05 2.90697e-05 2.60787e-05 3.87862e-05 2.57668e-05 5.20322e-05 2.8068e-05 3.07329e-05 6.76022e-05 
2.03361e-05 1.93933e-05 2.80598e-05 1.80137e-05 1.81816e-05 2.92322e-05 2.43337e-05 1.97277e-05 1.98786e-05 2.53358e-05 2.07142e-05 2.50145e-05 1.8851e-05 1.99022e-05 2.05667e-05 2.17882e-05 
2.02686e-05 2.22552e-05 2.05124e-05 2.12058e-05 1.84059e-05 2.00833e-05 2.41187e-05 2.00882e-05 1.88111e-05 1.95062e-05 2.17166e-05 2.16097e-05 2.20939e-05 2.0395e-05 2.1731e-05 2.43372e-05 
0.000101298 9.12648e-05 5.07307e-05 5.01508e-05 3.19895e-05 2.31057e-05 7.49492e-05 6.71503e-05 3.01962e-05 9.24779e-05 6.21026e-05 4.71235e-05 4.13603e-05 6.19651e-05 4.95929e-05 4.70458e-05 
6.77788e-05 8.97289e-05 3.33848e-05 6.18729e-05 9.07698e-05 5.36076e-05 9.87442e-05 7.53165e-05 8.02204e-05 4.48861e-05 3.76363e-05 7.46494e-05 4.31248e-05 0.000101356 6.84039e-05 5.13475e-05 
3.82283e-05 2.27129e-05 3.3976e-05 2.7555e-05 2.67835e-05 2.44413e-05 6.06565e-05 4.17301e-05 3.13604e-05 2.50998e-05 2.78045e-05 3.50486e-05 2.5178e-05 4.37209e-05 2.64024e-05 3.24956e-05 
2.49626e-05 2.93616e-05 4.04389e-05 2.54119e-05 2.4871e-05 2.50201e-05 2.54593e-05 2.48615e-05 3.04071e-05 3.59869e-05 3.7563e-05 2.44929e-05 4.00457e-05 3.52718e-05 3.59309e-05 3.1773e-05 
3.48433e-05 3.69597e-05 3.49158e-05 3.29135e-05 5.34792e-05 2.58885e-05 2.89724e-05 2.8184e-05 2.72577e-05 4.53547e-05 5.07072e-05 4.25013e-05 2.76168e-05 2.30811e-05 4.4391e-05 4.596e-05 
3.92277e-05 4.98028e-05 4.141e-05 4.52085e-05 0.000106393 4.04023e-05 8.62547e-05 2.74749e-05 4.52098e-05 5.47936e-05 8.91729e-05 2.7822e-05 5.0086e-05 9.06552e-05 4.28419e-05 8.82644e-05 
2.13355e-05 2.15662e-05 2.02385e-05 2.24438e-05 2.17243e-05 2.10285e-05 2.719e-05 2.8862e-05 2.42005e-05 2.17299e-05 2.10187e-05 2.16764e-05 2.22899e-05 2.08955e-05 2.11176e-05 1.99394e-05 
1.43109e-05 1.4218e-05 1.39933e-05 1.40602e-05 1.41317e-05 1.39083e-05 1.43559e-05 1.43238e-05 1.3996e-05 1.3894e-05 1.40096e-05 1.40802e-05 1.41623e-05 1.39951e-05 1.39257e-05 1.50134e-05 
3.83306e-05 2.03809e-05 3.87344e-05 5.45182e-05 4.51668e-05 3.29038e-05 2.27983e-05 4.022e-05 3.22254e-05 6.79657e-05 5.44311e-05 2.59215e-05 2.50913e-05 3.1656e-05 5.69315e-05 3.95694e-05 
4.63435e-05 5.21456e-05 5.3621e-05 4.97269e-05 4.01819e-05 5.87302e-05 5.40828e-05 4.4799e-05 5.78555e-05 6.02475e-05 6.63386e-05 4.49033e-05 4.58248e-05 4.64025e-05 5.66626e-05 3.10204e-05 
1.82562e-05 1.70596e-05 1.8459e-05 1.66031e-05 1.79676e-05 1.67731e-05 1.64709e-05 1.65785e-05 1.65438e-05 1.62336e-05 1.69572e-05 1.6919e-05 1.76643e-05 1.71536e-05 1.59374e-05 1.80123e-05 
