7.75311e-06 1.22891e-05 4.56481e-05 1.06823e-05 8.02341e-06 1.94282e-05 0.00012354 1.54724e-05 8.61406e-06 1.12816e-05 4.44673e-05 1.23068e-05 8.04968e-06 6.4402e-05 1.51962e-05 1.52885e-05 
0.000137858 8.65166e-06 1.65789e-05 5.39944e-05 0.000111499 6.75366e-06 8.29136e-06 6.73687e-05 0.000105135 1.2355e-05 9.33551e-06 9.36851e-05 6.80774e-05 1.02923e-05 9.94804e-06 5.81238e-05 
8.68564e-05 1.36166e-05 8.91911e-06 3.20158e-05 0.000101291 9.75633e-06 5.9821e-06 4.24162e-05 0.00013644 7.31172e-05 1.59852e-05 5.36916e-05 0.000125627 2.61117e-05 9.59079e-06 2.05076e-05 
5.25722e-05 1.50679e-05 8.64114e-06 1.00997e-05 9.52599e-05 0.000127621 9.45366e-06 2.17878e-05 0.000114413 0.000139984 1.83144e-05 2.88889e-05 5.89472e-05 4.87023e-05 1.0485e-05 1.54649e-05 
1.68681e-05 3.94902e-05 4.19314e-05 1.29501e-05 1.08591e-05 4.83396e-05 1.50773e-05 2.03949e-05 8.16051e-06 1.22994e-05 0.000173934 2.32961e-05 1.45696e-05 1.60324e-05 2.14575e-05 2.17797e-05 
0.000125218 1.97746e-05 1.91071e-05 0.000132279 7.20816e-05 5.82719e-06 7.77329e-06 0.000167562 9.41315e-05 8.62176e-06 7.98841e-06 0.000127471 3.55998e-05 1.07294e-05 1.16857e-05 0.000205215 
8.75423e-05 1.36837e-05 1.56048e-05 5.47453e-05 0.00014657 8.35252e-06 5.54641e-06 5.83939e-05 0.000204111 6.32868e-05 1.34006e-05 6.26059e-05 9.26985e-05 1.95857e-05 1.15891e-05 3.01618e-05 
7.59843e-05 1.95362e-05 1.09498e-05 1.78932e-05 8.82661e-05 7.29023e-05 1.02492e-05 2.72178e-05 0.000136128 0.000206776 2.61313e-05 3.72826e-05 8.5983e-05 6.48247e-05 1.20785e-05 1.68167e-05 
2.08668e-05 4.95664e-05 0.000138886 1.31158e-05 7.18958e-06 1.58501e-05 1.40851e-05 1.56258e-05 7.95526e-06 9.71336e-06 4.11962e-05 2.17843e-05 1.12639e-05 1.24567e-05 1.66202e-05 2.3763e-05 
6.46693e-05 1.39847e-05 3.2401e-05 7.88192e-05 0.000170888 6.63732e-06 7.91519e-06 8.51531e-05 0.000138791 1.95316e-05 8.48699e-06 0.000102311 8.12749e-05 1.32734e-05 1.20409e-05 3.86505e-05 
6.91254e-05 1.41022e-05 1.65727e-05 4.90177e-05 0.000151253 8.23313e-06 6.16243e-06 5.82856e-05 0.000110144 3.21647e-05 8.08868e-06 6.75109e-05 7.61153e-05 1.52736e-05 9.07267e-06 2.3952e-05 
8.70161e-05 1.45897e-05 1.02569e-05 1.79049e-05 0.000104466 2.5963e-05 9.164e-06 2.10345e-05 0.000112422 5.6841e-05 1.47556e-05 2.86568e-05 6.50598e-05 2.79777e-05 1.11784e-05 1.41005e-05 
1.42734e-05 2.92424e-05 3.43782e-05 3.81156e-05 1.21804e-05 1.09772e-05 1.4532e-05 2.9964e-05 1.16541e-05 9.52996e-06 1.47363e-05 1.86765e-05 8.53694e-06 9.98561e-06 1.24699e-05 2.31697e-05 
0.000149115 1.42294e-05 2.4335e-05 0.000193829 8.06025e-05 7.12328e-06 7.90599e-06 9.36637e-05 0.00010088 1.72354e-05 9.59405e-06 8.02822e-05 6.0606e-05 6.55239e-06 8.26676e-06 2.56408e-05 
0.00015264 1.5104e-05 1.96031e-05 6.34936e-05 0.000135153 9.24808e-06 6.76565e-06 6.25414e-05 0.000149011 5.5812e-05 1.47656e-05 6.74937e-05 0.000100508 1.93471e-05 7.92689e-06 3.02085e-05 
4.95603e-05 1.66767e-05 1.18286e-05 1.45548e-05 6.8064e-05 1.86579e-05 1.05794e-05 1.76583e-05 6.82407e-05 6.00846e-05 2.9638e-05 1.81804e-05 8.81981e-05 9.29652e-05 8.29854e-06 7.17482e-06 
