0
5.20778e-07
5.80726e-05
1.29979e-07
5.92956e-08
7.02103e-08
7.23053e-08
7.64894e-08
7.30924e-08
4.97917e-08
5.52456e-08
3.0172e-08
2.43551e-08
2.33193e-08
2.14936e-08
1.87118e-08
1.56161e-08
1.94068e-08
2.68301e-08
4.95453e-08
6.4231e-08
6.41655e-08
7.92362e-08
7.00757e-08
5.39681e-08
1.70362e-07
5.3832e-07
9.15495e-07
1.45171e-06
2.61565e-06
3.62957e-06
3.36422e-06
2.52767e-06
2.59034e-06
1.32724e-06
3.1354e-07
3.01786e-07
6.57375e-08
3.07908e-08
2.0378e-08
2.51492e-08
2.18171e-08
4.51987e-08
4.0148e-08
4.0721e-08
2.52412e-08
2.89418e-08
2.70338e-08
2.15135e-08
2.17294e-08
2.37449e-08
3.2038e-08
4.96747e-08
7.0143e-08
6.21835e-08
6.69345e-08
6.64769e-08
7.79714e-08
3.81203e-08
0
