0
5.20778e-07
5.75518e-05
-5.79426e-05
-7.06836e-08
1.09147e-08
2.09504e-09
4.18403e-09
-3.39693e-09
-2.33007e-08
5.45394e-09
-2.50736e-08
-5.81698e-09
-1.03574e-09
-1.82567e-09
-2.7818e-09
-3.09572e-09
3.7907e-09
7.42332e-09
2.27152e-08
1.46857e-08
-6.54907e-11
1.50707e-08
-9.1605e-09
-1.61076e-08
1.16394e-07
3.67958e-07
3.77175e-07
5.36211e-07
1.16394e-06
1.01392e-06
-2.65351e-07
-8.36546e-07
6.26701e-08
-1.2631e-06
-1.0137e-06
-1.17541e-08
-2.36048e-07
-3.49467e-08
-1.04128e-08
4.77123e-09
-3.33209e-09
2.33816e-08
-5.0507e-09
5.72999e-10
-1.54798e-08
3.70058e-09
-1.90795e-09
-5.52033e-09
2.15957e-10
2.01549e-09
8.29307e-09
1.76367e-08
2.04683e-08
-7.95944e-09
4.75097e-09
-4.57597e-10
1.14944e-08
-3.9851e-08
-3.81203e-08
