5.20778e-07
5.80726e-05
1.29979e-07
5.92956e-08
1.97656e-08
7.00457e-08
7.64894e-08
7.30924e-08
1.87793e-08
5.52456e-08
3.0172e-08
1.1202e-08
2.33193e-08
2.14936e-08
8.56221e-09
1.56161e-08
1.27562e-08
2.68301e-08
1.11676e-08
5.02112e-08
6.41655e-08
2.77343e-08
7.00757e-08
5.39681e-08
2.6813e-08
1.64739e-07
5.64549e-07
1.37113e-06
7.91768e-07
3.62957e-06
3.36422e-06
1.02935e-06
2.59034e-06
1.32724e-06
2.078e-07
3.01786e-07
6.57375e-08
3.07908e-08
1.02657e-08
1.93387e-08
2.18171e-08
1.1792e-08
4.0148e-08
4.0721e-08
1.13939e-08
2.89418e-08
2.66838e-08
2.15135e-08
1.21872e-08
1.7585e-08
3.2038e-08
1.25858e-08
6.638e-08
6.21835e-08
2.02092e-08
6.64769e-08
7.79714e-08
3.81203e-08
