0.0459383
0.0449463
0.0450607
0.0445
0.0446621
0.0453281
0.0464566
0.0430073
0.0461371
0.0448694
0.0447046
0.0447538
0.0462458
0.0636884
0.0466932
0.0448356
0.0656349
0.0655247
0.0926178
0.0453645
0.0910572
0.0632354
0.0643629
0.0642786
0.0928795
0.0663793
0.0630222
0.0629177
0.0642107
0.0641485
0.0442511
0.0460855
0.045096
0.0446584
0.0644168
0.0626899
0.0626584
0.0465979
0.0642421
0.0457149
0.0457516
0.045653
0.0465645
0.0454912
0.0450387
0.0459745
0.0463152
0.0469386
0.0461132
0.0457903
0.0466401
0.0459286
0.0451039
0.0451202
0.0472982
0.092709
0.0640901
0.064821
0.0473509
0.0464947
0.0444737
0.0636378
0.0466956
0.0735427
0.0466452
0.0450719
0.0469663
0.0459471
0.0471837
0.0648036
0.0459646
0.0470326
0.0459833
0.0476973
0.0729773
0.0466447
0.0438225
0.0745465
0.0464053
0.0467645
0.045676
0.0465597
0.0736619
0.0463922
0.0456091
0.0454799
0.046654
0.0456601
0.0456611
0.0454337
0.0441726
0.0462991
0.0464341
0.0466487
0.0457547
0.0460421
0.046051
0.0457428
0.0452891
0.0466068
0.0450837
0.0442495
0.0452452
0.0451244
0.0467484
0.0462541
0.0467012
0.0447882
0.0463159
0.0459903
0.046711
0.0741831
0.0731711
0.0456628
0.0451498
0.0458952
0.0460017
0.065875
0.045243
0.0738667
0.0732098
0.045376
0.0468322
0.0462584
0.0452654
0.0462668
0.0457942
0.0450798
0.0451956
0.0736597
0.0463432
0.0452879
0.0458214
0.0462678
0.0452603
0.0455841
0.0460079
0.0463889
0.0643753
0.0471596
0.0460323
0.0457674
0.0455668
0.0457245
0.0451754
0.0472892
0.0730059
0.0464611
0.0462679
0.0461365
0.0476804
0.045443
0.0462818
0.0461879
0.0752534
0.0735685
0.0460041
0.046397
0.0461309
0.0445387
0.0460041
0.0443764
0.0450422
0.0455628
0.0448988
0.0733733
0.0644658
0.0631025
0.0725957
0.0742577
0.044857
0.0454192
0.0454317
0.0627251
0.0459241
0.0470085
0.0457538
0.04501
0.0743669
0.0441465
0.044898
0.0644276
0.0457253
0.0655177
0.0739818
0.0440355
0.046385
0.0457828
0.0462265
0.0457718
0.0452132
0.0454188
0.0456853
0.073226
0.0454565
0.0453715
0.0461814
0.0460239
0.0461374
0.0457895
0.0449296
0.0450831
0.0467355
0.0461297
0.0461646
0.0458326
0.0461064
0.0458189
0.0464868
0.0462513
0.0734889
0.0456321
0.0451821
0.0456185
0.0461731
0.0451875
0.0450836
0.0452853
0.0460447
0.0460035
0.0453871
0.0465936
0.0458568
0.0446979
0.0469432
0.0742791
0.0452599
0.0728102
0.0451349
0.0459004
0.0721691
0.0733036
0.0448453
0.0452106
0.0452661
0.0640918
0.0459146
0.0735403
0.0652781
0.0729882
0.0466358
0.0444777
0.0454428
0.0454903
0.0453889
0.0455238
0.0456852
0.0448199
0.0640902
0.0739542
0.0440743
0.0468594
0.046506
0.0456788
0.0458786
0.0464318
0.0459973
0.0451711
0.045766
0.047245
0.0445974
0.0464093
0.0468163
0.0463209
0.0452285
0.0633689
0.0734881
0.0454174
0.073613
0.0445774
0.0453626
0.0450828
0.0455681
0.0461668
0.0454776
0.0451712
0.0470909
0.0459611
0.0457133
0.0458584
0.0456862
0.0463275
0.0471364
0.0456427
0.0465776
0.0450162
0.0455537
0.0453788
0.0455572
0.0451947
0.0456004
0.0458151
0.0453051
0.0466047
0.0467033
0.0452474
0.04408
0.0455837
0.0472133
0.0464109
0.0458141
0.0454179
0.0456678
0.0457366
0.04632
0.0446867
0.0446576
0.0460216
0.0449148
0.0449344
0.044589
0.0454532
0.0722287
0.0729128
0.0460178
0.0461777
0.0469301
0.0455047
0.0464859
0.0456683
0.0460421
0.0464685
0.0461966
0.0461252
0.0458282
0.0438484
0.0450409
0.0463143
0.0472252
0.06468
0.0465558
0.0457595
0.0455795
0.0645622
0.063372
0.0719292
0.0460055
0.0458003
0.0454521
0.0472442
0.0469998
0.0461124
0.047296
0.0469183
0.0461523
0.045919
0.0461955
0.0468168
0.0456378
0.062666
0.0729708
0.0455793
0.0455456
0.0449128
0.064501
0.0438909
0.046745
0.0465005
0.0451634
0.04478
0.0447891
0.0454409
0.0455121
0.0734714
0.0734961
0.0473799
0.0459088
0.0447565
0.0457132
0.0450741
0.0458459
0.0459532
0.0474167
0.0743238
0.0743133
0.0738653
0.0717947
0.0474362
0.0465134
0.0455906
0.0447437
0.0464707
0.0464086
0.0461839
0.045634
0.0457659
0.0453017
0.0652394
0.0453538
0.0453245
0.0458689
0.0452883
0.0442946
0.0465906
0.0456905
0.0467062
0.0461996
0.0468366
0.0737608
0.0460934
0.0463422
0.046697
0.0439684
0.0454007
0.063039
0.0460696
0.0466269
0.0457348
0.0456158
0.0444349
0.0460976
0.0447867
0.0448352
0.0446604
0.0451218
0.0454863
0.0454026
0.0452976
0.044936
0.0643084
0.0455886
0.0461322
0.0461861
0.0454965
0.045649
0.0455906
0.0451415
0.0461309
0.0459659
0.0447102
0.0642383
0.0448656
0.0464076
0.0446064
0.044574
0.045366
0.045876
0.0467644
0.0459946
0.0454266
0.0464936
0.0456499
0.0469089
0.0460182
0.0468288
0.0457468
0.0650302
0.0447703
0.0462262
0.0633434
0.0439281
0.0444291
0.0457475
0.0456126
0.0469289
0.0445243
0.046567
0.0453942
0.0461361
0.0460267
0.0638756
0.0459434
0.0463868
0.045243
0.0640531
0.0642232
0.0617522
0.045859
0.0632993
0.0451592
0.0469038
0.0440816
0.0459697
0.0452637
0.0462322
0.0451344
0.0657432
0.046689
0.045315
0.0466706
0.0462868
0.0651873
0.0933001
0.0646481
0.0471589
0.0459635
0.0467
0.0739728
0.0459434
0.0366993
0.0375541
0.0468926
0.0362362
0.0353024
0.0362601
0.0370234
0.0351157
0.0271465
0.0263299
0.0366412
0.0258761
