0.0335823
0.0335823
0.0337246
0.0282906
0.0300545
0.0296815
0.0358491
0.0340651
0.0106514
0.00888753
0.00712361
0.0053597
0.00359579
0.00183187
0.00101447
6.79567e-05
0.034589
0.0344202
0.0342893
0.0341733
0.034093
0.0124154
0.0340675
0.034054
0.0335823
0.0334948
0.0335196
0.0335823
0.0339926
0.0339011
0.0337862
0.0336943
0.033599
0.0335827
0.0212349
0.0282906
0.0284574
0.0300545
0.0314821
0.0318184
0.0331265
0.0335823
0.0341579
0.0347767
0.0352422
0.0265267
0.0247628
0.0229988
0.019471
0.0177071
0.0159432
0.0141793
0.0353462
0.0355824
0.0357957
0.0357771
0.0353462
0.0352997
0.0355985
0.0349754
0.0347635
0.019471
6.79567e-05
0.00183187
0.00359579
0.0053597
0.00712361
0.00888753
0.0100148
0.0106514
0.0124154
0.0141793
0.0159432
0.0177071
0.0212349
0.0229988
0.0265267
0.0262415
0.0247628
0.0335823
0.033565
0.0333905
0.0330179
0.0318184
0.0314689
0.0324282
0.0336445
0.0337362
-0.0377908
-0.0158073
-0.0246268
-0.0281547
-0.00169595
-0.0175712
-0.0352103
-0.00522378
