0.0238175
0.0167618
0.0220535
0.0335489
0.0323437
0.032637
-0.0202804
-0.000877336
-0.0349237
-0.0350746
-0.0352317
-0.0354836
-0.0357918
-0.0360457
-0.0361556
-0.0362751
-0.00969691
-0.00793299
-0.00616907
-0.00440516
-0.00264125
-0.0348233
0.000886584
0.00265049
0.0116723
0.013234
0.0149979
0.0167411
0.0044144
0.00617832
0.00794224
0.00970615
0.0114701
0.0167618
-0.0353042
-0.03445
-0.0343917
-0.0336649
-0.0326278
-0.0323193
-0.0308639
-0.0302161
-0.0291
-0.027336
-0.0255721
-0.0349986
-0.0352522
-0.0353801
-0.0350827
-0.0349409
-0.0348439
-0.0348317
-0.0250583
-0.0238082
-0.0220443
-0.0185165
-0.0152099
-0.0149886
-0.0167526
-0.0132247
-0.0114608
0.0352564
0.0331967
0.0333471
0.0335686
0.0337931
0.0339699
0.0342009
0.0344009
0.0345182
0.0348211
0.035027
0.0351879
0.0352598
0.0352124
0.0350881
0.034314
0.0344009
0.0348035
0.0236743
0.0238175
0.0255814
0.0273453
0.0303637
0.0308731
0.0291092
0.0185257
0.0202896
0.0255814
0.0331004
0.0329388
0.0322915
0.0330832
0.0331557
0.0288259
0.0330786
