2.07846e-07
1.34833e-07
5.23605e-08
1.99197e-08
7.02103e-08
7.23053e-08
7.33414e-08
2.17073e-08
4.97917e-08
3.95007e-08
9.14265e-09
2.43551e-08
1.96457e-08
5.26796e-09
1.87118e-08
1.34288e-08
1.94068e-08
1.10207e-08
4.95453e-08
6.4231e-08
2.0055e-08
7.92362e-08
4.98954e-08
2.18635e-08
1.70362e-07
5.3832e-07
9.15495e-07
1.45171e-06
2.61565e-06
2.77546e-06
1.62754e-06
2.52767e-06
1.32205e-06
3.18156e-07
3.1354e-07
6.63836e-08
2.20794e-08
9.55931e-09
2.0378e-08
2.51492e-08
1.35599e-08
4.51987e-08
3.5808e-08
1.56395e-08
2.52412e-08
2.37523e-08
2.70338e-08
8.09109e-09
2.17294e-08
2.37449e-08
1.76477e-08
4.96747e-08
7.0143e-08
2.41081e-08
6.69345e-08
6.55042e-08
4.00997e-08
1.56693e-08
