0
1.11664e-05
-9.03953e-06
-1.92656e-06
-8.73366e-08
-2.73824e-08
-6.78257e-09
-4.70649e-08
3.36376e-08
-2.71019e-08
-2.61087e-08
1.19385e-08
5.43156e-09
-1.58461e-08
1.7847e-08
-3.68331e-09
-7.37951e-09
-9.32768e-09
1.92241e-08
1.83844e-08
-2.89657e-08
3.34658e-08
-1.9091e-08
-7.40539e-09
-1.38513e-08
1.37617e-08
-6.67362e-09
-1.30168e-08
1.34208e-08
5.16491e-09
-1.09218e-08
1.78731e-08
-8.77514e-09
3.1211e-09
-9.8376e-09
7.80452e-09
-3.57871e-09
-1.31402e-08
7.65324e-09
1.21239e-08
8.30842e-07
-8.4458e-07
2.16267e-07
-1.86653e-07
1.64358e-09
1.71303e-08
-4.00028e-08
1.83752e-08
-3.00649e-08
2.76418e-08
-1.01436e-08
1.00865e-08
2.54681e-08
3.00903e-07
3.08254e-08
1.47155e-06
1.80357e-06
-2.35418e-07
-2.82726e-06
-6.08042e-07
