0.762182
0.690976
0.674099
0.644693
0.631651
0.6195
0.603468
0.587579
0.576442
0.568183
0.552648
0.486382
0.471583
0.43276
0.4258
0.418502
0.377659
0.344233
0.339343
0.331517
0.326901
0.322511
0.31724
0.310607
0.306962
0.279121
0.268802
0.24474
0.23852
0.232176
0.226028
0.169514
0.159169
0.156997
0.150675
0.134253
0.128406
0.126554
0.125418
0.123283
0.120554
0.118614
0.117323
0.116168
0.110199
0.108077
0.0868779
0.0826333
0.0774596
0.0616214
0.0519685
0.0510189
0.0501347
0.0481754
0.0473526
0.0461127
0.0427817
0.0419805
0.0407236
0.0399433
0.0393266
0.0386908
0.0360361
0.0350617
0.0323729
