0.0776994
0.0775431
0.0774786
0.0770743
0.0758224
0.0756492
0.0698859
0.06483
0.0640641
0.0596276
0.05574
0.0548054
0.0534455
0.0528205
0.0528095
0.0497393
0.0497283
0.0494447
0.0478138
0.0465319
0.0448852
0.0441732
0.0430158
0.0419968
0.0392127
0.0384518
0.0376452
0.037086
0.0362099
0.0356231
0.0348516
0.0345891
0.03225
0.0301717
0.0299239
0.0293968
0.0288678
0.0283274
0.0277707
0.0273006
0.0269142
0.0266083
0.0263796
0.0262261
0.0262202
0.0261926
0.0254725
0.0254651
0.0238463
0.0238176
0.0225428
0.0213419
0.0209485
0.0208898
0.020719
0.0189308
0.017454
0.0161935
0.0148672
0.0136816
0.0102118
0.00963196
0.00915736
0.00796183
0.00793821
