0.0635454
0.0636402
0.0644277
0.0630942
0.064882
0.063029
0.0637187
0.0634279
0.0637621
0.064579
0.0647253
0.0630702
0.0635481
0.063048
0.0635191
0.062902
0.0648351
0.064589
0.0639102
0.0648403
0.0653412
0.0625192
0.0649854
0.0641543
0.0653762
0.0645775
0.0640919
0.0644806
0.0656898
0.0649024
0.0644347
0.0643312
0.0640831
0.0644773
0.064735
0.0622625
0.063776
0.065584
0.0635853
0.0629518
0.0655751
0.0645674
0.0644509
0.0638878
0.0652032
0.065079
0.0649234
0.0646203
0.0640901
0.0644209
0.0652555
0.0631635
0.0640978
0.0636794
0.0629562
0.0639633
0.0644134
0.0650568
0.0646227
0.0647703
0.0646577
0.065617
0.0905188
0.064292
0.0641594
0.0622474
0.0650487
0.0651673
0.0635882
0.0639035
0.0655193
0.0638557
0.0654047
0.0637256
0.0644115
0.063514
0.0640626
0.0649135
0.0922635
0.0655203
0.0651619
0.0657543
0.0639815
0.0643367
0.0628509
0.0643545
0.0633223
0.0650632
0.0649754
0.0646983
0.064915
0.0630055
0.0641366
0.0642574
0.063538
0.0922041
0.0611532
0.0633394
0.0620698
0.0629675
0.0641764
0.0645537
0.0629143
0.0631382
0.064442
0.0646005
0.0640196
0.0910664
0.0627546
0.0650971
0.0639003
0.0917745
0.0637481
0.0642176
0.063595
0.0915534
0.0918896
0.0918442
0.0931933
0.0626423
0.064112
0.0644555
0.0633364
0.0624417
0.0637002
0.0640666
0.062666
0.0632134
0.0632056
0.0632736
0.0634458
0.0921262
0.0644568
0.0630865
0.0631417
0.0638478
0.0456993
0.0643189
0.0448495
0.0648985
0.0455474
0.0467659
0.0628388
0.0635801
0.064185
0.0466165
0.0649775
0.0643727
0.0459593
0.0625816
0.0638919
0.0645126
0.0635327
0.0637048
0.0644449
0.0652265
0.0646403
0.0657538
0.064476
0.0646216
0.0644851
0.0637535
0.0637948
0.0916527
0.0642892
0.0623725
0.0646772
0.0634921
0.0646711
0.0640052
0.0635201
0.090709
0.0632004
0.0649502
0.0917865
0.0658335
0.0625901
0.0647378
0.0654497
0.0740965
0.064026
0.064986
0.0653898
0.0632887
0.0642198
0.0647714
0.0648723
0.0628404
0.0640284
0.0646945
0.0644131
0.0634193
0.0634655
0.0644138
0.0639192
0.0639112
0.0641587
0.0629935
0.0633911
0.0639824
0.0651625
0.0637335
0.063624
0.0647855
0.0626497
0.0640899
0.0642764
0.0644244
0.0644825
0.0638112
0.0637697
0.0647525
0.0650053
0.0639121
0.046602
0.0634665
0.0636003
0.0630649
0.065073
0.0645336
0.0630353
0.0638874
0.0636047
0.0462579
0.0647957
0.0653706
0.0652384
0.0445605
0.0631828
0.0452741
0.0645805
0.0642812
0.0925851
0.0913901
0.0655946
0.0622357
0.0932577
0.0646508
0.0629565
0.0639404
0.0623563
0.0645986
0.0648236
0.0629256
0.0646707
0.0903141
0.0635289
0.062558
0.0639119
0.0642387
0.0642543
0.0645554
0.0446828
0.0649949
0.0672736
0.0923346
0.0646544
0.046293
0.0641029
0.0649504
0.0651841
0.0461793
0.0648679
0.0642413
0.0638367
0.0654683
0.0646774
0.0926603
0.0646715
0.0639205
0.0654999
0.0655881
0.0919449
0.0640853
0.0646717
0.0628405
0.0638818
0.0628651
0.0633998
0.0639058
0.0635617
0.0651224
0.0640327
0.0628252
0.0644109
0.063977
0.0661393
0.0636827
0.0918945
0.0640971
0.0638235
0.0647633
0.0616121
0.0644843
0.0652958
0.0646871
0.0632877
0.0647745
0.0644099
0.0634114
0.0450263
0.0643215
0.0643441
0.0662598
0.0627932
0.0920979
0.0635848
0.0642189
0.0654452
0.0644226
0.0643947
0.0453948
0.0643321
0.0454703
0.0447827
0.0446257
0.0634109
0.0916007
0.0632954
0.0919865
0.0633579
0.0616421
0.0633381
0.0630852
0.0925592
0.0642102
0.0912126
0.0906395
0.0634776
0.0633418
0.0646128
0.0634752
0.0901886
0.0625868
0.0622278
0.0630332
0.0639273
0.0622633
0.0624249
0.0630179
0.0636498
0.0629275
0.0639547
0.0641959
0.0627934
0.0649085
0.0912814
0.0633679
0.0625801
0.0628725
0.0635539
0.0632869
0.0624443
0.0633089
0.0624295
0.0636464
0.064516
0.0632962
0.0636928
0.0630715
0.0642839
0.063638
0.0639722
0.0642061
0.0642984
0.0641551
0.064334
0.0637485
0.0624309
0.0639253
0.0634703
0.0631115
0.0631093
0.0628999
0.0637316
0.0639144
0.0626339
0.0644169
0.0633688
0.064602
0.0640249
0.0643871
0.0641657
0.0646881
0.0648346
0.0644337
0.0627093
0.0630118
0.0634964
0.0640995
0.0632572
0.0639252
0.0651094
0.0636088
0.0631401
0.0638558
0.06511
0.0638142
0.0641285
0.0639729
0.0639103
0.0645642
0.0651289
0.0631357
0.0632145
0.0648926
0.0648516
0.0634853
0.0622059
0.0631426
0.0630558
0.0638926
0.073361
0.0646176
0.0632113
0.0626035
0.0647317
0.0641438
0.0638747
0.0646925
0.0666084
0.0641656
0.0650253
0.0639878
0.0645973
0.0646886
0.064495
0.0640919
0.0647022
0.063044
0.0642545
0.0639607
0.0642649
0.0639454
0.0639609
0.0634586
0.0636385
0.063658
0.0650843
0.0646214
0.0652476
0.0639078
0.0634666
0.0631566
0.0637502
0.0635433
0.0620605
0.0653478
0.0646738
0.0901274
0.0637515
0.0927199
0.06224
0.0626824
0.0647803
0.0640622
0.0639469
0.0635173
0.0633958
0.0636088
0.0623364
0.0900179
0.0643896
0.0621039
0.0642964
0.0645585
0.0638511
0.0638459
0.0639866
0.0643531
0.0635513
0.0634038
0.0648084
0.0635461
0.0630599
0.0631361
0.0642426
0.0632253
0.0643295
0.06249
0.0637902
0.0635954
0.0452363
0.0643146
0.063025
0.0648385
0.0636695
0.0639726
0.0632399
0.0640279
0.0639561
0.0646268
0.0636882
0.0632381
0.0631375
0.0639159
0.0632088
0.0924911
0.0633828
0.063819
0.0647656
