1.02683e-06
2.55693e-07
5.17671e-08
8.36205e-08
8.1686e-08
7.60652e-08
3.0107e-08
4.71826e-08
2.74364e-08
1.20919e-08
2.15139e-08
2.95103e-08
1.36642e-08
3.12573e-08
2.10636e-08
1.90757e-08
1.11206e-08
3.03447e-08
4.87291e-08
1.97633e-08
3.37149e-08
2.92806e-08
2.52181e-08
1.27273e-08
2.22948e-08
1.61394e-08
6.95271e-09
2.03736e-08
2.55385e-08
1.46167e-08
2.72516e-08
2.37146e-08
2.68357e-08
1.69981e-08
1.99153e-08
1.62863e-08
8.08372e-09
1.5737e-08
2.78609e-08
8.58703e-07
1.32008e-08
2.89227e-08
4.37385e-08
1.9815e-08
1.97274e-08
2.0864e-08
4.08848e-08
1.08198e-08
2.37409e-08
2.22731e-08
3.84045e-08
6.38726e-08
3.64775e-07
3.95601e-07
1.86715e-06
3.67072e-06
2.51546e-06
4.741e-07
