-0.0322917
-0.032467
-0.0339006
-0.0314013
-0.0347544
-0.0313166
-0.0326167
-0.032079
-0.0326855
-0.0341902
-0.0344589
-0.0314136
-0.0323029
-0.0313864
-0.0322222
-0.0310745
-0.0346573
-0.0342173
-0.0329461
-0.0346584
-0.0355889
-0.0303605
-0.0349289
-0.0333794
-0.0356535
-0.0341752
-0.0332744
-0.0339922
-0.0362349
-0.034786
-0.0338822
-0.0337269
-0.0332554
-0.0340018
-0.034455
-0.0298586
-0.0326885
-0.0360393
-0.0323462
-0.0311233
-0.0360232
-0.0341648
-0.0339577
-0.0329077
-0.0353366
-0.0351098
-0.034817
-0.0342623
-0.0332911
-0.0338934
-0.0354316
-0.0315294
-0.0332804
-0.0324998
-0.0311767
-0.0330526
-0.033878
-0.0350676
-0.0342758
-0.0345311
-0.0343316
-0.0361003
-0.0161314
-0.0336528
-0.033394
-0.0297916
-0.0350584
-0.0352677
-0.0323538
-0.0329176
-0.0359206
-0.0328378
-0.035714
-0.0325966
-0.0338911
-0.0322238
-0.0332218
-0.0348017
-0.0191932
-0.0359211
-0.0352605
-0.0363557
-0.0330622
-0.0337387
-0.030955
-0.0337846
-0.0318593
-0.0350772
-0.0349047
-0.0343965
-0.0348092
-0.031281
-0.0333788
-0.0335764
-0.032235
-0.0191804
-0.0278676
-0.03188
-0.0295566
-0.0311738
-0.0334487
-0.0341312
-0.0311152
-0.0315418
-0.0339336
-0.034215
-0.0331451
-0.0169948
-0.0308108
-0.0351368
-0.0329513
-0.0181858
-0.0326307
-0.0335103
-0.0323636
-0.0180068
-0.0184246
-0.0185645
-0.0209301
-0.0305688
-0.0333241
-0.0339581
-0.0318581
-0.0302587
-0.0325866
-0.0332171
-0.0306661
-0.0316405
-0.0316385
-0.0317544
-0.0321111
-0.0190659
-0.0339624
-0.0314564
-0.0315046
-0.0328028
-0.043137
-0.033682
-0.0416218
-0.0347706
-0.0428669
-0.0450361
-0.0309284
-0.0323086
-0.0334615
-0.0447638
-0.034925
-0.0337866
-0.0437226
-0.0304783
-0.0328946
-0.0340434
-0.0322346
-0.0325615
-0.0339168
-0.0353804
-0.0342915
-0.036353
-0.0340121
-0.0342632
-0.0340189
-0.0326422
-0.0327258
-0.0183191
-0.0336685
-0.0300764
-0.0343461
-0.0321868
-0.0343626
-0.0331094
-0.0322478
-0.0162627
-0.031625
-0.0348632
-0.0182376
-0.0365028
-0.0304837
-0.034466
-0.0357907
-0.0300661
-0.0331515
-0.0349232
-0.03568
-0.0318115
-0.0335065
-0.0345477
-0.0347312
-0.0309566
-0.0331519
-0.0343891
-0.0338546
-0.0320668
-0.0321468
-0.0338706
-0.0329572
-0.032965
-0.0334109
-0.0312636
-0.0319949
-0.0331057
-0.0352617
-0.032638
-0.0324381
-0.0345702
-0.0306554
-0.0332885
-0.0336114
-0.033884
-0.0340224
-0.0327676
-0.0326906
-0.0344917
-0.034972
-0.0329333
-0.0446812
-0.0321338
-0.0323875
-0.0313476
-0.0350969
-0.0340973
-0.0313213
-0.0328905
-0.0323619
-0.0441464
-0.0345674
-0.0356459
-0.035404
-0.0410516
-0.0316013
-0.042289
-0.0341856
-0.0336124
-0.0200509
-0.0173882
-0.0360596
-0.0298421
-0.0209272
-0.0343136
-0.0312084
-0.0330172
-0.0300957
-0.0342082
-0.0346442
-0.0311186
-0.0343589
-0.0155015
-0.0322483
-0.0304442
-0.0329717
-0.0335668
-0.0335814
-0.0341308
-0.0410947
-0.0349598
-0.0391648
-0.0194442
-0.034309
-0.0441199
-0.0332859
-0.0348778
-0.0353062
-0.0439712
-0.0347218
-0.0335455
-0.0328013
-0.0358282
-0.034363
-0.0201452
-0.0343431
-0.032984
-0.035884
-0.0360466
-0.0187552
-0.0332453
-0.0343563
-0.0309699
-0.0329158
-0.0309481
-0.0320087
-0.0329292
-0.0323104
-0.0351866
-0.0331631
-0.0309174
-0.0338633
-0.0330883
-0.037062
-0.0325149
-0.0184365
-0.0333207
-0.0327787
-0.0345321
-0.0287182
-0.0339975
-0.0355087
-0.0343791
-0.0317922
-0.0345348
-0.0338647
-0.032036
-0.0418784
-0.0337165
-0.0337472
-0.0372901
-0.0309157
-0.0190066
-0.0323526
-0.0335222
-0.0357828
-0.0338951
-0.0338324
-0.0425375
-0.0337162
-0.0426316
-0.0413694
-0.0411558
-0.0320002
-0.0180086
-0.031801
-0.0186184
-0.0319082
-0.0287148
-0.0318806
-0.0313825
-0.0197876
-0.0334899
-0.0171157
-0.0161706
-0.0321247
-0.0319161
-0.0342395
-0.0321447
-0.0152727
-0.0304867
-0.0298197
-0.0313615
-0.0329546
-0.0299633
-0.0301599
-0.0312734
-0.0324881
-0.0311183
-0.0330329
-0.0334513
-0.030859
-0.0347932
-0.0173147
-0.0319121
-0.0304602
-0.0310345
-0.0322566
-0.0317897
-0.0302146
-0.0318415
-0.0302049
-0.0324587
-0.0340392
-0.0317636
-0.0325425
-0.0313842
-0.0336275
-0.0324513
-0.0330344
-0.0334898
-0.0336639
-0.0334051
-0.0337338
-0.0325997
-0.0301475
-0.0329677
-0.032126
-0.0314763
-0.0314372
-0.0310514
-0.0325723
-0.0329222
-0.0305786
-0.0338782
-0.0319307
-0.0342206
-0.0331619
-0.0338476
-0.0333772
-0.0343771
-0.0346365
-0.0338975
-0.0306968
-0.031304
-0.03218
-0.0333056
-0.0317069
-0.0329593
-0.0351573
-0.0323713
-0.0315397
-0.0328599
-0.0351631
-0.0327597
-0.0333311
-0.033076
-0.0329432
-0.0341578
-0.0351948
-0.0314465
-0.0316443
-0.0347591
-0.0346769
-0.0321684
-0.0298055
-0.0315242
-0.0313607
-0.032917
-0.0286649
-0.0342526
-0.0316716
-0.0304567
-0.0344526
-0.0333669
-0.0328799
-0.0343889
-0.0379309
-0.033415
-0.0350022
-0.0330976
-0.0342215
-0.0343856
-0.0340132
-0.0332822
-0.0344001
-0.0312977
-0.0335719
-0.0330264
-0.033582
-0.032965
-0.0330213
-0.0320919
-0.0324416
-0.0324554
-0.0351142
-0.0342602
-0.035415
-0.0329462
-0.0321036
-0.0315094
-0.0326317
-0.0322406
-0.0294631
-0.0355983
-0.0343473
-0.0149976
-0.032649
-0.019811
-0.0298588
-0.0307011
-0.0345505
-0.0332232
-0.0330008
-0.032216
-0.0319738
-0.032383
-0.0299608
-0.0148116
-0.0338333
-0.0294899
-0.0336253
-0.0341274
-0.0328163
-0.0328028
-0.0330718
-0.0337448
-0.0322416
-0.0320107
-0.0346218
-0.0322648
-0.0313327
-0.0314821
-0.033548
-0.0316523
-0.0337156
-0.0302258
-0.0327219
-0.032354
-0.0422389
-0.0336705
-0.0313386
-0.0346463
-0.0324712
-0.0330642
-0.0316804
-0.0331387
-0.0330088
-0.0342585
-0.03253
-0.0317053
-0.0315239
-0.0329222
-0.0316482
-0.0195248
-0.0319469
-0.0327499
-0.0345246
