0.046499
0.044784
0.0450868
0.0468275
0.0435521
0.0460655
0.0446995
0.0443599
0.0456443
0.044591
0.0444194
0.0731401
0.0454268
0.0731186
0.0447364
0.0469176
0.0449143
0.0457289
0.0426551
0.0730546
0.044853
0.0466689
0.0457159
0.0459221
0.0452708
0.0650981
0.0722728
0.0453147
0.074964
0.0723259
0.0446799
0.0444752
0.0452614
0.0449603
0.0626868
0.0451019
0.0460235
0.0449592
0.0459375
0.0741791
0.0463049
0.0457772
0.0456928
0.0455231
0.0468849
0.0443897
0.0448749
0.0913029
0.0454979
0.0452376
0.0445643
0.0722315
0.0429808
0.0449137
0.0461587
0.0453278
0.0445767
0.0456665
0.0466112
0.0441706
0.0468025
0.0446423
0.0451696
0.0466644
0.0454153
0.0458217
0.074394
0.0448654
0.0453608
0.0459221
0.0460232
0.045937
0.0456808
0.0445472
0.045524
0.0455063
0.074107
0.0453217
0.0459314
0.045938
0.0732847
0.0470938
0.0462471
0.0434676
0.0458754
0.0466299
0.0452455
0.0450662
0.0729923
0.0738415
0.0451902
0.0460368
0.0452263
0.0443916
0.0455779
0.0459187
0.0717988
0.0447623
0.0451919
0.0461656
0.0455876
0.0441703
0.0457489
0.0452508
0.092415
0.0731485
0.0469542
0.072273
0.04457
0.0452783
0.0440618
0.0457385
0.0465857
0.0451802
0.045837
0.0724619
0.044794
0.04557
0.0469382
0.0466623
0.04631
0.046798
0.0470171
0.046515
0.0451751
0.0451638
0.0444356
0.0458561
0.0452838
0.0722996
0.046814
0.0454016
0.0465681
0.0627761
0.0444514
0.0454358
0.0458893
0.0736505
0.0657373
0.0465746
0.0442807
0.0626941
0.0455343
0.0470377
0.0462206
0.0467539
0.0461854
0.0736621
0.0462994
0.0470256
0.0453927
0.0734492
0.0433006
0.0715088
0.0449614
0.0447692
0.0454283
0.0435323
0.04462
0.045573
0.0457303
0.0461196
0.0469636
0.0451398
0.0458453
0.0453478
0.0457806
0.0456101
0.0463448
0.0454231
0.0461084
0.0442929
0.0457027
0.04615
0.073045
0.0461345
0.0459185
0.0453952
0.0444857
0.0742223
0.0724224
0.0452558
0.0460332
0.0454431
0.0443451
0.0446937
0.0734619
0.0464341
0.0461748
0.073347
0.045317
0.0461957
0.0445451
0.0443929
0.0443922
0.0452428
0.0725093
0.0462309
0.045324
0.0456168
0.0446116
0.0468082
0.0446962
0.0448884
0.046397
0.0458715
0.0454625
0.0743599
0.0459538
0.0736044
0.0453848
0.0461926
0.0731507
0.045021
0.0471147
0.0725993
0.0453996
0.0457276
0.0468731
0.0461105
0.0645236
0.0732632
0.0733261
0.0644549
0.0723366
0.0422993
0.046214
0.0462533
0.0754211
0.0469624
0.0454145
0.0740241
0.0451021
0.0450276
0.0447979
0.0458171
0.0456052
0.0451291
0.0456033
0.0451279
0.0442033
0.043939
0.0466327
0.0726028
0.044782
0.0444483
0.0723946
0.0637003
0.0730853
0.0444729
0.0730771
0.0466203
0.0732655
0.0461828
0.0711652
0.0447236
0.0454306
0.0459218
0.0450562
0.045858
0.0447252
0.072725
0.0450295
0.0455455
0.0466379
0.0449245
0.0461154
0.0449332
0.0637089
0.0458032
0.0630432
0.0458082
0.0651592
0.0451052
0.0451203
0.0446656
0.0448398
0.0927117
0.0651189
0.0471944
0.0463685
0.064962
0.0927221
0.0642449
0.0631178
0.0448466
0.0469882
0.0925037
0.06367
0.062786
0.0635256
0.0636178
0.0640506
0.0648842
0.0639926
0.06291
0.0931875
0.0632648
0.0657054
0.0642582
0.0647725
0.0636376
0.0638508
0.0628159
0.0624617
0.0434604
0.0631418
0.0653988
0.0648269
0.063749
0.0445387
0.0656172
0.045753
0.0644265
0.0457146
0.0654492
0.0641272
0.0464736
0.0642037
0.0652573
0.0640714
0.0643392
0.0635176
0.0647146
0.0461178
0.0449636
0.0464047
0.0642325
0.0655589
0.0476885
0.0463028
0.0639076
0.0460333
0.0452615
0.0646977
0.0467005
0.047022
0.0471438
0.0654419
0.0472244
0.0631865
0.0921811
0.0645739
0.0649771
0.0635345
0.0639405
0.0641754
0.0642979
0.0648461
0.0462996
0.0468022
0.0632066
0.0650645
0.0641632
0.0636672
0.0456165
0.0630901
0.04676
0.0724333
0.0642318
0.0648171
0.0455647
0.0644238
0.0459173
0.044723
0.0642377
0.0470124
0.0648624
0.0647029
0.0928953
0.0456509
0.0456413
0.0464349
0.0467268
0.0456065
0.0646147
0.0472141
0.0639861
0.0454703
0.0638725
0.046318
0.0463996
0.0459999
0.0450012
0.063701
0.0455181
0.0454643
0.063993
0.0455722
0.0458549
0.0634801
0.0651818
0.0635076
0.0462376
0.0460896
0.0644574
0.0642585
0.0456745
0.0648879
0.0463301
0.0740205
0.0464433
0.0461665
0.0470113
0.0457614
0.0462969
0.0475591
0.0642337
0.0632375
0.0443079
0.063942
0.0466173
0.0465902
0.0444866
0.0463155
0.0735696
0.0456729
0.0635599
0.0915351
0.045165
0.0455125
0.0637174
0.0641293
0.0931942
0.0633096
0.0640904
0.0647893
0.0633529
0.0646595
0.0908757
0.0642036
0.0634401
0.0644049
0.0633371
0.0648256
0.0632558
0.0620691
0.0639127
0.0641953
0.0633728
0.0643946
0.0461814
0.0448131
0.0635998
0.045246
0.0465556
0.0446396
0.0453524
0.0450981
0.047125
0.0639636
0.0651622
0.0462999
0.0464077
0.063531
0.0455708
0.0647133
0.0751728
0.0639097
0.0652762
0.046151
0.0643469
0.0657783
0.0922466
0.0651147
0.0641545
0.0642119
0.046784
0.064083
0.0647054
0.0651016
0.0643734
0.064637
0.0654431
0.0460834
0.0452847
0.046461
0.0927075
0.0639924
0.0459596
0.046738
0.0459826
0.0438845
0.0650184
0.0644452
0.0635079
0.0458152
0.0465569
0.0457229
0.0647733
0.0651496
0.0452548
0.045805
0.06402
0.0641778
0.0655075
0.064659
0.064416
0.0639283
0.0640907
0.0650098
