-0.0378437
-0.0313943
0.0332494
0.0369204
-0.0376544
-0.0401968
-0.000407873
0.0251109
0.0354983
-0.0373599
-0.0236812
0.0150079
-0.0196491
0.0209609
0.0293506
-0.0351613
-0.0366818
-0.02742
-0.0326396
0.00554734
0.0342993
-0.0382866
-0.02329
-0.0121775
0.00941335
-0.0343839
-0.0353942
0.0347695
0.0354872
-0.0129385
-0.0300419
0.0330863
0.0281958
-0.00145328
-0.0380233
0.032663
-0.00533229
0.031866
-0.0368669
0.0321102
0.0347782
0.0348807
-0.0340762
0.0344444
0.0194695
0.0204716
0.0142008
0.0336838
0.0291124
-0.0343375
0.0333574
-0.0381515
-0.015794
-0.0210975
-0.0362039
-0.0184612
-0.005845
-0.0360466
-0.0372395
-0.0105943
0.0261848
0.00476229
0.0374516
0.000758892
-0.0152175
0.0352299
-0.00055157
-0.0389467
0.0356819
-0.0262582
-0.0381848
0.00969246
-0.0345668
0.0165006
0.00441697
-0.0357009
-0.0223599
-0.0365953
-0.0352993
0.00925686
-0.0380398
-0.0379522
0.0332213
-0.0113243
-0.00718769
0.0331784
-0.0192396
-0.0365396
0.0136686
-0.0374704
0.0356001
0.0311597
-0.0323866
-0.0275434
-0.0383761
0.03428
0.0354786
0.0345578
-0.0305715
0.0335725
-0.0137816
0.00160599
