0.00745235
0.036592
0.0319101
0.0153558
0.0207681
0.000923289
0.0397495
0.0366425
0.0107262
0.00365653
0.0369701
0.0370573
0.0380786
0.0381724
0.0342099
0.0294848
0.0253432
0.0384018
0.0334241
0.0382075
0.00564005
0.00631835
0.0394331
0.039775
0.038323
0.0334324
0.0282786
0.00945059
0.0129115
0.0372802
0.0359524
0.0336009
0.036048
0.0382838
0.00938128
0.0149212
0.0387213
0.0270613
0.0140372
0.0338437
0.0318159
0.00234953
0.0342221
0.0250633
0.0368251
0.0371368
0.0377027
0.00207262
0.0347288
0.0295823
0.0289641
0.00934899
0.0377637
0.0407094
0.0205218
0.0406095
0.0395842
0.0163749
0.0254382
0.0402359
0.0370458
0.0397364
0.0154577
0.0402075
0.0406588
0.0204277
0.0392857
0.00445664
0.0156071
0.0371274
0.00577055
0.0395394
0.0326358
0.037277
0.0388958
0.0305942
0.0375992
0.0124393
0.034166
0.0387964
0.0148889
0.00227786
0.0250841
0.0393536
0.0388308
0.022297
0.0377577
0.0250873
0.0391526
0.0199102
0.00986025
0.0309626
0.036675
0.0391263
0.00922974
0.00270668
-0.0203036
-0.000158109
-0.025978
-0.0291226
-0.0344624
-0.0364265
