6.12064e-06 1.81412e-05 3.72331e-05 0.000117618 6.32481e-05 2.5934e-05 4.85682e-05 1.6467e-05 1.35457e-05 2.70705e-05 2.41184e-05 0.000218668 2.13237e-05 0.000140109 1.45827e-05 1.15924e-05 
0.000121256 6.42629e-05 7.38239e-05 7.44278e-05 0.000454324 0.000106963 0.000140031 0.000175258 0.000137462 2.18363e-05 1.62984e-05 2.7351e-05 0.00018332 2.8653e-05 3.3414e-05 0.000296709 
6.05356e-05 0.0001535 0.000123586 0.00017638 0.00193609 7.01181e-05 6.68911e-05 8.89867e-05 9.12397e-05 5.17152e-05 1.48889e-05 1.7542e-05 2.40426e-05 1.95628e-05 9.72888e-06 2.32353e-05 
4.39736e-05 0.000209842 0.0001523 0.000177223 7.07258e-05 2.11026e-05 1.97218e-05 1.98107e-05 9.65547e-05 0.000110767 9.67079e-05 1.35402e-05 0.000179161 4.34169e-05 3.55207e-05 2.22414e-05 
1.361e-05 4.29768e-05 2.21508e-05 0.000190629 3.97109e-05 5.47879e-05 0.000254828 2.05797e-05 5.27593e-06 2.13568e-05 0.000276567 0.00229961 1.85847e-05 1.58073e-05 0.000615747 2.45046e-05 
0.000155124 8.12582e-05 0.000116876 0.00256603 0.000113039 0.000138525 0.000161429 0.000222713 0.00210654 2.42182e-05 9.74013e-06 3.82823e-05 0.000574225 1.4999e-05 3.37483e-05 9.11088e-05 
0.000167168 0.000401556 0.000144557 0.000246535 0.000202288 0.000138358 0.000138797 0.000123319 0.000139796 3.96439e-05 5.8488e-06 2.22173e-05 3.18606e-05 2.125e-05 1.13909e-05 6.35688e-05 
0.000218304 0.000151379 0.000248654 0.000139232 8.91758e-05 3.12235e-05 2.58557e-05 3.21385e-05 0.000114589 0.000492686 3.48693e-05 1.55153e-05 0.000411173 4.34551e-05 1.68321e-05 2.14414e-05 
1.26587e-05 0.00024011 0.000210786 0.00017808 4.16865e-05 4.25104e-05 4.5467e-05 1.65163e-05 4.95066e-06 1.63512e-05 0.0036979 0.00107641 1.36453e-05 1.51171e-05 0.000633097 4.20768e-05 
6.18924e-05 0.000392342 9.73066e-05 0.000509871 0.000133009 0.00014391 0.000142777 0.000671121 0.000148145 7.64536e-06 9.81488e-06 4.47439e-05 3.16196e-05 1.24249e-05 1.42636e-05 0.000261147 
6.53882e-05 0.00279767 0.000116431 0.00218911 5.75969e-05 0.000127085 0.000191133 0.000136249 0.000205962 1.77308e-05 4.08217e-06 2.57019e-05 5.20775e-05 1.7937e-05 1.07242e-05 2.95662e-05 
0.000124912 0.000212813 0.000196937 6.84339e-05 6.97122e-05 4.49946e-05 4.45228e-05 5.27595e-05 0.00014973 4.31982e-05 1.80029e-05 1.19138e-05 1.58332e-05 2.79546e-05 1.68453e-05 1.90097e-05 
1.11315e-05 3.00827e-05 2.58046e-05 4.7015e-05 5.90405e-05 0.000116914 0.000118291 2.13399e-05 1.11651e-05 1.19414e-05 3.71427e-05 1.35158e-05 5.07469e-06 1.06284e-05 1.91896e-05 1.75719e-05 
5.00817e-05 6.41052e-05 4.03482e-05 6.2335e-05 0.000157021 0.000131844 0.000175276 0.000192475 0.000649126 1.99464e-05 1.6134e-05 2.52118e-05 1.32668e-05 5.83693e-06 9.04148e-06 2.60629e-05 
6.33962e-05 0.00010392 0.000114903 0.000112029 0.00147769 0.000105517 0.000124596 0.000165863 7.07951e-05 3.09082e-05 9.25025e-06 1.87047e-05 1.41084e-05 8.5737e-06 5.21786e-06 1.92281e-05 
0.000100808 0.000132003 7.10328e-05 0.0001182 0.000107113 3.99752e-05 3.19459e-05 3.32578e-05 5.81719e-05 3.31033e-05 1.93167e-05 3.09146e-05 0.00013621 1.85535e-05 7.54724e-06 7.07241e-06 
