0.823467 0.800395 0.782565 0.837678 0.89271 0.746466 0.756873 0.794971 0.886541 0.669307 0.508386 0.795918 1 0.808649 0.792327 0.860215 
0.846723 0.849802 0.981964 0.969194 0.740027 0.878417 0.834192 0.868472 0.921023 0.864356 1 1 0.899148 1 0.696414 0.846774 
0.948203 0.840909 0.828657 0.867299 0.554333 0.866164 0.812715 0.87234 0.94327 0.857426 1 1 1 1 0.929942 0.955197 
0.924947 0.842885 0.608216 0.844787 0.888583 0.874647 0.87543 0.864603 0.858732 0.472277 0.945493 0.984127 0.892045 0.536216 0.864887 0.914875 
0.88055 0.583004 0.47495 0.800948 0.86795 0.67672 0.487972 0.779497 0.820912 0.882178 0.395178 0.277778 0.99858 0.696216 0.6397 0.855735 
0.530655 0.903162 0.849699 0.549763 0.924347 0.876532 0.871993 0.448743 0.521691 0.89604 1 1 0.714489 1 0.92744 0.962366 
0.453488 0.747036 0.830661 0.850711 0.858322 0.877474 0.803265 0.859768 0.894327 0.90099 1 1 1 1 0.92744 0.982975 
0.848837 0.876482 0.809619 0.873223 0.896836 0.883129 0.865979 0.863636 0.896552 0.477228 0.953878 0.989796 0.558239 0.528649 0.924103 0.898746 
0.763214 0.823123 0.380762 0.659953 0.865199 0.696513 0.558419 0.504836 0.849833 0.775248 0.395178 0.558957 1 0.908108 0.750626 0.557348 
0.904863 0.772727 0.870741 0.763033 0.889959 0.842601 0.464777 0.594778 0.658509 0.922772 1 1 1 1 0.92744 0.860215 
0.856237 0.51087 0.851703 0.575829 1 0.882187 0.796392 0.826886 0.862069 0.930693 1 1 1 1 0.929942 0.875448 
0.535941 0.468379 0.470942 0.989336 1 0.876532 0.860825 0.856867 0.865406 0.857426 0.987421 1 1 0.989189 0.921601 0.913979 
0.830867 0.552372 0.900802 0.790284 0.885832 0.496701 0.496564 0.369439 0.809789 0.719802 0.408805 0.8322 1 0.900541 0.684737 0.811828 
0.902748 0.963439 0.998998 1 0.770289 0.826579 0.793814 0.675048 0.630701 0.887129 1 1 1 1 0.921601 0.922939 
0.98203 0.91502 0.887776 0.900474 0.632737 0.875589 0.78866 0.447776 0.974416 0.931683 1 1 1 1 0.933278 0.867384 
0.947146 0.505929 0.98998 0.869668 0.870701 0.886899 0.808419 0.893617 0.964405 0.462376 1 1 0.916193 1 0.926606 0.893369 
