0
1.55464e-06
9.54809e-07
9.22497e-07
8.90121e-07
4.26404e-07
3.61886e-07
3.92041e-07
3.38002e-07
1.5096e-07
2.24891e-07
1.98372e-07
1.70311e-07
3.17906e-07
1.38259e-07
1.43209e-07
6.48115e-08
1.47539e-07
1.07048e-07
8.4191e-08
1.11022e-07
8.65324e-08
5.21894e-08
1.07202e-07
1.01919e-07
9.52548e-08
4.62133e-08
7.9016e-08
1.02686e-07
4.81181e-08
7.92243e-08
5.97348e-08
8.39409e-08
6.02754e-08
1.17203e-07
1.02212e-07
4.50375e-08
5.47307e-08
5.57789e-08
6.22244e-08
3.14707e-08
7.11072e-08
7.9322e-08
5.81635e-08
7.70674e-08
6.86948e-08
8.08339e-08
4.70255e-08
6.68646e-08
9.09793e-08
2.79939e-08
7.46818e-08
7.2556e-08
3.88842e-08
5.88868e-08
6.0147e-08
7.23899e-08
5.24774e-08
2.73813e-07
8.52192e-07
6.26612e-07
0
