0
1.55464e-06
-5.99832e-07
-3.23112e-08
-3.23766e-08
-4.63716e-07
-6.45186e-08
3.0155e-08
-5.40384e-08
-1.87043e-07
7.39314e-08
-2.65193e-08
-2.80604e-08
1.47594e-07
-1.79647e-07
4.95056e-09
-7.83978e-08
8.27272e-08
-4.04912e-08
-2.28565e-08
2.68309e-08
-2.44895e-08
-3.4343e-08
5.50122e-08
-5.28217e-09
-6.66461e-09
-4.90416e-08
3.28027e-08
2.36696e-08
-5.45676e-08
3.11063e-08
-1.94896e-08
2.42061e-08
-2.36655e-08
5.69279e-08
-1.49911e-08
-5.71748e-08
9.69321e-09
1.04819e-09
6.44558e-09
-3.07538e-08
3.96366e-08
8.21478e-09
-2.11585e-08
1.89039e-08
-8.37264e-09
1.21392e-08
-3.38084e-08
1.98391e-08
2.41146e-08
-6.29853e-08
4.66879e-08
-2.12585e-09
-3.36717e-08
2.00026e-08
1.26019e-09
1.22429e-08
-1.99125e-08
2.21335e-07
5.78379e-07
-2.2558e-07
-6.26612e-07
