1.55464e-06
9.54809e-07
9.22497e-07
8.90121e-07
4.26404e-07
3.61886e-07
3.92041e-07
2.8647e-07
1.39651e-07
2.24891e-07
1.44161e-07
1.70311e-07
3.17906e-07
9.8284e-08
1.15506e-07
6.36629e-08
1.47539e-07
8.93389e-08
8.4191e-08
1.11022e-07
8.65324e-08
4.61361e-08
1.07202e-07
1.01919e-07
7.3723e-08
4.62133e-08
7.9016e-08
5.78865e-08
4.47941e-08
7.92243e-08
5.97348e-08
4.27951e-08
6.02754e-08
1.17203e-07
8.34657e-08
4.50375e-08
5.31787e-08
5.57789e-08
6.22244e-08
3.14707e-08
7.11072e-08
7.57402e-08
4.82153e-08
7.70674e-08
6.22424e-08
6.63557e-08
3.91602e-08
6.68646e-08
9.09793e-08
2.59098e-08
7.46818e-08
6.56944e-08
3.88842e-08
5.43475e-08
6.0147e-08
4.52638e-08
5.24774e-08
1.27683e-07
4.97424e-07
6.26612e-07
