0.0455998
0.0453925
0.0438251
0.0437223
0.045027
0.0452517
0.0461747
0.0452898
0.0431293
0.044896
0.0439082
0.044994
0.0446051
0.0444883
0.044611
0.0457344
0.0452314
0.0442176
0.0451499
0.0453303
0.043623
0.0417181
0.0450956
0.0446015
0.0442828
0.0438779
0.045219
0.0726516
0.045283
0.0458458
0.0443417
0.0438901
0.0451515
0.0722312
0.0455554
0.0445199
0.0445405
0.0446731
0.0451909
0.0454717
0.0452673
0.0444684
0.0457565
0.0462601
0.044021
0.0444754
0.0447106
0.0449436
0.0453154
0.0460568
0.0440216
0.0427525
0.045493
0.0440643
0.044373
0.0437932
0.0445865
0.0449725
0.0449445
0.0437582
0.044412
0.0448852
0.0442359
0.0426503
0.0437519
0.0458612
0.0440327
0.044846
0.0454757
0.0448118
0.0444769
0.0455879
0.04469
0.0457712
0.042276
0.045731
0.043849
0.0430021
0.0439707
0.0443389
0.0456007
0.0432495
0.0453323
0.0443497
0.0455152
0.0453922
0.0454182
0.044434
0.0448356
0.0446232
0.0441104
0.0444097
0.0464729
0.0439478
0.0467136
0.0436951
0.0443716
0.0447136
0.0451896
0.0449452
0.0423648
0.0447117
0.0452186
0.0449032
0.045564
0.045401
0.0449785
0.0441276
0.0450481
0.0441494
0.0442822
0.0453156
0.0447665
0.0447679
0.0421675
0.0447512
0.0449271
0.0446061
0.0447033
0.0462838
0.0462266
0.0450761
0.0443274
0.0421086
0.0454797
0.0456658
0.0454156
0.0451495
0.0442519
0.0459936
0.0459142
0.0450156
0.0457302
0.0441101
0.0451148
0.0467746
0.0453081
0.0445543
0.0452108
0.0446619
0.045248
0.0463758
0.0459125
0.0460554
0.0441101
0.0441633
0.0452335
0.0448578
0.0428616
0.04517
0.0460885
0.0452965
0.0457445
0.0459097
0.043278
0.0460033
0.0457716
0.0454664
0.0468067
0.0441662
0.0429509
0.0449684
0.0449164
0.0459012
0.0441829
0.0442788
0.0452812
0.0441372
0.0451648
0.046386
0.0459879
0.0445808
0.047708
0.0455415
0.0451269
0.0458328
0.0458079
0.0450093
0.0451311
0.0448348
0.0463822
0.0456241
0.0447991
0.0457971
0.0462328
0.0462709
0.0452147
0.0451515
0.0473341
0.0452696
0.0459606
0.0435086
0.0447775
0.0445877
0.0451986
0.0455645
0.01854
0.0447169
0.0453665
0.0445548
0.0445075
0.0432227
0.0446711
0.0470194
0.0449148
0.0460556
0.0467619
0.0449699
0.0456421
0.0453336
0.0426237
0.0450529
0.0451034
0.0453584
0.0633917
0.04542
0.0451766
0.0436022
0.0457001
0.046631
0.0419627
0.0451236
0.0419965
0.0441247
0.045665
0.0456627
0.0443776
0.0440184
0.0449678
0.0437116
0.04395
0.0453551
0.044027
0.0434301
0.0419129
0.0457924
0.0447068
0.0456734
0.0437715
0.0426993
0.0449028
0.042426
0.0438604
0.0456593
0.0457783
0.0460893
0.0448879
0.0448278
0.0431185
0.0459439
0.0438568
0.0442616
0.0445319
0.0460628
0.0449424
0.0456514
0.0462343
0.045959
0.0444971
0.0428513
0.0435401
0.045901
0.0452235
0.0449145
0.0452679
0.0459868
0.0431175
0.0431305
0.0443991
0.0464291
0.0472394
0.0451003
0.0448247
0.0449472
0.0453318
0.0473895
0.0445684
0.0646797
0.0640087
0.0650639
0.0447675
0.0459748
0.0459912
0.046038
0.0451785
0.0450098
0.0451445
0.0465607
0.0456825
0.0471488
0.0187911
0.0452174
0.0459216
0.0471871
0.0446315
0.0449298
0.0445347
0.0470427
0.0460211
0.0446926
0.0453802
0.0463376
0.0455967
0.0430734
0.044955
0.0183468
0.0459617
0.0474546
0.0449657
0.0450953
0.045734
0.0444317
0.0426369
0.0459816
0.0459273
0.0447788
0.045474
0.0463237
0.0449378
0.044048
0.0437578
0.0463693
0.0463414
0.0449062
0.0462158
0.0440942
0.0459446
0.0449035
0.0465191
0.0458948
0.0464875
0.0460223
0.0459582
0.0447429
0.0720052
0.0454103
0.0469624
0.0449672
0.0460318
0.0444361
0.0468818
0.0460544
0.0461464
0.0456991
0.0454671
0.0464119
0.0458653
0.0440947
0.0746572
0.0437791
0.0466223
0.0452573
0.045077
0.046489
0.0449724
0.0441885
0.0453468
0.0441863
0.0460549
0.0452404
0.043979
0.0450947
0.0459
0.0460122
0.0474679
0.0447599
0.0463344
0.0463141
0.0452263
0.0441924
0.0452887
0.0458069
0.0460467
0.045363
0.045368
0.0451039
0.04644
0.0465299
0.0459053
0.019214
0.0460125
0.0468191
0.0465138
0.0459287
0.0451779
0.0434373
0.0458988
0.0434007
0.0464304
0.0458368
0.046914
0.0464477
0.0473129
0.0457015
0.0468769
0.045775
0.0462565
0.0463178
0.0458285
0.0454861
0.0461297
0.0455153
0.0713867
0.0447744
0.0450688
0.0458779
0.0455069
0.044719
0.048045
0.0457199
0.0457188
0.0455065
0.0430044
0.0454004
0.0456542
0.0453944
0.0466873
0.0469042
0.0435147
0.0467667
0.0436311
0.0439011
0.0437025
0.0429631
0.0443213
0.046145
0.0429158
0.0453536
0.0735731
0.0453147
0.0440779
0.0647412
0.0446653
0.0433777
0.0439396
0.0452365
0.0465588
0.0464459
0.0434433
0.0722308
0.0451486
0.0456541
0.0470109
0.0444908
0.0469496
0.043294
0.0445661
0.0462814
0.0432796
0.0447663
0.0467319
0.04349
0.0470487
0.0473498
0.0423698
0.0476971
0.0432227
0.0459564
0.0438581
0.0451239
0.0442606
0.0454316
0.0457731
0.0441344
0.045929
0.0456281
0.045722
0.0424296
0.076494
0.044474
0.0464654
0.045176
0.0465323
0.0487328
0.0445187
0.046316
0.0455568
0.046048
0.0471003
0.0446205
0.0433724
0.0465341
0.0458885
0.0454027
0.0456971
0.0463165
0.0436314
0.0494182
0.0474918
0.0460023
0.0452013
0.0463878
0.0438323
0.0452753
0.0438485
0.0465908
0.0469733
0.0460784
0.0474887
0.0458491
0.0445501
