0.0306975
-0.0249323
-0.0236961
-0.0230378
-0.0219415
-0.0201868
-0.0317406
0.0245563
0.0330283
-0.0318573
0.0330633
0.0239922
0.023679
-0.0317554
-0.0312531
0.0326158
0.0324521
0.0318492
-0.0312086
-0.0311768
0.0254336
-0.0315376
0.0319795
0.032111
-0.0318592
0.0306693
0.0323065
-0.0318623
0.0324521
0.0314294
0.0317925
0.0306975
-0.0318556
0.032051
-0.0319047
0.0321232
0.0271882
0.0149058
-0.0294591
-0.0302937
-0.0114137
-0.0303667
0.0166604
0.0184151
0.0201697
0.0219243
0.0263109
0.0131512
-0.00439515
-0.00264052
-0.0318009
-0.0306354
0.0272206
0.0280655
0.028423
-0.0307146
-0.0309576
0.00262338
0.00437801
0.00613264
0.00788727
-0.0272054
-0.0254507
0.00964191
0.0113965
-0.0281345
-0.02896
0.000868745
0.0324521
0.0289428
-0.0316153
-0.0315885
-0.00088589
-0.0131683
-0.0149229
-0.0166776
-0.0184322
0.0318512
0.0324521
-0.00614978
-0.00790442
-0.00965904
-0.0111593
0.0325048
0.0323318
0.0325039
0.0271882
0.0324521
0.0324521
0.023679
0.0324521
-0.0315919
-0.0307146
-0.0315919
-0.0219415
0.0166604
-0.0315919
-0.0315919
-0.0315919
-0.0307146
-0.031592
0.0184151
0.00964191
-0.0315919
-0.0114137
0.0219243
0.0245563
0.0254336
0.0263454
0.0271882
0.0263109
-0.031483
-0.0315428
-0.0314921
-0.0315264
-0.0314612
-0.0315021
-0.0314407
0.023679
-0.02896
0.0263109
-0.0307146
0.0306975
0.0149058
0.00613264
0.00437801
0.0245563
0.00788727
-0.0201868
-0.0307146
-0.0272054
0.0254336
0.023679
0.0201697
0.0131512
0.00262338
0.0271882
0.0306975
0.0113965
0.0306975
-0.0184322
0.0289429
0.000868744
-0.00088589
0.0306975
-0.0272054
0.0304446
0.0324521
0.0313652
0.0325765
0.0325174
-0.0280977
-0.00088589
0.000868743
-0.0201868
0.0311871
0.0311088
0.0306975
-0.0309509
0.00437801
-0.0309008
0.0312386
-0.031006
-0.0304197
0.0299824
0.00613264
0.00964191
-0.0131683
-0.0149229
-0.0166776
0.0219243
0.031624
0.0201697
0.00788727
0.0316379
-0.0299397
0.0306975
0.0113965
0.0304606
-0.0302742
0.0271882
0.0289428
0.0288066
-0.0300957
0.0184151
-0.0172882
0.0254336
-0.00614978
-0.00790442
0.0315016
0.0308623
0.023679
0.0245563
0.031039
-0.00965904
-0.0298927
-0.0184322
0.0324521
-0.0114137
-0.0119542
-0.0014511
0.00262338
0.0263109
0.0268065
0.0131512
-0.0307146
0.030852
-0.0312386
-0.0236961
0.0166604
-0.0312582
-0.00264052
-0.00439515
-0.0312434
-0.0310201
-0.0309833
-0.0292091
-0.0242534
-0.0254507
0.0149058
-0.02896
-0.0219415
-0.0313046
-0.0312248
-0.0294196
-0.0266726
-0.0308329
