0.0266274
0.0301366
0.0316164
0.0318913
0.0320746
0.0322719
0.00118521
0.030065
0.0125903
0.00293984
0.0143449
0.0301366
0.0302041
0.00206253
0.0143449
0.0160996
0.0164347
0.0178542
0.0178542
0.0160996
0.0299769
0.0125903
0.0196089
0.00732642
0.00557179
0.0266274
0.00206253
0.000307895
0.00279847
0.0248728
0.0231181
0.0265846
0.00469448
0.00908106
0.00381716
0.0213635
0.0292742
0.0307433
0.0266274
0.0248728
0.0320181
0.0231181
0.030398
0.030605
0.0309007
0.0305984
0.0296074
0.0308483
0.0310658
0.0309103
0.00732642
0.0213635
0.0292593
0.0286706
0.028382
0.0210095
0.0196089
0.0309593
0.030697
0.0305077
0.0304278
0.0290323
0.0297081
0.0302382
0.0305331
0.028382
0.0272335
0.0309672
0.00436447
0.028045
0.00908106
0.0108357
0.0308525
0.0328096
0.0329081
0.0329123
0.0327278
0.000307897
0.0106937
0.0311761
0.0314701
0.0315378
0.0318913
0.0108357
0.00557179
0.00381716
0.0292593
0.00381716
0.0108357
0.0301366
0.0160996
0.00206253
0.0196089
0.00118521
0.0318913
0.0301366
0.00293984
0.00557179
0.00469448
0.0178542
0.000307897
0.0301366
0.0301366
0.00381716
0.0318913
0.0301366
0.0294587
0.0295016
0.0292593
0.0288916
0.0292739
0.00293984
0.00381716
0.00557179
0.000307896
0.00118521
0.00469448
0.00206253
0.0296099
0.0266274
0.0292593
0.0160996
0.0248727
0.0301366
0.0301366
0.0301366
0.0292593
0.0301366
0.0318913
0.0143449
0.028382
0.0292593
0.0292593
0.0301366
0.0301366
0.0301366
0.028382
0.0178542
0.0301366
0.0231181
0.0318913
0.0266274
0.0301366
0.0301366
0.0168077
0.0276836
0.0178542
0.0146237
0.0160996
0.0143449
0.0125903
0.0266274
0.0301336
0.0301071
0.0316433
0.0213635
0.0196089
0.0185838
0.0108357
0.0297386
0.00908106
0.00557179
0.00732642
0.0143449
0.0248727
0.0296784
0.0297928
0.0322247
0.0323216
0.0320045
0.0293666
0.00381716
0.02984
0.0296665
0.00206253
0.0196089
0.0225943
0.0300249
0.0231181
0.0160996
0.028153
0.0264725
0.0266274
0.0178542
0.0294818
0.0318913
0.0288859
0.0303409
0.0306146
0.0108357
0.00908106
0.0289975
0.0289015
0.00732642
0.0311432
0.0213635
0.0318116
0.0124657
0.0317455
0.0318913
0.0301366
0.0298946
0.0286355
0.028382
0.0299677
0.0130685
0.000307896
0.000307896
0.0306086
0.0289766
0.00118521
0.0302955
0.030308
0.00206253
0.00469448
0.00557179
0.0248728
0.0301366
0.0292212
0.0294212
0.0256705
0.0313096
0.00293984
0.00381716
0.0231181
0.028382
0.0125903
