4.59127e-07
6.92516e-07
6.0874e-07
5.80899e-07
2.29547e-07
3.53508e-07
3.19667e-07
3.38002e-07
1.5096e-07
1.51032e-07
1.98372e-07
1.52071e-07
1.78895e-07
1.38259e-07
1.43209e-07
6.48115e-08
9.67608e-08
1.07048e-07
7.96145e-08
1.08146e-07
7.29991e-08
5.21894e-08
9.22309e-08
7.82022e-08
9.52548e-08
4.02661e-08
5.95413e-08
1.02686e-07
4.81181e-08
5.68425e-08
5.85115e-08
8.39409e-08
5.12457e-08
1.08815e-07
1.02212e-07
2.64986e-08
5.47307e-08
5.56102e-08
6.13747e-08
2.94417e-08
7.00072e-08
7.9322e-08
5.81635e-08
5.25109e-08
6.86948e-08
8.08339e-08
4.70255e-08
5.69096e-08
8.7258e-08
2.79939e-08
7.10112e-08
7.2556e-08
2.93745e-08
5.88868e-08
5.0277e-08
7.23899e-08
4.75278e-08
2.73813e-07
8.52192e-07
5.62296e-07
