0.163245 0.163245 0.163245 0.163245 0.163245 0.163245 0.163245 0.163245 0.163245 0.163245 0.163245 0.163245 0.163245 0.163245 0.163245 0.163245 
0.213099 0.213099 0.213099 0.213099 0.213099 0.213099 0.213099 0.213099 0.213099 0.213099 0.213099 0.213099 0.213099 0.213099 0.213099 0.213099 
0.195503 0.195503 0.195503 0.195503 0.195503 0.195503 0.195503 0.195503 0.195503 0.195503 0.195503 0.195503 0.195503 0.195503 0.195503 0.195503 
0.0752689 0.0752689 0.0752689 0.0752689 0.0752689 0.0752689 0.0752689 0.0752689 0.0752689 0.0752689 0.0752689 0.0752689 0.0752689 0.0752689 0.0752689 0.0752689 
0.104594 0.104594 0.104594 0.104594 0.104594 0.104594 0.104594 0.104594 0.104594 0.104594 0.104594 0.104594 0.104594 0.104594 0.104594 0.104594 
0.1652 0.1652 0.1652 0.1652 0.1652 0.1652 0.1652 0.1652 0.1652 0.1652 0.1652 0.1652 0.1652 0.1652 0.1652 0.1652 
0.293255 0.293255 0.293255 0.293255 0.293255 0.293255 0.293255 0.293255 0.293255 0.293255 0.293255 0.293255 0.293255 0.293255 0.293255 0.293255 
0.247312 0.247312 0.247312 0.247312 0.247312 0.247312 0.247312 0.247312 0.247312 0.247312 0.247312 0.247312 0.247312 0.247312 0.247312 0.247312 
0.139785 0.139785 0.139785 0.139785 0.139785 0.139785 0.139785 0.139785 0.139785 0.139785 0.139785 0.139785 0.139785 0.139785 0.139785 0.139785 
0.317693 0.317693 0.317693 0.317693 0.317693 0.317693 0.317693 0.317693 0.317693 0.317693 0.317693 0.317693 0.317693 0.317693 0.317693 0.317693 
0.119257 0.119257 0.119257 0.119257 0.119257 0.119257 0.119257 0.119257 0.119257 0.119257 0.119257 0.119257 0.119257 0.119257 0.119257 0.119257 
0.0899315 0.0899315 0.0899315 0.0899315 0.0899315 0.0899315 0.0899315 0.0899315 0.0899315 0.0899315 0.0899315 0.0899315 0.0899315 0.0899315 0.0899315 0.0899315 
0.135875 0.135875 0.135875 0.135875 0.135875 0.135875 0.135875 0.135875 0.135875 0.135875 0.135875 0.135875 0.135875 0.135875 0.135875 0.135875 
0.128055 0.128055 0.128055 0.128055 0.128055 0.128055 0.128055 0.128055 0.128055 0.128055 0.128055 0.128055 0.128055 0.128055 0.128055 0.128055 
0.323558 0.323558 0.323558 0.323558 0.323558 0.323558 0.323558 0.323558 0.323558 0.323558 0.323558 0.323558 0.323558 0.323558 0.323558 0.323558 
0.378299 0.378299 0.378299 0.378299 0.378299 0.378299 0.378299 0.378299 0.378299 0.378299 0.378299 0.378299 0.378299 0.378299 0.378299 0.378299 
