0.00346422 0.199443 0.30178 0.206801 0.00804597 0.183538 0.334618 0.250868 0.0125858 0.285004 0.310703 0.179658 0.0578603 0.232206 0.318325 0.153091 
0.236721 0.00649351 0.133495 0.015625 0.231035 0.013245 0.174248 0.0703125 0.2254 0.112676 0.144569 0.0180608 0.169214 0.047153 0.154028 0.0510304 
0.349885 0.0844156 0.0542071 0.0744486 0.343678 0.10596 0.0986893 0.0147569 0.337529 0.031483 0.066294 0.111217 0.276201 0.0400356 0.0766193 0.147203 
0.108545 0.109462 0.223301 0.117647 0.103448 0.0917692 0.25983 0.166667 0.0983982 0.20464 0.233227 0.0874525 0.0480349 0.145907 0.241706 0.0578999 
0.0415704 0.230056 0.328479 0.237132 0.045977 0.214759 0.360062 0.279514 0.0503433 0.312345 0.337061 0.211027 0.0938864 0.261566 0.344392 0.185476 
0.399538 0.124304 0.0194175 0.113971 0.393103 0.146641 0.0655358 0.0520834 0.386728 0.00414252 0.0319489 0.152091 0.323144 0.0782918 0.042654 0.189401 
0.516166 0.217996 0.0622977 0.206801 0.509195 0.242195 0.0123361 0.139757 0.502288 0.087821 0.048722 0.248099 0.433406 0.168149 0.0371248 0.288518 
0.26097 0.012987 0.116505 0.00367641 0.255172 0.0331125 0.158057 0.0520833 0.249428 0.0952775 0.127796 0.0380228 0.19214 0.0284697 0.137441 0.0716388 
0.0369515 0.226345 0.325243 0.233456 0.0413793 0.210974 0.356978 0.276042 0.0457666 0.309031 0.333866 0.207224 0.0895197 0.258007 0.341232 0.181551 
0.294457 0.0398887 0.0930421 0.0303309 0.288506 0.0605488 0.135698 0.0269097 0.282609 0.071251 0.104633 0.0655893 0.223799 0.00266904 0.114534 0.100098 
0.366051 0.0974026 0.0428802 0.0873162 0.35977 0.119205 0.0878952 0.0269097 0.353547 0.019884 0.0551118 0.124525 0.291485 0.0524911 0.0655608 0.160942 
0.183603 0.0491651 0.170712 0.0579044 0.178161 0.0302744 0.209715 0.110243 0.172769 0.150787 0.18131 0.0256654 0.118996 0.0880783 0.190363 0.0058881 
0.00577366 0.192022 0.295307 0.199449 0.00114942 0.17597 0.32845 0.243924 0.00343251 0.278376 0.304313 0.172053 0.0491266 0.225089 0.312006 0.14524 
0.292148 0.0380334 0.0946602 0.0284927 0.286207 0.0586566 0.13724 0.0286458 0.28032 0.072908 0.10623 0.0636882 0.221616 0.00444841 0.116114 0.0981355 
0.437644 0.154917 0.00728154 0.144301 0.431034 0.177862 0.0400925 0.0807291 0.424485 0.0314831 0.00559103 0.18346 0.35917 0.107651 0.0165877 0.221786 
0.205543 0.0315399 0.15534 0.0404412 0.2 0.0122989 0.195066 0.09375 0.194508 0.135046 0.166134 0.00760454 0.139738 0.0711744 0.175355 0.0245339 
