0.0993072 0.276438 0.368932 0.283088 0.103448 0.262062 0.398612 0.322917 0.107552 0.35377 0.376997 0.258555 0.148472 0.30605 0.383886 0.234544 
0.136259 0.0871985 0.203883 0.0955882 0.131034 0.0690634 0.241326 0.145833 0.125858 0.184756 0.214058 0.0646388 0.0742358 0.124555 0.222749 0.0343474 
0.242494 0.00185531 0.12945 0.0110294 0.236782 0.0179754 0.170393 0.0659722 0.231121 0.108534 0.140575 0.0228137 0.174672 0.0427046 0.150079 0.0559372 
0.078522 0.133581 0.244337 0.141544 0.0735632 0.116367 0.279877 0.189236 0.0686499 0.226181 0.253994 0.112167 0.0196507 0.169039 0.262243 0.0834151 
0.0461894 0.233766 0.331715 0.240809 0.0505747 0.218543 0.363146 0.282986 0.0549199 0.315659 0.340256 0.214829 0.0982533 0.265125 0.347551 0.189401 
0.23903 0.0046382 0.131877 0.0137868 0.233333 0.0151372 0.172706 0.0685764 0.227689 0.111019 0.142971 0.019962 0.171397 0.0453737 0.152449 0.0529932 
0.3903 0.116883 0.02589 0.106618 0.383908 0.139073 0.0717039 0.0451388 0.377574 0.00248551 0.0383387 0.144487 0.31441 0.0711744 0.0489731 0.181551 
0.139723 0.0844156 0.201456 0.0928309 0.134483 0.0662252 0.239013 0.143229 0.129291 0.18227 0.211661 0.0617871 0.077511 0.121886 0.220379 0.0314034 
0.12933 0.300557 0.389968 0.306985 0.133333 0.28666 0.418658 0.345486 0.1373 0.375311 0.397764 0.28327 0.176856 0.329181 0.404423 0.260059 
0.15358 0.0732839 0.191748 0.0818015 0.148276 0.0548723 0.229761 0.132812 0.143021 0.172328 0.202077 0.0503802 0.0906113 0.11121 0.2109 0.0196271 
0.255196 0.00834882 0.12055 0.000919104 0.249425 0.0283822 0.161912 0.0564236 0.243707 0.0994201 0.131789 0.03327 0.186681 0.0329182 0.14139 0.066732 
0.157044 0.0705009 0.18932 0.0790441 0.151724 0.0520341 0.227448 0.130208 0.146453 0.169843 0.199681 0.0475285 0.0938865 0.108541 0.208531 0.016683 
0.0184758 0.181818 0.286408 0.189338 0.0137931 0.165563 0.319969 0.234375 0.00915337 0.269263 0.295527 0.161597 0.0371179 0.215302 0.303318 0.134446 
0.309469 0.0519481 0.0825243 0.0422794 0.303448 0.0728477 0.125675 0.015625 0.297483 0.0604805 0.0942492 0.0779468 0.237991 0.00889683 0.104265 0.112856 
0.347575 0.0825603 0.0558252 0.0726103 0.341379 0.104068 0.100231 0.0130209 0.33524 0.03314 0.0678914 0.109316 0.274017 0.0382562 0.078199 0.14524 
0.0473441 0.158627 0.266181 0.16636 0.0425287 0.141911 0.300694 0.212674 0.0377574 0.24855 0.275559 0.137833 0.00982535 0.193061 0.28357 0.109912 
