0.363088 0.031022 0.0198556 0.150713 0.410737 0.0536013 0.102462 0.118812 0.388206 0.150713 0.00713015 0.272523 0.407223 0.0761905 0.040747 0.12662 
0.475271 0.115876 0.103791 0.245417 0.526841 0.0242881 0.0285941 0.210891 0.502457 0.245417 0.0900178 0.377252 0.523039 0.164762 0.0382004 0.219342 
0.486128 0.124088 0.111913 0.254583 0.538077 0.0318258 0.0214456 0.219802 0.513514 0.254583 0.0980393 0.387387 0.534247 0.173333 0.0458404 0.228315 
0.328106 0.00456202 0.00631768 0.121181 0.374532 0.0778894 0.125496 0.090099 0.35258 0.121181 0.0187166 0.239865 0.371108 0.0485715 0.065365 0.0977069 
0.145959 0.133212 0.142599 0.0325866 0.186018 0.204355 0.245433 0.0594059 0.167076 0.0325866 0.153298 0.0698198 0.183064 0.0952381 0.193548 0.0528415 
0.598311 0.208942 0.195848 0.349287 0.654182 0.109715 0.0524225 0.311881 0.627764 0.349287 0.180927 0.492117 0.650062 0.261905 0.124788 0.321037 
0.662244 0.257299 0.243682 0.403259 0.72035 0.154104 0.0945195 0.364356 0.692875 0.403259 0.228164 0.551802 0.716065 0.312381 0.169779 0.373878 
0.475271 0.115876 0.103791 0.245417 0.526841 0.0242881 0.0285941 0.210891 0.502457 0.245417 0.0900178 0.377252 0.523039 0.164762 0.0382004 0.219342 
0.281062 0.0310219 0.0415162 0.0814664 0.325843 0.110553 0.156473 0.0514852 0.304668 0.0814664 0.0534759 0.195946 0.322541 0.0114286 0.098472 0.0588236 
0.476478 0.116788 0.104693 0.246436 0.52809 0.0251256 0.0277998 0.211881 0.503685 0.246436 0.0909091 0.378378 0.524284 0.165714 0.0390493 0.220339 
0.414958 0.0702555 0.0586642 0.194501 0.464419 0.017588 0.0683082 0.161386 0.441032 0.194501 0.0454545 0.320946 0.460772 0.117143 0.00424451 0.169492 
0.301568 0.015511 0.0261733 0.098778 0.347066 0.0963149 0.142971 0.0683168 0.325553 0.098778 0.0383244 0.21509 0.343711 0.027619 0.0840408 0.0757726 
0.0566949 0.20073 0.209386 0.107943 0.0936329 0.266332 0.30421 0.132673 0.0761671 0.107943 0.219251 0.0135135 0.0909091 0.165714 0.256367 0.12662 
0.334138 0.00912404 0.00180507 0.126273 0.380774 0.0737019 0.121525 0.0950495 0.358722 0.126273 0.0142602 0.245495 0.377335 0.0533333 0.0611206 0.102692 
0.659831 0.255474 0.241877 0.401222 0.717853 0.152429 0.0929309 0.362376 0.690418 0.401222 0.226381 0.54955 0.713574 0.310476 0.168082 0.371884 
0.566948 0.185219 0.172383 0.322811 0.621723 0.0879397 0.0317713 0.286139 0.595823 0.322811 0.157754 0.462838 0.617684 0.237143 0.102716 0.295115 
