0.580426 0.569154 0.588989 0.581643 0.588989 0.580223 0.585249 0.580019 
0.477713 0.463682 0.488372 0.479227 0.488372 0.47746 0.483716 0.477207 
0.401163 0.385075 0.413384 0.402899 0.413384 0.400873 0.408046 0.400582 
0.472868 0.458706 0.483626 0.474396 0.483626 0.472613 0.478927 0.472357 
0.578488 0.567164 0.587091 0.57971 0.587091 0.578284 0.583333 0.57808 
0.487888 0.474129 0.498339 0.489372 0.498339 0.487639 0.493774 0.487391 
0.371609 0.354726 0.384433 0.37343 0.384433 0.371304 0.378831 0.370999 
0.44186 0.426866 0.453251 0.443478 0.453251 0.44159 0.448276 0.441319 
0.57655 0.565174 0.585192 0.577778 0.585192 0.576345 0.581418 0.57614 
0.415213 0.399503 0.427148 0.416908 0.427148 0.41493 0.421935 0.414646 
0.393411 0.377114 0.40579 0.395169 0.40579 0.393117 0.400383 0.392823 
0.49031 0.476617 0.500712 0.491787 0.500712 0.490063 0.496169 0.489816 
0.556202 0.544279 0.565259 0.557488 0.565259 0.555986 0.561303 0.555771 
0.455426 0.440796 0.46654 0.457005 0.46654 0.455162 0.461686 0.454898 
0.386628 0.370149 0.399146 0.388406 0.399146 0.386331 0.393678 0.386033 
0.506298 0.493035 0.516374 0.507729 0.516374 0.506059 0.511973 0.50582 
