0.156403 0.156403 0.156403 0.156403 0.156403 0.156403 0.156403 0.156403 0.156403 0.156403 0.156403 0.156403 0.156403 0.156403 0.156403 0.156403 
0.0469208 0.0469208 0.0469208 0.0469208 0.0469208 0.0469208 0.0469208 0.0469208 0.0469208 0.0469208 0.0469208 0.0469208 0.0469208 0.0469208 0.0469208 0.0469208 
0.142717 0.142717 0.142717 0.142717 0.142717 0.142717 0.142717 0.142717 0.142717 0.142717 0.142717 0.142717 0.142717 0.142717 0.142717 0.142717 
0.0615836 0.0615836 0.0615836 0.0615836 0.0615836 0.0615836 0.0615836 0.0615836 0.0615836 0.0615836 0.0615836 0.0615836 0.0615836 0.0615836 0.0615836 0.0615836 
0.188661 0.188661 0.188661 0.188661 0.188661 0.188661 0.188661 0.188661 0.188661 0.188661 0.188661 0.188661 0.188661 0.188661 0.188661 0.188661 
0.184751 0.184751 0.184751 0.184751 0.184751 0.184751 0.184751 0.184751 0.184751 0.184751 0.184751 0.184751 0.184751 0.184751 0.184751 0.184751 
0.28348 0.28348 0.28348 0.28348 0.28348 0.28348 0.28348 0.28348 0.28348 0.28348 0.28348 0.28348 0.28348 0.28348 0.28348 0.28348 
0.0674487 0.0674487 0.0674487 0.0674487 0.0674487 0.0674487 0.0674487 0.0674487 0.0674487 0.0674487 0.0674487 0.0674487 0.0674487 0.0674487 0.0674487 0.0674487 
0.184751 0.184751 0.184751 0.184751 0.184751 0.184751 0.184751 0.184751 0.184751 0.184751 0.184751 0.184751 0.184751 0.184751 0.184751 0.184751 
0.0957967 0.0957967 0.0957967 0.0957967 0.0957967 0.0957967 0.0957967 0.0957967 0.0957967 0.0957967 0.0957967 0.0957967 0.0957967 0.0957967 0.0957967 0.0957967 
0.156403 0.156403 0.156403 0.156403 0.156403 0.156403 0.156403 0.156403 0.156403 0.156403 0.156403 0.156403 0.156403 0.156403 0.156403 0.156403 
0.00195503 0.00195503 0.00195503 0.00195503 0.00195503 0.00195503 0.00195503 0.00195503 0.00195503 0.00195503 0.00195503 0.00195503 0.00195503 0.00195503 0.00195503 0.00195503 
0.148583 0.148583 0.148583 0.148583 0.148583 0.148583 0.148583 0.148583 0.148583 0.148583 0.148583 0.148583 0.148583 0.148583 0.148583 0.148583 
0.0938417 0.0938417 0.0938417 0.0938417 0.0938417 0.0938417 0.0938417 0.0938417 0.0938417 0.0938417 0.0938417 0.0938417 0.0938417 0.0938417 0.0938417 0.0938417 
0.217009 0.217009 0.217009 0.217009 0.217009 0.217009 0.217009 0.217009 0.217009 0.217009 0.217009 0.217009 0.217009 0.217009 0.217009 0.217009 
0.0205278 0.0205278 0.0205278 0.0205278 0.0205278 0.0205278 0.0205278 0.0205278 0.0205278 0.0205278 0.0205278 0.0205278 0.0205278 0.0205278 0.0205278 0.0205278 
