0.0446321 0.209854 0.218412 0.118126 0.0811485 0.274707 0.312153 0.142574 0.0638821 0.118126 0.228164 0.0247748 0.0784558 0.175238 0.264856 0.13659 
0.300362 0.0164233 0.0270758 0.0977597 0.345818 0.0971524 0.143765 0.0673268 0.324324 0.0977597 0.0392157 0.213964 0.342466 0.0266666 0.0848897 0.0747757 
0.490953 0.127737 0.115523 0.258656 0.543071 0.0351759 0.0182685 0.223762 0.518427 0.258656 0.101604 0.391892 0.539228 0.177143 0.0492359 0.232303 
0.312425 0.00729924 0.0180506 0.107943 0.358302 0.0887772 0.135822 0.0772277 0.336609 0.107943 0.030303 0.225225 0.354919 0.0361905 0.0764007 0.0847458 
0.0494572 0.206204 0.214801 0.114053 0.0861423 0.271357 0.308975 0.138614 0.068796 0.114053 0.224599 0.0202703 0.0834371 0.171429 0.26146 0.132602 
0.27503 0.0355839 0.0460289 0.0763748 0.3196 0.11474 0.160445 0.0465347 0.298526 0.0763748 0.0579323 0.190315 0.316314 0.00666666 0.102716 0.0538385 
0.564536 0.183394 0.170578 0.320774 0.619226 0.0862646 0.0301827 0.284158 0.593366 0.320774 0.155972 0.460586 0.615193 0.235238 0.101019 0.293121 
0.389626 0.0510949 0.0397112 0.173116 0.438202 0.0351759 0.0849881 0.140594 0.415233 0.173116 0.0267379 0.297297 0.43462 0.0971428 0.0220713 0.148554 
0.0542823 0.202555 0.211191 0.10998 0.0911361 0.268007 0.305798 0.134653 0.0737101 0.10998 0.221034 0.0157658 0.0884185 0.167619 0.258065 0.128614 
0.455971 0.101277 0.0893502 0.229124 0.506866 0.0108877 0.0413026 0.19505 0.482801 0.229124 0.0757576 0.359234 0.503113 0.149524 0.024618 0.20339 
0.510253 0.142336 0.129964 0.274949 0.563046 0.0485762 0.00555998 0.239604 0.538084 0.274949 0.115865 0.40991 0.559153 0.192381 0.0628183 0.248255 
0.268999 0.040146 0.0505415 0.0712831 0.313358 0.118928 0.164416 0.0415841 0.292383 0.0712831 0.0623886 0.184685 0.310087 0.00190473 0.106961 0.0488534 
0.104946 0.164234 0.173285 0.0672098 0.143571 0.232831 0.272438 0.0930693 0.125307 0.0672098 0.183601 0.0315316 0.140722 0.127619 0.222411 0.0867398 
0.35585 0.0255475 0.0144404 0.144603 0.403246 0.0586265 0.107228 0.112871 0.380835 0.144603 0.00178254 0.265766 0.399751 0.0704762 0.0458404 0.120638 
0.527141 0.15511 0.142599 0.289206 0.580524 0.0603015 0.00555992 0.253465 0.555283 0.289206 0.128342 0.425676 0.576588 0.205714 0.0747029 0.262213 
0.229192 0.0702555 0.0803249 0.0376782 0.27216 0.146566 0.190627 0.00891089 0.251843 0.0376782 0.0918003 0.147523 0.268991 0.0295238 0.134975 0.0159521 
