0.58188 0.570647 0.590413 0.583092 0.590413 0.581677 0.586686 0.581474 
0.481105 0.467164 0.491694 0.482609 0.491694 0.480853 0.487069 0.480601 
0.433624 0.418408 0.445183 0.435266 0.445183 0.433349 0.440134 0.433075 
0.534884 0.522388 0.544376 0.536232 0.544376 0.534658 0.54023 0.534433 
0.597868 0.587065 0.606075 0.599034 0.606075 0.597673 0.60249 0.597478 
0.412791 0.397015 0.424775 0.414493 0.424775 0.412506 0.41954 0.412221 
0.363857 0.346766 0.376839 0.3657 0.376839 0.363548 0.371169 0.36324 
0.47093 0.456716 0.481728 0.472464 0.481728 0.470674 0.477012 0.470417 
0.59593 0.585075 0.604177 0.597101 0.604177 0.595734 0.600575 0.595538 
0.45688 0.442289 0.467964 0.458454 0.467964 0.456617 0.463123 0.456353 
0.426841 0.411443 0.438538 0.428502 0.438538 0.426563 0.433429 0.426285 
0.503392 0.49005 0.513526 0.504831 0.513526 0.503151 0.5091 0.50291 
0.578004 0.566667 0.586616 0.579227 0.586616 0.577799 0.582854 0.577595 
0.457849 0.443284 0.468913 0.45942 0.468913 0.457586 0.46408 0.457323 
0.396802 0.380597 0.409112 0.398551 0.409112 0.39651 0.403736 0.396217 
0.494186 0.480597 0.504509 0.495652 0.504509 0.493941 0.5 0.493695 
