0 0.243613 0.251805 0.155804 0.0349563 0.305695 0.341541 0.179208 0.0184275 0.155804 0.261141 0.0664414 0.0323786 0.210476 0.296265 0.17348 
0.322075 0 0.0108303 0.11609 0.36829 0.082077 0.129468 0.0851486 0.346437 0.11609 0.0231729 0.234234 0.364882 0.0438095 0.0696095 0.0927218 
0.33655 0.0109489 0 0.12831 0.383271 0.0720268 0.119936 0.0970297 0.361179 0.12831 0.0124777 0.247748 0.379826 0.0552381 0.0594227 0.104686 
0.18456 0.104015 0.113718 0 0.225968 0.177554 0.220016 0.0277228 0.206388 0 0.124777 0.105856 0.222914 0.0647619 0.166384 0.0209372 
0.0337756 0.269161 0.277076 0.184318 0 0.329146 0.363781 0.206931 0.0159705 0.184318 0.286096 0.097973 0.00249064 0.237143 0.320034 0.201396 
0.440289 0.089416 0.0776173 0.215886 0.490637 0 0.0516283 0.182178 0.46683 0.215886 0.0641711 0.344595 0.486924 0.137143 0.0135823 0.190429 
0.518697 0.148723 0.136282 0.282077 0.571785 0.0544388 0 0.246535 0.546683 0.282077 0.122103 0.417793 0.56787 0.199048 0.0687606 0.255234 
0.218335 0.0784671 0.0884476 0.0285132 0.260924 0.154104 0.197776 0 0.240786 0.0285132 0.0998217 0.137387 0.257783 0.0380952 0.142615 0.00697911 
0.0180941 0.257299 0.265343 0.171079 0.0162297 0.318258 0.353455 0.194059 0 0.171079 0.27451 0.0833333 0.0136986 0.224762 0.308998 0.188435 
0.18456 0.104015 0.113718 0 0.225968 0.177554 0.220016 0.0277228 0.206388 0 0.124777 0.105856 0.222914 0.0647619 0.166384 0.0209372 
0.353438 0.0237226 0.0126354 0.142566 0.400749 0.0603015 0.108817 0.110891 0.378378 0.142566 0 0.263514 0.39726 0.0685714 0.0475382 0.118644 
0.0711701 0.189781 0.198556 0.095723 0.108614 0.256281 0.294678 0.120792 0.0909091 0.095723 0.208556 0 0.105853 0.154286 0.24618 0.114656 
0.0313631 0.267336 0.275271 0.182281 0.00249684 0.327471 0.362192 0.204951 0.0135135 0.182281 0.284314 0.0957207 0 0.235238 0.318336 0.199402 
0.266586 0.0419708 0.0523466 0.0692464 0.310861 0.120603 0.166005 0.0396039 0.289926 0.0692464 0.0641711 0.182432 0.307597 0 0.108659 0.0468594 
0.420989 0.0748175 0.0631769 0.199593 0.470662 0.0134003 0.0643368 0.166337 0.447174 0.199593 0.0499109 0.326577 0.466999 0.121905 0 0.174477 
0.209891 0.084854 0.0947654 0.021385 0.252185 0.159967 0.203336 0.00693071 0.232187 0.021385 0.106061 0.129505 0.249066 0.0447619 0.148557 0 
