0.435464 0.0857664 0.0740073 0.211813 0.485643 0.00335008 0.0548054 0.178218 0.461916 0.211813 0.060606 0.34009 0.481943 0.133333 0.0101868 0.186441 
0.496984 0.132299 0.120036 0.263747 0.549313 0.0393635 0.0142971 0.228713 0.52457 0.263747 0.106061 0.397523 0.545455 0.181905 0.0534805 0.237288 
0.475271 0.115876 0.103791 0.245417 0.526841 0.0242881 0.0285941 0.210891 0.502457 0.245417 0.0900178 0.377252 0.523039 0.164762 0.0382004 0.219342 
0.3269 0.00364959 0.00722021 0.120163 0.373283 0.0787269 0.126291 0.0891089 0.351351 0.120163 0.0196078 0.238739 0.369863 0.0476191 0.0662139 0.0967098 
0.104946 0.164234 0.173285 0.0672098 0.143571 0.232831 0.272438 0.0930693 0.125307 0.0672098 0.183601 0.0315316 0.140722 0.127619 0.222411 0.0867398 
0.437877 0.0875913 0.0758122 0.213849 0.48814 0.00167507 0.0532168 0.180198 0.464373 0.213849 0.0623885 0.342342 0.484433 0.135238 0.0118846 0.188435 
0.595899 0.207117 0.194043 0.34725 0.651685 0.10804 0.0508339 0.309901 0.625307 0.34725 0.179144 0.489865 0.647572 0.26 0.12309 0.319043 
0.539204 0.164234 0.151625 0.299389 0.593009 0.0686767 0.0135028 0.263366 0.567568 0.299389 0.137255 0.436937 0.589041 0.215238 0.0831919 0.272183 
0.406514 0.0638686 0.0523466 0.187373 0.45568 0.0234506 0.0738682 0.154455 0.432432 0.187373 0.0392157 0.313063 0.452055 0.110476 0.0101867 0.162512 
0.626055 0.229927 0.216606 0.372709 0.682896 0.128978 0.070691 0.334653 0.65602 0.372709 0.201426 0.518018 0.678705 0.28381 0.144312 0.343968 
0.381182 0.044708 0.0333935 0.165988 0.429463 0.0410385 0.090548 0.133663 0.406634 0.165988 0.0204991 0.289414 0.425903 0.0904762 0.0280136 0.141575 
0.12304 0.150547 0.159747 0.0519348 0.162297 0.220268 0.260524 0.0782178 0.143735 0.0519348 0.170232 0.0484234 0.159402 0.113333 0.209677 0.0717847 
0.066345 0.193431 0.202166 0.0997964 0.103621 0.259632 0.297855 0.124752 0.0859951 0.0997964 0.212121 0.0045045 0.100872 0.158095 0.249576 0.118644 
0.392039 0.0529197 0.0415163 0.175153 0.440699 0.0335009 0.0833995 0.142574 0.41769 0.175153 0.0285205 0.29955 0.437111 0.0990477 0.0203735 0.150548 
0.633293 0.235402 0.222022 0.378819 0.690387 0.134003 0.0754567 0.340594 0.663391 0.378819 0.206774 0.524775 0.686177 0.289524 0.149406 0.34995 
0.700844 0.286496 0.272563 0.435845 0.7603 0.180905 0.119936 0.39604 0.732187 0.435845 0.256685 0.587838 0.755915 0.342857 0.196944 0.405783 
