0.388489 0.390056 0.38786 0.385013 0.415233 0.390056 0.408255 0.378265 
0.362282 0.363916 0.361625 0.358656 0.390172 0.363916 0.382894 0.35162 
0.371531 0.373142 0.370885 0.367959 0.399017 0.373142 0.391845 0.361024 
0.434738 0.436187 0.434156 0.431525 0.459459 0.436187 0.453008 0.425287 
0.529291 0.530497 0.528807 0.526615 0.549877 0.530497 0.544505 0.521421 
0.387461 0.389031 0.386831 0.383979 0.414251 0.389031 0.40726 0.37722 
0.320144 0.321886 0.319444 0.316279 0.349877 0.321886 0.342118 0.308777 
0.344296 0.345976 0.343621 0.340568 0.372973 0.345976 0.36549 0.333333 
0.400822 0.402358 0.400206 0.397416 0.427027 0.402358 0.420189 0.390805 
0.307297 0.309072 0.306584 0.303359 0.337592 0.309072 0.329687 0.295716 
0.411614 0.413121 0.411008 0.408269 0.437346 0.413121 0.430632 0.401776 
0.521583 0.522809 0.521091 0.518863 0.542506 0.522809 0.537046 0.513584 
0.545735 0.546899 0.545267 0.543152 0.565602 0.546899 0.560418 0.53814 
0.406989 0.408508 0.406379 0.403618 0.432924 0.408508 0.426156 0.397074 
0.304214 0.305997 0.303498 0.300258 0.334644 0.305997 0.326703 0.292581 
0.275437 0.277294 0.274691 0.271318 0.307125 0.277294 0.298856 0.263323 
