0 0.207317 0.275093 0.164882 0.0556901 0.273066 0.352159 0.209726 0.0344827 0.219219 0.282429 0.221557 0.115646 0.312169 0.33162 0.140022 
0.261539 0 0.0855018 0.0535332 0.191283 0.082945 0.182724 0.00303954 0.30504 0.015015 0.0947562 0.0179641 0.115646 0.132275 0.156812 0.0848953 
0.379487 0.093496 0 0.152034 0.302663 0.00279593 0.106312 0.0901723 0.427056 0.077077 0.0101196 0.0738523 0.219955 0.0511464 0.0779777 0.186329 
0.197436 0.050813 0.13197 0 0.130751 0.129543 0.224252 0.0536981 0.238727 0.0650651 0.140754 0.0678643 0.0589569 0.176367 0.199657 0.0297685 
0.0589744 0.160569 0.232342 0.115632 0 0.230196 0.313953 0.163121 0.0954907 0.173173 0.24011 0.175649 0.0634921 0.271605 0.292202 0.0893054 
0.375641 0.0904472 0.00278813 0.148822 0.299031 0 0.108804 0.0871327 0.423077 0.074074 0.0128795 0.0708582 0.216553 0.0537919 0.0805484 0.183021 
0.54359 0.223577 0.118959 0.289079 0.457627 0.122088 0 0.219858 0.596817 0.205205 0.107636 0.201597 0.365079 0.0617284 0.0317053 0.327453 
0.265385 0.00304878 0.0827138 0.0567452 0.194915 0.0801491 0.180233 0 0.309019 0.012012 0.0919963 0.0149701 0.119048 0.12963 0.154242 0.0882028 
0.0333334 0.23374 0.299257 0.192719 0.0871671 0.297297 0.373754 0.236069 0 0.245245 0.306348 0.247505 0.145125 0.335097 0.353899 0.168688 
0.280769 0.0152439 0.0715613 0.0695932 0.209443 0.0689655 0.170266 0.012158 0.324934 0 0.0809568 0.002994 0.132653 0.119048 0.143959 0.101433 
0.39359 0.104675 0.010223 0.163812 0.315981 0.0130476 0.0971761 0.101317 0.441645 0.088088 0 0.0848303 0.232426 0.0414462 0.0685518 0.198456 
0.284615 0.0182927 0.0687732 0.0728052 0.213075 0.0661696 0.167774 0.0151975 0.328912 0.003003 0.0781969 0 0.136054 0.116402 0.141388 0.104741 
0.130769 0.103659 0.180297 0.0556745 0.0677966 0.178006 0.267442 0.106383 0.169761 0.117117 0.188592 0.11976 0 0.222222 0.244216 0.0275634 
0.453846 0.152439 0.0539033 0.214133 0.372881 0.05685 0.0581396 0.148936 0.503979 0.135135 0.0432383 0.131737 0.285714 0 0.0282776 0.250276 
0.496154 0.185976 0.0845724 0.249465 0.412833 0.0876049 0.0307309 0.182371 0.547745 0.168168 0.0735971 0.164671 0.323129 0.0291005 0 0.286659 
0.16282 0.078252 0.157063 0.0289079 0.098063 0.154706 0.246678 0.0810537 0.202918 0.0920921 0.165593 0.0948104 0.0283446 0.200176 0.222793 0 
