0.30485 0.0482374 0.0857605 0.0386029 0.298851 0.0690634 0.128759 0.0190972 0.292906 0.0637946 0.0974441 0.0741445 0.233624 0.00533807 0.107425 0.10893 
0.41224 0.134508 0.0105178 0.124081 0.405747 0.157048 0.0570548 0.0616319 0.399313 0.013256 0.023163 0.162547 0.335153 0.0880783 0.0339652 0.200196 
0.422633 0.142857 0.00323623 0.132353 0.416092 0.165563 0.0501156 0.0694444 0.409611 0.0207125 0.0159745 0.171103 0.344978 0.0960854 0.0268562 0.209028 
0.271363 0.0213358 0.109223 0.0119486 0.265517 0.0416273 0.151118 0.0442708 0.259725 0.0878211 0.120607 0.0465779 0.201965 0.0204626 0.130332 0.080471 
0.0969977 0.118738 0.231392 0.126838 0.091954 0.10123 0.26754 0.175347 0.0869565 0.212925 0.241214 0.0969582 0.037118 0.154804 0.249605 0.0677134 
0.530023 0.229128 0.0720065 0.217831 0.522989 0.253548 0.0215883 0.150174 0.516018 0.0977631 0.0583067 0.259506 0.446507 0.178826 0.0466034 0.300294 
0.591224 0.278293 0.114887 0.266544 0.583908 0.30369 0.0624518 0.196181 0.576659 0.141674 0.100639 0.309886 0.504367 0.225979 0.0884676 0.352306 
0.41224 0.134508 0.0105178 0.124081 0.405747 0.157048 0.0570548 0.0616319 0.399313 0.013256 0.023163 0.162547 0.335153 0.0880783 0.0339652 0.200196 
0.226328 0.0148423 0.140777 0.0238971 0.22069 0.00473034 0.181187 0.078125 0.215103 0.120133 0.151757 0.00950575 0.159389 0.0551602 0.161137 0.0421982 
0.413395 0.135436 0.00970876 0.125 0.406897 0.157994 0.0562837 0.0625 0.400458 0.0140845 0.0223642 0.163498 0.336245 0.0889679 0.0331753 0.201178 
0.354504 0.0881262 0.0509709 0.078125 0.348276 0.109745 0.0956053 0.0182291 0.342105 0.028169 0.063099 0.115019 0.280568 0.0435944 0.0734597 0.151129 
0.245958 0.000927687 0.127023 0.00827205 0.24023 0.0208136 0.16808 0.0633681 0.234554 0.106048 0.138179 0.0256654 0.177948 0.0400356 0.147709 0.0588813 
0.0115473 0.187384 0.291262 0.194853 0.0068965 0.171239 0.324595 0.239583 0.00228834 0.274234 0.300319 0.1673 0.0436682 0.220641 0.308057 0.140334 
0.277136 0.025974 0.105178 0.0165441 0.271264 0.0463576 0.147263 0.0399306 0.265446 0.0836785 0.116613 0.0513308 0.207424 0.0160142 0.126382 0.0853778 
0.588915 0.276438 0.113269 0.264706 0.581609 0.301798 0.0609097 0.194444 0.574371 0.140017 0.0990416 0.307985 0.502183 0.224199 0.0868878 0.350343 
0.5 0.205009 0.0509709 0.193934 0.493104 0.22895 0.00154197 0.127604 0.48627 0.0762221 0.03754 0.234791 0.418122 0.155694 0.0260663 0.274779 
