0.452519 0.437811 0.463692 0.454106 0.463692 0.452254 0.458812 0.451988 
0.407461 0.391542 0.419554 0.409179 0.419554 0.407174 0.414272 0.406887 
0.403101 0.387065 0.415282 0.404831 0.415282 0.402811 0.409962 0.402522 
0.46657 0.452239 0.477456 0.468116 0.477456 0.466311 0.472701 0.466052 
0.539729 0.527363 0.549122 0.541063 0.549122 0.539506 0.545019 0.539282 
0.358043 0.340796 0.371144 0.359903 0.371144 0.357731 0.365421 0.35742 
0.332364 0.314428 0.34599 0.3343 0.34599 0.332041 0.340038 0.331717 
0.407461 0.391542 0.419554 0.409179 0.419554 0.407174 0.414272 0.406887 
0.485465 0.471642 0.495966 0.486957 0.495966 0.485216 0.491379 0.484966 
0.406977 0.391045 0.419079 0.408696 0.419079 0.406689 0.413793 0.406402 
0.431686 0.416418 0.443284 0.433333 0.443284 0.431411 0.438218 0.431135 
0.477229 0.463184 0.487897 0.478744 0.487897 0.476975 0.483238 0.476722 
0.575581 0.564179 0.584243 0.576812 0.584243 0.575376 0.58046 0.57517 
0.464147 0.449751 0.475083 0.465701 0.475083 0.463888 0.470307 0.463628 
0.333333 0.315423 0.346939 0.335266 0.346939 0.33301 0.340996 0.332687 
0.37064 0.353731 0.383484 0.372464 0.383484 0.370334 0.377874 0.370029 
