0 0.0410959 0.0269828 0.0818182 0.299127 0.00167787 0.100529 0.0673981 0.0205832 0.117211 0.0393013 0.278196 0.346154 0.0311959 0.121123 0.156028 
0.0428572 0 0.0147179 0.128182 0.354803 0.0411074 0.0619804 0.0274295 0.0643225 0.0793769 0.0838428 0.332975 0.403846 0.07539 0.0834564 0.119858 
0.0277311 0.0145044 0 0.111818 0.335153 0.0260067 0.0755858 0.041536 0.0488851 0.09273 0.0681223 0.313641 0.383484 0.059792 0.0967504 0.132624 
0.0756302 0.113618 0.100572 0 0.200873 0.0771812 0.168556 0.137931 0.0566038 0.183976 0.0393013 0.181525 0.244344 0.0467938 0.187592 0.219858 
0.230252 0.261886 0.251022 0.167273 0 0.231544 0.307634 0.282132 0.214408 0.320475 0.2 0.0161117 0.0361991 0.206239 0.323486 0.350355 
0.00168073 0.0394843 0.0253475 0.0836364 0.30131 0 0.0990174 0.0658307 0.0222985 0.115727 0.041048 0.280344 0.348416 0.0329289 0.119645 0.15461 
0.111765 0.0660758 0.0817661 0.202727 0.444323 0.109899 0 0.0368339 0.134648 0.018546 0.155459 0.421053 0.496606 0.146447 0.0228951 0.0617021 
0.072269 0.028203 0.043336 0.16 0.393013 0.0704699 0.0355253 0 0.0943396 0.0534124 0.114411 0.370569 0.443439 0.105719 0.0576071 0.0950354 
0.0201681 0.0604351 0.0466067 0.0599999 0.272926 0.0218121 0.11867 0.0862069 0 0.135015 0.0183406 0.252417 0.319005 0.0103986 0.138848 0.17305 
0.132773 0.0862207 0.102208 0.225455 0.471616 0.130872 0.0188965 0.0564263 0.156089 0 0.177293 0.447905 0.524887 0.168111 0.00443131 0.0439717 
0.0378152 0.077357 0.0637776 0.0409091 0.25 0.0394295 0.134543 0.102665 0.0180103 0.150593 0 0.22986 0.295249 0.00779897 0.154357 0.187943 
0.217647 0.249799 0.238757 0.153636 0.0163755 0.21896 0.296296 0.270376 0.201544 0.309347 0.1869 0 0.0531675 0.193241 0.312408 0.339716 
0.257143 0.287671 0.277187 0.196364 0.0349345 0.258389 0.331822 0.30721 0.241852 0.344214 0.227948 0.0504833 0 0.233969 0.34712 0.37305 
0.0302521 0.0701048 0.0564187 0.0490909 0.259825 0.0318792 0.12774 0.0956113 0.0102916 0.143917 0.0078603 0.239527 0.30543 0 0.147711 0.18156 
0.137815 0.0910556 0.107114 0.230909 0.478166 0.135906 0.0234315 0.0611285 0.161235 0.00445104 0.182533 0.45435 0.531674 0.17331 0 0.0397163 
0.184874 0.136181 0.152903 0.281818 0.539301 0.182886 0.0657597 0.105016 0.209262 0.045994 0.231441 0.5145 0.595023 0.221837 0.0413589 0 
