0.0591074 0.288321 0.296029 0.205703 0.0262172 0.346734 0.380461 0.227723 0.041769 0.205703 0.304813 0.121622 0.0286426 0.257143 0.337861 0.222333 
0.186972 0.10219 0.111913 0.00203669 0.228464 0.175879 0.218427 0.0257426 0.208845 0.00203669 0.122995 0.108108 0.225405 0.0628572 0.164686 0.0189432 
0.297949 0.0182482 0.0288809 0.095723 0.343321 0.0988275 0.145353 0.0653465 0.321867 0.095723 0.0409982 0.211712 0.339975 0.0247619 0.0865874 0.0727817 
0.126659 0.14781 0.15704 0.0488799 0.166042 0.217755 0.258141 0.0752475 0.14742 0.0488799 0.167558 0.0518018 0.163138 0.110476 0.207131 0.0687936 
0.00361884 0.24635 0.254513 0.158859 0.031211 0.308208 0.343924 0.182178 0.014742 0.158859 0.263815 0.0698198 0.0286425 0.213333 0.298812 0.176471 
0.29433 0.0209854 0.0315884 0.0926681 0.339576 0.10134 0.147736 0.0623763 0.318182 0.0926681 0.043672 0.208333 0.336239 0.0219047 0.0891341 0.0697906 
0.452352 0.0985402 0.0866426 0.226069 0.503121 0.00837517 0.0436854 0.192079 0.479115 0.226069 0.0730838 0.355856 0.499377 0.146667 0.0220714 0.200399 
0.190591 0.0994526 0.109206 0.00509167 0.23221 0.173367 0.216044 0.0227723 0.212531 0.00509167 0.120321 0.111486 0.229141 0.06 0.162139 0.0159522 
0.0904704 0.312044 0.319495 0.232179 0.0586767 0.368509 0.401112 0.253465 0.0737101 0.232179 0.327986 0.150901 0.0610211 0.281905 0.359932 0.248255 
0.205066 0.0885037 0.0983754 0.0173116 0.247191 0.163317 0.206513 0.0108911 0.227273 0.0173116 0.109626 0.125 0.244085 0.0485714 0.151952 0.00398803 
0.311218 0.00821167 0.0189531 0.106925 0.357054 0.0896147 0.136616 0.0762377 0.335381 0.106925 0.0311943 0.224099 0.353674 0.0352381 0.0772496 0.0837487 
0.208685 0.0857664 0.0956679 0.0203665 0.250936 0.160804 0.20413 0.0079208 0.230958 0.0203665 0.106952 0.128378 0.247821 0.0457143 0.149406 0.000997007 
0.0639324 0.195255 0.203971 0.101833 0.101124 0.261307 0.299444 0.126733 0.0835381 0.101833 0.213904 0.00675678 0.098381 0.16 0.251273 0.120638 
0.367913 0.0346715 0.0234658 0.154786 0.41573 0.0502512 0.0992851 0.122772 0.39312 0.154786 0.0106952 0.277027 0.412204 0.08 0.0373514 0.130608 
0.40772 0.0647811 0.0532491 0.188391 0.456929 0.022613 0.0730739 0.155446 0.433661 0.188391 0.0401069 0.314189 0.4533 0.111429 0.00933784 0.163509 
0.0940893 0.172445 0.181408 0.0763748 0.132335 0.240368 0.279587 0.10198 0.114251 0.0763748 0.191622 0.0213964 0.129514 0.13619 0.230051 0.0957128 
