0.181293 0.0510204 0.17233 0.0597426 0.175862 0.0321665 0.211257 0.111979 0.17048 0.152444 0.182907 0.0275666 0.116812 0.0898576 0.191943 0.00392544 
0.181293 0.0510204 0.17233 0.0597426 0.175862 0.0321665 0.211257 0.111979 0.17048 0.152444 0.182907 0.0275666 0.116812 0.0898576 0.191943 0.00392544 
0.181293 0.0510204 0.17233 0.0597426 0.175862 0.0321665 0.211257 0.111979 0.17048 0.152444 0.182907 0.0275666 0.116812 0.0898576 0.191943 0.00392544 
0.181293 0.0510204 0.17233 0.0597426 0.175862 0.0321665 0.211257 0.111979 0.17048 0.152444 0.182907 0.0275666 0.116812 0.0898576 0.191943 0.00392544 
0.181293 0.0510204 0.17233 0.0597426 0.175862 0.0321665 0.211257 0.111979 0.17048 0.152444 0.182907 0.0275666 0.116812 0.0898576 0.191943 0.00392544 
0.181293 0.0510204 0.17233 0.0597426 0.175862 0.0321665 0.211257 0.111979 0.17048 0.152444 0.182907 0.0275666 0.116812 0.0898576 0.191943 0.00392544 
0.181293 0.0510204 0.17233 0.0597426 0.175862 0.0321665 0.211257 0.111979 0.17048 0.152444 0.182907 0.0275666 0.116812 0.0898576 0.191943 0.00392544 
0.181293 0.0510204 0.17233 0.0597426 0.175862 0.0321665 0.211257 0.111979 0.17048 0.152444 0.182907 0.0275666 0.116812 0.0898576 0.191943 0.00392544 
0.181293 0.0510204 0.17233 0.0597426 0.175862 0.0321665 0.211257 0.111979 0.17048 0.152444 0.182907 0.0275666 0.116812 0.0898576 0.191943 0.00392544 
0.181293 0.0510204 0.17233 0.0597426 0.175862 0.0321665 0.211257 0.111979 0.17048 0.152444 0.182907 0.0275666 0.116812 0.0898576 0.191943 0.00392544 
0.181293 0.0510204 0.17233 0.0597426 0.175862 0.0321665 0.211257 0.111979 0.17048 0.152444 0.182907 0.0275666 0.116812 0.0898576 0.191943 0.00392544 
0.181293 0.0510204 0.17233 0.0597426 0.175862 0.0321665 0.211257 0.111979 0.17048 0.152444 0.182907 0.0275666 0.116812 0.0898576 0.191943 0.00392544 
0.181293 0.0510204 0.17233 0.0597426 0.175862 0.0321665 0.211257 0.111979 0.17048 0.152444 0.182907 0.0275666 0.116812 0.0898576 0.191943 0.00392544 
0.181293 0.0510204 0.17233 0.0597426 0.175862 0.0321665 0.211257 0.111979 0.17048 0.152444 0.182907 0.0275666 0.116812 0.0898576 0.191943 0.00392544 
0.181293 0.0510204 0.17233 0.0597426 0.175862 0.0321665 0.211257 0.111979 0.17048 0.152444 0.182907 0.0275666 0.116812 0.0898576 0.191943 0.00392544 
0.181293 0.0510204 0.17233 0.0597426 0.175862 0.0321665 0.211257 0.111979 0.17048 0.152444 0.182907 0.0275666 0.116812 0.0898576 0.191943 0.00392544 
