0.556526 0.557663 0.55607 0.554005 0.575921 0.557663 0.57086 0.549112 
0.44964 0.451051 0.449074 0.446512 0.47371 0.451051 0.467429 0.440439 
0.399281 0.40082 0.398663 0.395866 0.425553 0.40082 0.418697 0.389237 
0.50668 0.507945 0.506173 0.503876 0.528256 0.507945 0.522626 0.498433 
0.573484 0.574577 0.573045 0.571059 0.592138 0.574577 0.58727 0.566353 
0.377184 0.37878 0.376543 0.373643 0.404423 0.37878 0.397315 0.366771 
0.325283 0.327012 0.324588 0.321447 0.354791 0.327012 0.347091 0.314002 
0.438849 0.440287 0.438272 0.435659 0.463391 0.440287 0.456987 0.429467 
0.571429 0.572527 0.570988 0.568992 0.590172 0.572527 0.585281 0.564263 
0.423947 0.425423 0.423354 0.420672 0.44914 0.425423 0.442566 0.414316 
0.392086 0.393644 0.391461 0.388631 0.418673 0.393644 0.411735 0.381923 
0.473279 0.474628 0.472737 0.470284 0.496315 0.474628 0.490303 0.464472 
0.552415 0.553562 0.551955 0.549871 0.57199 0.553562 0.566882 0.544932 
0.424974 0.426448 0.424383 0.421705 0.450123 0.426448 0.44356 0.415361 
0.360226 0.361866 0.359568 0.356589 0.388206 0.361866 0.380905 0.34953 
0.463515 0.46489 0.462963 0.460465 0.486978 0.46489 0.480855 0.454545 
