0.236283 0.294358 0.299513 0.216167 0.091579 0.348679 0.37373 0.294358 0.187382 0.294935 0.26428 0.200185 0.0148402 0.219711 0.37282 0.335643 
0.0522124 0.124285 0.130682 0.027248 0.127368 0.191698 0.222787 0.124285 0.00847459 0.125 0.0869565 0.00741428 0.222603 0.0316456 0.221657 0.17552 
0.0345132 0.0441537 0.0511364 0.061762 0.230526 0.117736 0.151669 0.0441537 0.100753 0.0449346 0.00341004 0.0834106 0.334475 0.056962 0.150436 0.100077 
0.150442 0.215045 0.220779 0.128065 0.0105263 0.275472 0.303338 0.215045 0.0960452 0.215686 0.181586 0.110287 0.0958904 0.132007 0.302326 0.26097 
0.265487 0.321341 0.326299 0.24614 0.126316 0.373585 0.397678 0.321341 0.218456 0.321895 0.292413 0.230769 0.0525114 0.249548 0.396802 0.361047 
0.0725664 0.00899428 0.0162337 0.100817 0.275789 0.085283 0.120464 0.00899428 0.141243 0.00980395 0.0332481 0.123262 0.383562 0.0958408 0.119186 0.0669746 
0.161947 0.0735896 0.0657468 0.192552 0.382105 0.00905663 0.0471698 0.0735896 0.236346 0.0727124 0.119352 0.216867 0.498858 0.187161 0.0457849 0.0107775 
0.0336283 0.107114 0.113636 0.00817436 0.149474 0.175849 0.207547 0.107114 0.0282485 0.107843 0.0690537 0.0120482 0.246575 0.0126582 0.206395 0.159353 
0.261947 0.31807 0.323052 0.242507 0.122105 0.370566 0.394775 0.31807 0.214689 0.318627 0.289003 0.227062 0.0479452 0.245931 0.393895 0.357968 
0.00796461 0.0834015 0.0900974 0.0181653 0.18 0.153962 0.186502 0.0834015 0.0555556 0.0841503 0.0443308 0.0389249 0.27968 0.0135624 0.18532 0.137028 
0.0469027 0.0327064 0.0397727 0.0744778 0.245263 0.10717 0.141509 0.0327064 0.113936 0.0334967 0.00852513 0.0963856 0.350457 0.0696203 0.140262 0.0892994 
0.0929204 0.161897 0.168019 0.0690281 0.0789474 0.226415 0.256168 0.161897 0.0348399 0.162582 0.126172 0.0500463 0.170091 0.0732369 0.255087 0.210931 
0.229204 0.287817 0.293019 0.208901 0.0831579 0.342642 0.367925 0.287817 0.179849 0.288399 0.25746 0.192771 0.00570774 0.212477 0.367006 0.329484 
0.00973451 0.0850368 0.0917208 0.0163487 0.177895 0.155472 0.187954 0.0850368 0.0536723 0.0857843 0.0460358 0.0370713 0.277397 0.011754 0.186773 0.138568 
0.10177 0.0179886 0.0105519 0.13079 0.310526 0.0603774 0.0965167 0.0179886 0.172316 0.0171568 0.0613811 0.153846 0.421233 0.125678 0.0952035 0.0415704 
0.0761062 0.146361 0.152597 0.0517711 0.0989474 0.212075 0.24238 0.146361 0.0169492 0.147059 0.109974 0.0324374 0.191781 0.0560579 0.241279 0.196305 
