0.50436 0.491045 0.514476 0.505797 0.514476 0.50412 0.510057 0.50388 
0.50436 0.491045 0.514476 0.505797 0.514476 0.50412 0.510057 0.50388 
0.50436 0.491045 0.514476 0.505797 0.514476 0.50412 0.510057 0.50388 
0.50436 0.491045 0.514476 0.505797 0.514476 0.50412 0.510057 0.50388 
0.50436 0.491045 0.514476 0.505797 0.514476 0.50412 0.510057 0.50388 
0.50436 0.491045 0.514476 0.505797 0.514476 0.50412 0.510057 0.50388 
0.50436 0.491045 0.514476 0.505797 0.514476 0.50412 0.510057 0.50388 
0.50436 0.491045 0.514476 0.505797 0.514476 0.50412 0.510057 0.50388 
0.50436 0.491045 0.514476 0.505797 0.514476 0.50412 0.510057 0.50388 
0.50436 0.491045 0.514476 0.505797 0.514476 0.50412 0.510057 0.50388 
0.50436 0.491045 0.514476 0.505797 0.514476 0.50412 0.510057 0.50388 
0.50436 0.491045 0.514476 0.505797 0.514476 0.50412 0.510057 0.50388 
0.50436 0.491045 0.514476 0.505797 0.514476 0.50412 0.510057 0.50388 
0.50436 0.491045 0.514476 0.505797 0.514476 0.50412 0.510057 0.50388 
0.50436 0.491045 0.514476 0.505797 0.514476 0.50412 0.510057 0.50388 
0.50436 0.491045 0.514476 0.505797 0.514476 0.50412 0.510057 0.50388 
