0
1.40543e-06
1.78126e-06
-1.0834e-06
-1.06987e-06
-2.58882e-07
-4.87125e-07
6.31454e-08
-4.83051e-08
-5.56131e-08
-8.75161e-08
1.393e-07
6.26345e-08
-5.99359e-08
-1.72788e-07
1.15536e-07
3.11204e-08
-1.04084e-07
3.40146e-08
-4.57324e-09
-2.70156e-08
-1.17433e-07
4.54503e-08
5.035e-09
-4.82819e-08
2.8722e-08
-2.39523e-08
2.4397e-08
-3.31078e-08
1.92607e-08
-2.10182e-08
2.08392e-09
-2.40537e-08
1.23548e-08
3.63297e-08
-2.91565e-08
9.69591e-08
1.08488e-07
5.65553e-07
-6.42241e-07
4.85333e-07
-2.37457e-07
-1.42332e-07
1.63427e-07
-1.18941e-07
1.54754e-07
-2.76549e-07
1.74466e-07
-7.82254e-08
-3.49863e-08
-1.5063e-07
1.55103e-08
4.94429e-08
-5.9407e-08
-2.22242e-08
-4.76267e-08
-7.56672e-09
-2.99778e-11
2.49249e-07
4.17955e-07
1.12314e-07
-8.25198e-07
