0.00593512
-0.0331275
-0.0323986
-0.0329074
-0.0321522
0.00224952
-0.0306561
-0.0258588
0.0285868
0.00592118
-0.0303758
0.00419268
0.00245024
0.0251019
-0.0346638
0.0233595
0.0233595
0.00419267
0.0293943
0.0286424
0.023841
0.025102
0.0285868
0.0268444
0.0277478
-0.0346644
0.0216171
0.00312381
-0.0342757
-0.034141
-0.0338759
0.00245023
-0.0336789
-0.0332908
0.000707784
-0.000136076
-0.0332415
-0.0337609
0.00795208
-0.0330822
0.0267313
0.0268444
-0.00277708
-0.0335073
-0.024167
-0.0236864
-0.0301421
-0.0269612
-0.0286107
-0.0271713
-0.0254288
-0.0305709
0.0237608
0.000707796
0.00593512
0.00767756
0.0216171
0.0146473
0.0163898
0.0181322
0.0198746
0.00593511
-0.0149742
0.0322294
0.0322279
0.0111624
0.0102912
0.00942
-0.0225778
-0.0219439
-0.0322906
-0.0318343
-0.0306561
-0.030942
-0.0289137
-0.0301555
-0.0154929
0.0322898
-0.020127
-0.018459
-0.0202015
-0.0167166
0.0322215
0.0323431
0.0325259
0.0322618
0.0317174
0.0320717
-0.0332021
-0.0323986
-0.0335871
0.0306033
0.0198746
0.0129049
0.0126295
0.0120337
0.0116486
-0.00103465
-0.00277709
-0.00451954
-0.00626197
-0.00800442
-0.00974686
-0.0114893
-0.0132317
0.0306413
0.0181322
0.0309336
0.0314581
-0.0149742
-0.0167166
-0.0184591
-0.0202015
-0.0219439
-0.0228645
-0.0236864
-0.0254288
-0.0271713
0.0320717
0.0320892
-0.00800441
0.0320717
0.0322164
-0.0305358
-0.0289137
0.031817
0.0320717
0.0307462
0.0299797
0.0303293
-0.0344187
-0.0345168
-0.0132317
-0.0114893
-0.0110026
-0.00974684
-0.0291221
-0.00626196
-0.00451952
-0.00103464
0.030497
0.0129049
0.0305748
0.0111624
0.0304646
0.00767755
0.00941999
0.0305508
0.0301089
0.0303293
0.00816634
0.0146473
-0.0341519
-0.034141
-0.0341734
-0.034318
0.0163897
0.031224
0.0293343
0.0303293
0.0304581
0.0313564
0.0297487
0.0303293
0.0303293
0.0303293
0.0292525
0.0287411
0.0310852
0.0296778
0.0309252
-0.0337235
0.0320717
-0.034141
-0.0289137
-0.0149742
0.0285868
0.00245024
0.0320717
0.0320717
0.0303293
-0.034141
0.0111624
0.0233595
-0.034141
0.0320717
0.0320717
0.0320717
0.0303293
0.0233595
0.00245023
-0.0219439
0.0320717
-0.034141
0.0303293
0.0120337
-0.00451952
-0.00974686
-0.0202015
0.00767755
0.0303293
-0.034141
0.0102912
-0.00974684
-0.00451954
0.0303293
-0.034141
0.0285868
0.000707785
-0.0184591
0.0303293
-0.00626196
-0.00103465
-0.0271713
-0.0254288
-0.034141
-0.0323986
-0.0323986
0.0303293
0.0320717
0.0120337
0.0102912
0.0111624
0.0117919
0.0129049
0.00942
0.00948821
0.00942
-0.0323986
-0.034141
0.0303293
0.0303293
0.0268444
-0.0236864
-0.00800441
0.0216171
0.00419268
0.0320717
0.0303293
-0.0167166
-0.00800442
-0.0132317
-0.0323986
-0.00626197
-0.0114893
-0.00277709
-0.0289137
0.0285868
0.0198746
0.0181322
-0.018459
-0.0323986
0.0303293
-0.0132317
-0.0306561
-0.0323986
-0.0323986
0.0163897
0.0303293
-0.0254288
-0.0149742
0.00941999
-0.0323986
-0.0306561
0.0303293
0.0303293
0.0251019
0.0111624
0.00419267
0.00359105
-0.00974686
-0.0333737
-0.0335867
-0.0335777
-0.0114893
0.015278
0.0295284
0.00419267
0.00421678
0.00593511
0.0088604
0.00941999
0.0116786
0.029965
0.0120337
-0.000130838
0.0129049
0.000707785
0.0285868
0.0275734
0.00245023
0.0293918
-0.0232785
-0.00800442
-0.0248394
-0.00103465
-0.00277709
-0.0167166
-0.0335241
-0.00451954
-0.0334021
-0.00626197
-0.018459
0.0233595
0.0249967
0.0251019
0.0268444
-0.0132317
-0.00800441
-0.00974684
-0.0114893
-0.0126721
0.0303293
0.0302115
-0.0149742
-0.0167166
-0.0179768
0.0301059
-0.0202015
0.0305257
0.0303293
0.0302513
0.0292214
0.0291781
0.0292258
0.0295969
0.0295584
0.0286256
0.0285868
0.0294855
-0.0219586
-0.0219439
0.0129049
-0.0329853
-0.0322337
-0.0323986
-0.0327932
0.0111624
0.0112406
-0.0317268
-0.0306561
-0.0314206
-0.0304371
-0.0289137
-0.0293845
0.00641279
0.00767755
0.029254
0.0163897
0.0181322
0.0198746
0.0146473
0.0216171
-0.00103464
-0.00277708
-0.00279115
-0.00451952
-0.00626196
0.0299472
0.0111624
0.0102912
0.00942
0.0303293
-0.0295247
-0.0295671
-0.0263883
0.0303293
-0.0254288
0.030037
-0.0274497
0.029921
-0.0271713
0.0300449
0.0281901
-0.0289137
0.0306468
0.0302746
0.0233595
-0.0277292
-0.0271713
-0.0254288
0.0221055
0.0216171
-0.024871
0.0311545
0.0317066
0.0198746
0.0310712
0.0268444
-0.0321962
0.0254708
0.025102
-0.0316324
-0.03178
0.0313996
0.0309456
-0.0321764
-0.0314686
-0.0323986
-0.0132317
-0.0317704
-0.031512
0.031278
0.030787
-0.0328112
0.0276833
-0.0306561
-0.0305629
-0.0295316
-0.0236864
0.0293284
-0.033672
0.0316332
0.0163898
0.00593512
0.0146473
-0.0325731
-0.0149742
0.00419268
0.00767756
0.0181322
-0.0327067
-0.0332828
-0.0184591
-0.0202015
0.00245024
0.000707796
0.0315252
-0.0219439
-0.0236864
