0.76048
0.742453
0.725338
0.704041
0.693243
0.677941
0.668072
0.651224
0.636274
0.608701
0.598923
0.545816
0.54008
0.511546
0.500535
0.492682
0.32913
0.320651
0.312686
0.2981
0.2914
0.202479
0.200951
0.192578
0.189972
0.186437
0.169813
0.168006
0.164836
0.157977
0.15302
0.149824
0.147154
0.14494
0.141262
0.138497
0.136453
0.133636
0.128241
0.124722
0.122173
0.11974
0.114576
0.112266
0.108442
0.100631
0.098877
0.0939815
0.0907816
0.0794317
0.0769657
0.0767448
0.0741311
0.0721734
0.0707565
0.0476147
0.0446105
0.0420946
0.0414439
0.0398792
0.0352322
0.033077
0.0320479
0.0308709
0.0303053
0.0296086
0.0287281
0.0284372
0.0279329
0.0271063
