0.064141
0.0603509
0.0568635
0.0546781
0.0514759
0.0485365
0.0458438
0.0432985
0.0408384
0.0407436
0.03867
0.0376414
0.0358593
0.0354932
0.0340216
0.0327019
0.0323021
0.0314051
0.0310928
0.029882
0.0298671
0.0297301
0.0287601
0.0282142
0.0264077
0.0263377
0.0256847
0.0240616
0.023395
0.0232009
0.0224169
0.0217205
0.0211084
0.0205774
0.0201245
0.0197469
0.0194419
0.019289
0.0178252
0.0175612
0.0170249
0.016729
0.0156468
0.0149564
0.0137798
0.0127722
0.0118874
0.01174
0.0116382
0.0112758
0.0103417
0.00990136
0.00957329
0.00935229
0.00876284
0.00852142
0.00843163
0.00816007
0.0078246
0.00768093
0.00752551
0.00724215
0.00688446
0.00659163
0.00634769
0.00615164
0.00600178
0.00589687
0.00583532
0.00581676
