1.40543e-06
3.18669e-06
2.10329e-06
1.03342e-06
7.74537e-07
2.31565e-07
3.50557e-07
2.09174e-07
2.16247e-07
1.59123e-07
2.66606e-07
3.01536e-07
3.01122e-07
1.04866e-07
2.43869e-07
2.55122e-07
1.70906e-07
1.79796e-07
1.90871e-07
1.73331e-07
5.58981e-08
1.01348e-07
1.06383e-07
5.33323e-08
8.68236e-08
5.328e-08
8.61417e-08
3.71465e-08
7.34212e-08
4.1959e-08
5.44869e-08
3.04332e-08
4.2788e-08
4.69638e-08
4.51514e-08
1.15961e-07
1.43005e-07
2.26479e-07
1.43427e-07
6.64053e-07
3.17801e-07
2.44605e-07
3.49773e-07
3.28751e-07
4.13911e-07
2.06956e-07
3.81422e-07
3.03196e-07
2.6821e-07
8.28717e-08
1.3309e-07
1.69434e-07
1.23126e-07
1.00902e-07
5.32754e-08
3.94828e-08
2.5867e-08
1.31056e-07
4.59614e-07
6.33626e-07
