0.0205358
0.0235411
0.0222783
0.0240207
0.0254858
-0.0230252
0.0257632
0.00485388
0.00311143
0.00659631
0.00704806
0.00833876
0.0100812
0.0118236
0.0344754
0.0135661
0.0153085
0.0187934
-0.0325324
0.017051
-0.0247676
-0.0253083
0.0275056
-0.0212827
-0.0195403
-0.0209795
-0.0235554
0.029248
-0.0300475
-0.02651
-0.0269811
-0.0125705
-0.014313
-0.0165285
-0.0160554
-0.0193255
-0.0177978
-0.0299949
-0.0282525
-0.0291406
-0.0282009
-0.0297154
-0.0108281
-0.0123296
-0.00908565
0.0351079
0.0352342
0.0348026
0.0350888
0.0350498
0.0347984
0.0353653
0.0356774
0.0356559
0.0354423
0.0351191
0.0348423
0.0346667
0.0344754
0.0342121
0.0338831
0.0335154
-0.0322272
0.0309905
0.0328923
-0.000373444
0.00136899
-0.0306384
-0.0315433
-0.0317374
-0.0320298
0.0327329
-0.0323758
-0.0321713
-0.032685
-0.00560077
-0.00595404
-0.00385833
-0.00211589
-0.00734321
-0.00560077
0.0327329
-0.0299949
0.00659631
-0.00385833
0.0344754
-0.00211589
-0.0317374
0.0344754
0.0344754
-0.000373444
-0.0317374
0.0344754
0.00136899
0.0344754
-0.0317374
0.0344754
0.0327329
-0.0230252
0.00485388
0.0187934
0.0222783
0.0135661
0.00311143
-0.0247676
-0.0317374
0.0344754
0.0344754
-0.0299949
0.0205358
0.0344754
0.0344754
0.0344754
0.0309905
-0.0282525
0.0153085
0.0344754
-0.0160554
0.0118236
-0.0108281
0.0327329
0.0344754
0.017051
0.0240207
0.0337451
-0.00211589
-0.00385833
-0.00560077
0.0340856
0.0327329
-0.0247676
0.0340403
-0.0230252
0.0331206
0.0337963
0.0338008
0.00136899
0.0338215
-0.000373444
0.0340842
-0.027936
-0.0295692
-0.031297
-0.0314082
-0.0308186
-0.0299949
-0.0291432
-0.0290142
-0.0282525
-0.0273286
-0.02651
-0.0265225
-0.00734321
-0.0108281
-0.0105141
-0.00908565
-0.0125705
-0.0157156
-0.014313
-0.0160554
-0.0182413
-0.0177978
-0.0319813
-0.0317458
-0.0317374
-0.030913
-0.0306779
0.0275056
0.029248
-0.0212827
-0.022437
-0.0195403
-0.019942
0.0303326
0.0309905
0.0313186
0.0325203
0.0327329
0.0118236
0.0135661
0.0153085
0.017051
0.0187934
0.0113157
0.0341297
0.0205358
0.0222783
0.0100812
0.0238646
0.0240207
0.0257632
-0.0242306
0.00311143
0.00659631
0.0342511
0.00833876
0.00485388
0.0331658
0.0337096
0.0337425
0.0331272
-0.0334798
-0.0334798
0.0298819
-0.0334798
-0.034158
-0.0336398
0.0320015
-0.0319969
-0.0317374
-0.0315294
-0.0334738
-0.033404
-0.0334385
-0.0333356
-0.0330109
-0.0125705
-0.0108281
-0.0111775
-0.0065261
-0.0073432
-0.0334798
-0.0317374
0.0327329
0.0327329
0.017051
0.0292481
0.0327329
0.00485389
-0.0324177
-0.0333632
-0.0330676
-0.0326086
-0.0320212
-0.0334859
-0.0334798
-0.0334798
-0.0212827
0.0327329
-0.0334798
0.0205359
0.00311144
0.0327329
0.00659632
0.0327329
0.0309905
0.0327329
0.0327329
-0.00385832
0.0314918
-0.000373433
0.0318477
0.0309905
0.0309229
0.0298532
0.00726561
0.00311144
-0.0317374
-0.0321049
-0.0325417
0.0100812
0.0275056
0.0187934
-0.0329986
-0.0330746
-0.0323315
-0.0327069
-0.0330095
-0.0328305
-0.0320478
