-0.044621
-0.0414443
-0.042045
-0.045313
-0.0391161
-0.0436741
-0.041298
-0.0406234
-0.0429217
-0.0410717
-0.0407811
-0.0282248
-0.0425842
-0.0282133
-0.0412745
-0.0453004
-0.0416352
-0.0430975
-0.0374936
-0.0281811
-0.0414917
-0.0448278
-0.0429873
-0.0434721
-0.0421878
-0.0351427
-0.0267289
-0.0423571
-0.0316683
-0.0268831
-0.0411551
-0.0408091
-0.0423301
-0.0417155
-0.030648
-0.0420573
-0.0437502
-0.0418237
-0.0435836
-0.0302228
-0.0441925
-0.0430738
-0.0431085
-0.0426988
-0.0453291
-0.0407563
-0.0415961
-0.0173389
-0.0427041
-0.042258
-0.0410664
-0.0265287
-0.0381006
-0.0416835
-0.0440289
-0.0424285
-0.0410269
-0.043012
-0.04468
-0.0402789
-0.0451547
-0.041133
-0.0420933
-0.0448291
-0.0425249
-0.0433192
-0.0306224
-0.0415198
-0.0424707
-0.04352
-0.0436843
-0.0435778
-0.0430998
-0.0409904
-0.042886
-0.0426899
-0.0300984
-0.0424114
-0.0434799
-0.0435238
-0.0285487
-0.0457628
-0.0441324
-0.0389508
-0.0434314
-0.044702
-0.0422858
-0.0419908
-0.0279823
-0.0294264
-0.0421821
-0.0438389
-0.0423262
-0.0406077
-0.042896
-0.0435273
-0.0256549
-0.0412891
-0.0421674
-0.0439819
-0.0429912
-0.0402452
-0.0431394
-0.0423168
-0.0192922
-0.0282862
-0.0453719
-0.0266869
-0.0410253
-0.0423141
-0.0401508
-0.0431099
-0.0446914
-0.0421562
-0.0433586
-0.0270671
-0.0414474
-0.042781
-0.045431
-0.0448972
-0.0442932
-0.0452802
-0.0455022
-0.0445688
-0.0420879
-0.042171
-0.04085
-0.0434806
-0.0423987
-0.0266868
-0.0449741
-0.04255
-0.0447906
-0.0307884
-0.0407758
-0.0426221
-0.0434286
-0.0291754
-0.0363236
-0.0446606
-0.0404513
-0.0306271
-0.0428491
-0.0455917
-0.0441501
-0.0451217
-0.0442097
-0.0292603
-0.0442844
-0.0456177
-0.0425237
-0.028819
-0.0387045
-0.0250884
-0.0417775
-0.0414134
-0.0426804
-0.0391056
-0.0411491
-0.0429432
-0.0432517
-0.04384
-0.0455186
-0.0421041
-0.0434154
-0.0425396
-0.0433609
-0.0430028
-0.0444041
-0.0426337
-0.0438972
-0.0406301
-0.043199
-0.0439442
-0.0280571
-0.0438783
-0.0435681
-0.0425946
-0.0408609
-0.0303153
-0.0269231
-0.0422359
-0.0437426
-0.0426541
-0.0404836
-0.0412318
-0.0289155
-0.044502
-0.0439574
-0.0285983
-0.0424895
-0.0441368
-0.0410534
-0.0406766
-0.0407817
-0.0423044
-0.0270338
-0.044218
-0.0424347
-0.0429398
-0.041115
-0.0450092
-0.0413808
-0.041574
-0.0446037
-0.0435057
-0.0427358
-0.0304668
-0.0436414
-0.0291382
-0.0425081
-0.0439712
-0.0283158
-0.0418345
-0.0457259
-0.0271752
-0.0426222
-0.0431509
-0.0452292
-0.0438965
-0.0340766
-0.0285262
-0.0285073
-0.0339371
-0.0267927
-0.0368322
-0.0441356
-0.0441124
-0.032505
-0.0455301
-0.0425887
-0.0298356
-0.0419816
-0.0418986
-0.0414098
-0.0434247
-0.0429451
-0.0420886
-0.0429514
-0.0420665
-0.040341
-0.039872
-0.0448476
-0.0272121
-0.0414651
-0.0407779
-0.0268616
-0.0325569
-0.0281419
-0.0409282
-0.0282168
-0.0449284
-0.0285103
-0.0440806
-0.0244968
-0.0412732
-0.0426536
-0.0435591
-0.0419278
-0.043305
-0.0412849
-0.0275447
-0.041939
-0.0428633
-0.0448556
-0.0416789
-0.0439535
-0.0417148
-0.0325454
-0.0432214
-0.031276
-0.0433802
-0.0352542
-0.0419983
-0.0420707
-0.041277
-0.0415336
-0.0198753
-0.0351674
-0.0460602
-0.0444711
-0.0348814
-0.0199212
-0.0335526
-0.031433
-0.0415173
-0.045428
-0.0195425
-0.0324724
-0.0308526
-0.0322111
-0.0323461
-0.0331815
-0.034738
-0.0330826
-0.0310885
-0.0209031
-0.0317339
-0.0362647
-0.0335751
-0.0345411
-0.0324551
-0.0328247
-0.0308673
-0.0302306
-0.0390004
-0.0314821
-0.035697
-0.0346344
-0.032634
-0.0410213
-0.0361007
-0.0432902
-0.0338859
-0.0432234
-0.0357868
-0.033327
-0.0445487
-0.0334776
-0.0354324
-0.0332293
-0.0337167
-0.0322274
-0.0344247
-0.0438784
-0.0417755
-0.044456
-0.0335389
-0.0359916
-0.0466521
-0.0442936
-0.0329096
-0.0437522
-0.0423025
-0.0343944
-0.0450654
-0.0456123
-0.0457853
-0.0357738
-0.046002
-0.0315986
-0.0191323
-0.0341628
-0.0349135
-0.0322463
-0.0330208
-0.0334411
-0.0336323
-0.0346652
-0.0441609
-0.0452077
-0.031627
-0.035075
-0.033373
-0.0325224
-0.0429333
-0.0314018
-0.0450525
-0.0269449
-0.033524
-0.0346154
-0.0429473
-0.0338907
-0.0434818
-0.0413298
-0.0335505
-0.0455491
-0.034688
-0.0343968
-0.0202446
-0.0431187
-0.0431395
-0.0444497
-0.0449253
-0.0429729
-0.0342374
-0.0460448
-0.033081
-0.0427601
-0.0328777
-0.0443452
-0.0443744
-0.0437586
-0.0417991
-0.0325448
-0.0428722
-0.0427199
-0.0330576
-0.042942
-0.0434112
-0.0321494
-0.0352848
-0.03215
-0.0440764
-0.0439365
-0.0339429
-0.0335691
-0.0430981
-0.0347401
-0.0442684
-0.0299591
-0.0445518
-0.0439843
-0.0455528
-0.0432008
-0.0441905
-0.0465338
-0.0335342
-0.0316728
-0.0405539
-0.0329729
-0.044694
-0.044784
-0.0408865
-0.0442776
-0.0290989
-0.0431667
-0.0322484
-0.0176333
-0.0421324
-0.0426964
-0.0325745
-0.0333125
-0.0209144
-0.0317933
-0.033259
-0.034552
-0.0318705
-0.0343257
-0.0164355
-0.0334726
-0.0320543
-0.0338485
-0.0318355
-0.0346102
-0.0316691
-0.02952
-0.0329255
-0.0334504
-0.0319271
-0.0338328
-0.0440864
-0.0415239
-0.032351
-0.0423453
-0.0446872
-0.0411727
-0.0424172
-0.0420293
-0.0457584
-0.0330471
-0.0352584
-0.0442539
-0.0445335
-0.032231
-0.042939
-0.0344317
-0.0320668
-0.0329504
-0.0354678
-0.0439837
-0.0337462
-0.0363985
-0.0191337
-0.0351708
-0.0333853
-0.0334977
-0.0450694
-0.0332657
-0.0344042
-0.0351394
-0.0337965
-0.0342811
-0.0357755
-0.0439488
-0.0424059
-0.0446314
-0.019938
-0.0330834
-0.0435302
-0.0450485
-0.0435906
-0.0397977
-0.0349892
-0.0339249
-0.0321765
-0.0433164
-0.0447755
-0.0430935
-0.0345362
-0.0352323
-0.0422229
-0.0432888
-0.0331364
-0.0334217
-0.0358957
-0.0343137
-0.0338653
-0.032958
-0.0332687
-0.0349779
