0.202234
0.202279
0.202205
0.202254
0.202247
0.202275
0.202276
0.202256
0.202248
0.202297
0.202304
0.202293
0.202272
0.202241
0.202239
0.202261
0.202289
0.202266
0.202306
0.202237
0.202245
0.20227
0.202233
0.202245
0.202317
0.202262
0.202247
0.202252
0.202258
0.202265
0.202302
0.202236
0.202247
0.202242
0.202294
0.202247
0.202222
0.20229
0.202254
0.202269
0.20226
0.202246
0.202234
0.202261
0.202255
0.202262
0.202253
0.202266
0.202316
0.202276
0.202302
0.20226
0.20229
0.202322
0.20226
0.202248
0.202349
0.202282
0.20227
0.202313
0.202215
0.20229
0.202287
0.202279
0.202218
0.20228
0.202262
0.202294
0.202263
0.202255
0.202245
0.202324
0.202275
0.202333
0.202299
0.202279
0.202295
0.202351
0.202284
0.202358
0.202308
0.202248
0.202319
0.202317
0.202276
0.202295
0.202334
0.202346
0.202354
0.202284
0.202315
0.202278
0.202321
0.202292
0.202302
0.20231
0.202354
0.202291
0.202276
0.202338
0.20235
0.202331
0.202351
0.202307
0.202299
0.2023
0.20226
0.202272
0.202313
0.202307
0.202314
0.202326
0.202259
0.202298
0.202291
0.202288
0.202285
0.202289
0.202286
0.202292
0.202316
0.202298
0.202346
0.20232
0.202307
0.202281
0.202295
0.202332
0.202265
0.202304
0.202271
0.202297
0.202267
0.202282
0.202281
0.202274
0.202309
0.202287
0.202293
0.202306
0.202317
0.202286
0.202281
0.202306
0.202313
0.202303
0.202289
0.20228
0.202287
0.202314
0.202317
0.202308
0.202331
0.202289
0.202259
0.202332
0.202289
0.202246
0.202278
0.202293
0.202296
0.202243
0.202261
0.202327
0.202287
0.20228
0.202292
0.20231
0.202289
0.2023
0.202312
0.202317
0.202342
0.202253
0.202337
0.202291
0.202282
0.202299
0.202342
0.202315
0.202334
0.202306
0.202306
0.202302
0.202316
0.202288
0.202621
0.202291
0.202314
0.202329
0.202366
0.202305
0.20229
0.20232
0.202311
0.202278
0.202326
0.202326
0.202323
0.202334
0.2023
0.2023
0.202316
0.202329
0.202251
0.202285
0.202274
0.202233
0.202283
0.202279
0.202274
0.202247
0.202262
0.202279
0.202272
0.202237
0.202251
0.202239
0.202265
0.20227
0.202286
0.202304
0.202315
0.202265
0.202319
0.202301
0.202228
0.202264
0.202277
0.202261
0.202275
0.20229
0.202248
0.202289
0.202297
0.202272
0.202306
0.202245
0.202274
0.202275
0.202267
0.202257
0.202263
0.202296
0.2023
0.202313
0.202292
0.202232
0.202262
0.202263
0.202268
0.202322
0.202284
0.202313
0.202299
0.202274
0.202245
0.202294
0.202266
0.202279
0.202275
0.202269
0.20224
0.202297
0.20229
0.202335
0.20225
0.2023
0.202288
0.202262
0.202268
0.202239
0.202248
0.202223
0.202289
0.202273
0.202287
0.202279
0.202307
0.202241
0.202235
0.202269
0.202242
0.202276
0.202285
0.202252
0.202234
0.202263
0.202274
0.202279
0.202289
0.202259
0.202263
0.202281
0.20223
0.20229
0.202226
0.202275
0.202297
0.202272
0.202241
0.202239
0.202267
0.202253
0.202278
0.202262
0.202268
0.202313
0.202268
0.202281
0.202324
0.202273
0.202334
0.202298
0.202282
0.202252
0.202268
0.202226
0.202228
0.202297
0.202265
0.202264
0.20231
0.202259
0.20225
0.202278
0.202294
0.202214
0.202316
0.202273
0.202325
0.202291
0.20227
0.202302
0.202258
0.202247
0.202287
0.202291
0.202254
0.202266
0.202338
0.202333
0.202313
0.202275
0.202313
0.20226
0.202269
0.202267
0.202266
0.20229
0.202303
0.202266
0.202253
0.202329
0.202295
0.202244
0.202261
0.202289
0.202274
0.202304
0.202297
0.202295
0.202274
0.20228
0.202266
0.20232
0.202265
0.202227
0.202301
0.202268
0.202297
0.202262
0.202269
0.202273
0.202334
0.202308
0.202299
0.202279
0.202293
0.202357
0.202275
0.202299
0.202299
0.202314
0.202284
0.20233
0.202291
0.202308
0.202309
0.202307
0.202287
0.202273
0.202291
0.202285
0.202314
0.202297
0.202281
0.202325
0.202282
0.202315
0.202288
0.202291
0.20229
0.202292
0.202282
0.202319
0.202271
0.202296
0.202288
0.202312
0.202242
0.202291
0.202289
0.202272
0.202315
0.20221
0.202305
0.202301
0.202314
0.202295
0.202329
0.2023
0.202279
0.202293
0.202313
0.202318
0.202256
0.202271
0.20227
0.20225
0.202328
0.20228
0.20228
0.202292
0.202294
0.202235
0.20229
0.202291
0.202293
0.20225
0.202291
0.202284
0.202338
0.202274
0.202243
0.202217
0.202259
0.202267
0.202289
0.202271
0.202204
0.202248
0.202288
0.202252
0.202281
0.202292
0.202267
0.202225
0.202268
0.202234
0.202271
0.202269
0.202276
0.202255
0.202218
0.20223
0.202282
0.202267
0.202262
0.202228
0.202267
0.202266
0.202294
0.202268
0.202288
0.202258
0.202297
0.202295
0.20225
0.20223
0.202279
0.202266
0.202266
0.202267
0.202247
0.202235
0.202285
0.202319
0.202306
0.202243
0.202276
0.202283
0.202265
0.202258
0.202244
0.20231
0.202269
0.20228
0.202282
0.202265
0.20227
