2.67832e-15
1.40441e-07
3.8942e-07
5.20979e-07
5.22398e-07
5.82088e-07
6.71595e-07
6.72368e-07
8.393e-07
9.5983e-07
1.02798e-06
1.10838e-06
1.10582e-06
1.10439e-06
1.29807e-06
1.5326e-06
6.63528e-06
1.13005e-05
1.14408e-05
1.15208e-05
1.16019e-05
1.15764e-05
1.15959e-05
1.16136e-05
1.1629e-05
1.59816e-05
1.82057e-05
1.81145e-05
1.80621e-05
1.8017e-05
1.79781e-05
1.79306e-05
1.78395e-05
1.77766e-05
1.76957e-05
1.76615e-05
1.76191e-05
1.75812e-05
1.75447e-05
1.75038e-05
1.74239e-05
1.73788e-05
1.71784e-05
1.70921e-05
2.12314e-05
2.50954e-05
2.49789e-05
2.66997e-05
2.85597e-05
3.03573e-05
3.0463e-05
3.06101e-05
3.10195e-05
3.14407e-05
3.16895e-05
3.28036e-05
3.36702e-05
3.64206e-05
3.73537e-05
3.84596e-05
3.90023e-05
4.16293e-05
4.23406e-05
4.30639e-05
4.40584e-05
4.51656e-05
4.69229e-05
4.86733e-05
5.03367e-05
5.17999e-05
5.33153e-05
5.31029e-05
5.46905e-05
5.63531e-05
5.82406e-05
6.00292e-05
6.16488e-05
6.28633e-05
6.31881e-05
6.45666e-05
6.46994e-05
6.55123e-05
6.66783e-05
6.73101e-05
6.71216e-05
6.76747e-05
6.81769e-05
6.79259e-05
6.76683e-05
6.74067e-05
6.71442e-05
6.69143e-05
6.66883e-05
6.79803e-05
6.92507e-05
6.92185e-05
6.91488e-05
6.89085e-05
6.86732e-05
6.85573e-05
6.84136e-05
6.82649e-05
6.80955e-05
6.79051e-05
6.77113e-05
6.7471e-05
6.72408e-05
6.70152e-05
6.67931e-05
6.65506e-05
6.76975e-05
6.74564e-05
6.72171e-05
6.82635e-05
6.80191e-05
6.78404e-05
6.76658e-05
6.74409e-05
6.85368e-05
6.95989e-05
6.93544e-05
6.91368e-05
6.89193e-05
6.86048e-05
6.89345e-05
6.86252e-05
6.89836e-05
6.99773e-05
6.99074e-05
7.06927e-05
7.16092e-05
7.22869e-05
7.20646e-05
7.29116e-05
7.26977e-05
7.28069e-05
7.26619e-05
7.25721e-05
7.26354e-05
7.23981e-05
7.2303e-05
7.21213e-05
7.19263e-05
7.20533e-05
7.21789e-05
7.21174e-05
7.18859e-05
7.20686e-05
7.27621e-05
7.25298e-05
7.25118e-05
7.22842e-05
7.23146e-05
7.21052e-05
7.27852e-05
7.27302e-05
7.34341e-05
7.36745e-05
7.34602e-05
7.41725e-05
7.39544e-05
7.39104e-05
7.38772e-05
7.38437e-05
7.38037e-05
7.37601e-05
7.43682e-05
7.49929e-05
7.47761e-05
7.45544e-05
7.43359e-05
7.42906e-05
7.42328e-05
7.41567e-05
7.40636e-05
7.471e-05
7.45902e-05
7.44172e-05
7.42407e-05
7.40264e-05
7.38117e-05
7.36315e-05
7.3423e-05
7.32411e-05
7.30316e-05
7.28259e-05
7.26233e-05
7.24792e-05
7.22748e-05
7.20705e-05
7.18709e-05
7.17259e-05
7.19795e-05
7.18538e-05
7.16591e-05
7.1544e-05
7.14607e-05
7.12701e-05
7.10754e-05
7.09131e-05
7.07395e-05
7.05632e-05
7.03903e-05
7.08303e-05
7.14149e-05
7.19909e-05
7.18352e-05
7.21464e-05
7.19748e-05
7.18019e-05
7.20834e-05
7.23854e-05
7.29143e-05
7.31528e-05
7.29941e-05
7.28454e-05
7.30281e-05
7.28459e-05
7.3008e-05
7.3108e-05
7.31748e-05
7.31348e-05
7.29522e-05
7.27643e-05
7.25802e-05
7.29972e-05
7.33548e-05
7.31757e-05
7.29964e-05
7.28162e-05
7.27265e-05
7.25515e-05
7.28017e-05
7.26214e-05
7.28581e-05
7.30847e-05
7.29163e-05
7.27436e-05
7.26292e-05
7.24524e-05
7.23172e-05
7.21627e-05
7.20259e-05
7.19024e-05
7.17277e-05
