0.000311744
0.000553081
0.000490061
0.000596192
0.000823803
0.0010821
0.00129306
0.00204851
0.00326531
0.0035647
0.00407006
0.00416132
0.00454804
0.00420343
0.00422337
0.0044182
0.00491938
0.00481353
0.00520835
0.00572829
0.00597797
0.00592419
0.00651005
0.00729495
0.00690212
0.00805012
0.00768472
0.00760259
0.00726247
0.00742212
0.00782205
0.00782865
0.00842933
0.00778074
0.00760483
0.00714021
0.00705505
0.0066018
0.00684064
0.00752213
0.00717568
0.00735564
0.00764423
0.00803612
0.00777182
0.00819596
0.00889616
0.00961418
0.00942126
0.00934968
0.00939377
0.00988291
0.00960516
0.00954974
0.00947839
0.00969816
0.0101844
0.0105237
0.0109513
0.0110164
0.0108013
0.00998569
0.0095928
0.00918813
0.00810454
0.00778601
0.00784705
0.00718503
0.00733012
0.00740613
0.00657256
0.00627015
0.00595578
0.00591595
0.0061276
0.00606042
0.00595329
0.00594131
0.00609587
0.00517343
0.00494179
0.00502727
0.00401096
0.00338813
0.00311469
0.00310153
0.00312867
0.0031006
0.00278195
0.00277266
0.00226095
0.00174064
0.001647
0.00154188
0.000625751
0.000395877
0.000375771
0.000334164
0.000305178
0.000470167
0.000441887
0.00055609
0.000658036
0.000509378
0.000479636
0.000755266
0.00101807
0.00106189
0.00133122
0.00128677
0.00169358
0.00170857
0.00166621
0.00162295
0.00165225
0.00233012
0.00248376
0.00247428
0.00253578
0.00273251
0.00270277
0.00318388
0.00302826
0.00300606
0.00310963
0.00333211
0.00377983
0.00373897
0.00363703
0.0035991
0.00388171
0.00415121
0.00428993
0.0046567
0.00504912
0.00536278
0.00564359
0.00597737
0.00636242
0.00617752
0.0064008
0.00676995
0.00714956
0.00684688
0.00673776
0.00657987
0.00658562
0.00623115
0.00593087
0.00591261
0.0057824
0.00584918
0.00609817
0.00598483
0.00560431
0.00543601
0.00536432
0.00500169
0.00491456
0.00507496
0.00503401
0.00476094
0.00474235
0.00473845
0.00406417
0.00410444
0.00419307
0.00429115
0.00403349
0.00415364
0.00383285
0.00354979
0.00345376
0.00353024
0.00332654
0.00326537
0.0031972
0.00326244
0.00296529
0.00283918
0.00259828
0.00251743
0.00196145
0.00196364
0.00159904
0.00121614
0.0009365
0.00074196
0.000713754
0.000520433
0.000420115
0.00040867
