0.69178
0.672604
0.657115
0.637951
0.618136
0.596812
0.588806
0.574651
0.56319
0.548598
0.536416
0.526886
0.515958
0.51096
0.502828
0.494593
0.487525
0.469336
0.468433
0.461219
0.449788
0.427601
0.411984
0.398891
0.394442
0.388689
0.372509
0.362699
0.354302
0.346957
0.341168
0.334422
0.3287
0.317838
0.308156
0.300118
0.293601
0.284103
0.278758
0.274394
0.267271
0.253574
0.245824
0.24032
0.234809
0.230541
0.226986
0.223673
0.221355
0.216985
0.214679
0.211274
0.208681
0.204612
0.199666
0.195546
0.192108
0.189323
0.187109
0.185135
0.177343
0.173214
0.169588
0.166405
0.159389
0.152961
0.147046
0.141585
0.138541
0.133503
0.12883
0.126155
0.123485
0.121287
0.119505
0.117311
0.113724
0.111077
0.109304
0.105054
0.102433
0.100146
0.0962133
0.092552
0.0891421
0.0859667
0.0830097
0.0811482
0.0783998
0.0764544
0.0739011
0.0715278
0.0693243
0.0672814
0.0653906
0.063644
0.061387
0.059623
0.0580151
0.056537
0.0549912
0.0536097
0.0522258
0.0508657
0.0497025
0.0486147
0.047523
0.046703
0.0454464
0.0441454
0.0433121
0.0424722
0.0410999
0.0406572
0.0405659
0.0396085
0.0385717
0.0374937
0.0365147
0.0352911
0.0344038
0.0336075
0.0322004
0.03114
0.0303887
0.0296323
0.0284961
0.0277589
0.0281435
0.0276367
0.0273781
0.0263972
0.0257174
0.025672
0.0250641
0.0245318
0.0238015
0.0233156
0.0226204
0.0227438
0.0219857
0.0214345
0.020852
0.0190937
0.0188608
0.0180824
0.0175077
0.0171216
0.0165976
0.0161422
0.0157529
0.0141878
0.0128141
0.0129393
0.0117383
0.0113958
0.010622
0.0103355
0.0101081
0.00993774
0.0100758
0.00978864
0.00872405
0.00838222
0.00746578
0.00705301
0.00683132
0.00667364
0.00656902
0.00650978
0.00581009
0.00513858
0.00506011
0.00503073
0.00449745
0.00412725
0.00390858
0.00383186
0.00382492
0.0038639
0.00362027
0.00358731
0.00298396
0.00249551
0.00211609
0.00154533
0.00152816
0.00124175
0.00105332
0.000662362
0.000450215
0.000403047
