3.23457e-08
6.40431e-08
3.55627e-08
1.12865e-08
1.1375e-08
1.5815e-09
4.16677e-10
2.34963e-09
5.25106e-09
7.50378e-09
2.13588e-08
1.44586e-08
1.51078e-09
1.93064e-09
6.22443e-10
5.52137e-10
9.57719e-09
2.07268e-08
5.63063e-09
1.97357e-08
2.85938e-08
6.85695e-08
2.83162e-08
4.1515e-08
1.68091e-08
1.70719e-09
6.5395e-09
1.38193e-08
1.5544e-08
6.75504e-08
4.69004e-08
8.33806e-09
4.66264e-09
6.1539e-09
1.69511e-08
5.52966e-08
2.71272e-08
1.14471e-10
1.56911e-08
6.65902e-08
3.82764e-08
5.19399e-08
2.00672e-08
1.37113e-09
2.40087e-09
3.833e-08
1.451e-07
9.11773e-08
1.45344e-07
