0.0408442
0.0410851
0.0399936
0.0357266
0.0391346
0.0392989
0.0382377
-0.00950794
-0.0107135
-0.0124997
-0.0196443
-0.0194604
0.017865
-0.0178582
0.034626
0.0339404
-0.00714123
0.0438553
0.0437331
0.0435688
0.0432936
3.41215e-06
-0.00178275
0.0250097
0.0232235
-0.00356891
0.0429188
-0.00535507
-0.00892738
-0.0347331
-0.0339336
0.0226141
-0.0332654
0.0107204
0.0316711
0.0321543
0.029833
0.0303681
0.0142927
0.0125065
0.00968527
0.027839
0.00893421
0.00178957
0.0160789
0.0153654
0.0214373
0.0371372
0.0375128
0.0359669
0.0196512
0.0192512
0.0332919
-0.016072
-0.0151401
0.00357573
0.00536189
0.00714805
-0.0142859
0.0267958
0.0255029
0.028582
-0.0437362
-0.0410783
-0.0407663
-0.0399645
-0.0392921
-0.0390843
-0.0381623
-0.0436573
-0.0285751
-0.0296772
-0.0303613
-0.0315602
-0.0375059
-0.0371286
-0.0214305
-0.0432727
-0.0232167
-0.0227878
-0.0250028
-0.0429888
-0.0435286
-0.0428644
-0.026789
0.0419928
0.0414723
0.0428713
-0.0321475
-0.042551
-0.027628
-0.0253662
0.0424935
-0.0360479
-0.0357198
-0.0414936
-0.0420325
0.0428713
0.00921573
-0.0432363
0.0303681
0.0214373
0.0196512
0.0190777
-0.0149167
0.0321543
0.0232235
0.0250097
0.0315782
0.0142927
0.0125065
0.0107204
-0.0275786
0.0297888
0.017865
0.0160789
0.0151315
0.0226346
0.00357573
0.00714805
0.00536189
-0.0419462
0.00178957
-0.0424911
0.0276581
0.028582
0.0254133
0.0267958
-0.0252743
-0.026789
-0.0192798
-0.0178582
-0.016072
-0.0142859
-0.0428984
-0.0196443
0.00893421
-0.0428644
-0.0339336
-0.033117
-0.0413736
-0.0285751
-0.029558
-0.034662
-0.0303613
-0.0314664
-0.0381569
-0.0232167
-0.022681
-0.0390119
-0.0321475
-0.0392921
-0.0214305
-0.00915532
-0.0398878
-0.040695
-0.0107135
0.0414243
-0.00356891
-0.00178275
0.0437854
0.0436582
-0.0359878
-0.0371311
0.0434846
0.0431801
-0.0375059
3.41217e-06
-0.0357198
-0.0434586
-0.00714123
-0.00892738
0.0419137
0.0424152
0.0428713
0.0428639
0.0370557
0.0375128
0.0358985
-0.0410783
-0.0250028
-0.00535507
-0.0436961
-0.0435944
0.0339404
-0.0124997
0.0407679
0.0410851
0.0399573
0.0390959
0.0392989
0.0381555
0.0332051
0.0345428
0.0357266
0.0392989
0.0432594
0.0429173
-0.0345587
0.0226627
0.0434885
0.0232235
0.0250097
0.0437382
-0.0339336
0.0214373
0.0400909
-0.0435995
-0.0196443
0.0391746
0.0196512
-0.0276507
0.0439147
0.0438876
-0.026789
0.0154731
0.0160789
0.017865
-0.0437493
0.0193109
-0.0359711
-0.0357198
0.0303681
0.0371176
0.0375128
0.0298428
0.0381761
-0.0107135
-0.0124997
0.0315576
0.0321543
-0.0419365
0.0331827
0.03599
-0.0429858
0.0414225
0.0410851
0.0407816
-0.0428644
0.0339405
0.0346521
0.0357266
-0.043349
-0.0424834
-0.0438398
0.0428713
-0.0375059
-0.0382554
0.0267958
0.0276902
0.028582
0.0425195
0.0420696
-0.0372319
-0.00903323
-0.0225318
-0.0214305
-0.0232166
0.00714806
0.00536191
-0.00892737
-0.00714121
-0.0391911
-0.00535505
-0.0035689
-0.0303613
-0.0314774
-0.0321474
-0.0330893
-0.0285751
-0.0413717
-0.0410783
-0.0297195
-0.016072
-0.0253633
-0.0250028
0.0107204
0.0125066
0.00908034
0.0142927
0.00893422
-0.0407113
-0.0178582
-0.019426
3.42749e-06
-0.0151876
-0.0142858
-0.00178273
0.00178958
0.00357575
-0.0392921
-0.040036
-0.00892737
0.00893422
0.0428713
0.0321543
0.0297386
0.00714806
-0.0432888
0.0303681
0.0315261
-0.0303613
0.00536191
0.0413832
0.0331323
0.0410851
-0.0390849
-0.0413333
-0.0406093
0.00879505
-0.0399512
-0.0035689
-0.00535505
-0.0436403
-0.00877064
-0.00714121
0.0358752
0.0370192
0.0375128
0.0381213
-0.0428644
0.00357575
0.0407343
0.0400182
0.0392989
-0.0428958
3.42748e-06
0.0391039
-0.00178273
0.00178958
-0.0424207
-0.0419308
-0.0435124
-0.0392921
0.0339405
0.0345429
0.0357266
0.0214373
0.043434
-0.0275446
-0.026789
-0.034529
0.0152797
0.0160789
0.017865
0.0192246
0.0196512
0.0431864
-0.0193016
-0.0178582
0.0437918
-0.0151562
-0.0142858
-0.016072
0.0438601
-0.0339336
-0.0196443
0.043667
0.02522
0.0428713
0.0428431
0.0142927
0.0125066
0.0424184
0.0232235
0.0250097
0.0107204
0.00893422
0.0275741
0.028582
-0.0296227
-0.0285751
-0.0124997
-0.0107135
-0.0330187
-0.0313928
-0.0232166
-0.0214305
-0.0223979
-0.0375059
-0.0381596
-0.0250028
-0.0252041
-0.0359018
-0.0357198
-0.0371662
