0.016072
0.0154986
0.0178582
0.0253246
0.0196443
0.0193187
0.0214305
0.0428644
0.0425024
0.0419523
0.0391975
0.0392921
0.0399709
0.0400466
0.026789
0.0277332
0.0433689
0.00178274
0.0035689
0.00535506
0.00714122
0.043855
0.0438684
0.0360515
0.0371283
0.0437754
0.00892738
0.0436181
0.0430055
0.026789
0.0278038
0.0375059
0.0285751
0.0425635
0.0303613
0.0298963
0.0321475
0.0316294
0.041505
0.0420427
0.0428644
0.0339336
0.043006
0.0437653
0.0407772
0.0410782
0.0381612
0.0232166
0.0226697
0.0250028
0.0390823
0.0392921
0.0285751
0.0407267
0.0410782
0.043681
0.0435525
0.0432957
0.0413876
0.0347432
0.0357198
0.0332969
0.00178272
0.0153312
0.016072
0.0178582
0.019246
0.0196443
0.0214305
0.00356889
0.0331602
0.0321474
0.0314957
0.0303613
0.0226076
0.0232166
0.0382605
0.0071412
0.0372376
0.0375059
0.0359855
0.00892736
0.00535505
0.00961433
0.0345868
0.0124997
0.0142859
0.00915985
0.0297778
0.0107135
0.0339336
0.0357198
0.0107135
0.0250028
0.0254888
0.0142858
0.0124997
0.00892738
0.0428644
0.0071412
0.0315814
0.0381552
0.0390088
0.0392921
0.0410782
0.0297861
0.0371286
0.0359899
0.0303613
0.0413833
0.0419571
0.0425034
0.0339336
0.0321475
0.0398906
0.0407016
0.0410782
0.0375059
0.0436159
0.0432575
0.0434787
0.0124997
0.0437238
0.0107135
0.0339336
0.0331628
0.0357198
0.0346724
0.0357198
0.0345671
0.0392921
0.0399588
0.0406204
0.0413469
0.00892736
0.0390915
0.0429138
0.00913008
0.0276273
0.0285751
0.0142858
0.0330719
0.0321474
0.026789
0.0313926
0.0303613
0.0214305
0.0371758
0.0375059
0.0196443
0.0296686
0.0190739
0.0381667
0.0428644
0.0178582
0.016072
0.0424393
0.0142859
0.043663
0.0437689
0.00178274
0.0035689
0.0250028
0.0232166
0.00535506
0.00714122
0.0226311
0.0437506
0.0254014
0.00535505
0.0433095
0.0429141
0.0124997
0.0107135
0.00888266
0.00892738
0.0232166
0.0224858
0.0250028
0.0151005
0.0359227
0.0435331
0.00178272
0.00356889
0.0276213
0.0419446
0.016072
0.0153012
0.0178582
0.0196443
0.0192249
0.0214305
0.0285751
0.026789
0.0252297
-0.0194295
-0.00714806
-0.00893421
-0.0267958
-0.0375128
-0.0053619
-0.0371267
-0.0359507
-0.00357574
-0.0275862
-0.0382326
-0.017865
-0.00536191
-0.0391763
-0.0196512
-0.0391285
-0.0339405
-3.41959e-06
-0.00178958
-0.0346514
-0.0410851
-0.0408328
-0.0399843
-0.00357576
-0.0392989
-0.0250097
-0.0253497
-0.0316277
-0.0232235
-0.0225367
-0.0321543
-0.0214373
-0.0425065
-0.0420583
-0.0303681
-0.029751
-0.0125066
-0.028582
-0.0250097
-0.00893423
-0.0142927
-0.0152283
-0.0160789
-0.00944138
-0.0276597
-0.0267958
-0.0253684
-0.00714807
-0.0107204
-0.00178959
-0.00909428
-0.0227856
-0.0214374
-0.0346052
-0.0339405
-0.0332228
-0.0107204
-0.0125065
-0.0232235
-0.0428713
-0.0375128
-0.0381769
-0.0371194
-0.0432726
-0.0435445
-0.0429016
-0.0432418
-0.0196512
-0.0434686
-0.0437142
-0.0315089
-0.0303681
-0.0296299
-0.028582
-0.0331789
-0.0142927
-0.0151035
-0.0321543
-0.0407732
-0.0357266
-0.0359919
-0.0424765
-0.0419759
-0.0428713
-0.0414572
-0.0429007
-0.0160789
-0.0400906
-0.0392989
-0.0438768
-0.0410851
-0.0414099
-0.0438529
-0.0438247
-0.0437069
-0.0194546
-0.017865
-0.0428713
-0.0428713
-0.00893421
-0.0297073
-0.0321543
-0.0431609
-0.00714807
-0.0315406
-0.0303681
-0.031453
-0.0434629
-0.0142927
-0.028582
-0.0151819
-0.0196512
-0.0142927
-0.0160789
-0.0428713
-0.017865
-0.0436453
-0.043417
-0.00357576
-0.0428713
-0.0431708
-0.0250097
-0.0232235
-0.0223995
-0.0214373
-0.00907938
-0.0436372
-0.0160789
-0.017865
-0.0193
-0.00893423
-0.0438284
-0.0196512
-0.0437641
-0.0437587
-0.0107204
-0.0125066
-0.00536191
-0.0192741
-0.0275624
-0.0267958
-0.0252103
-0.038152
-0.0053619
-0.0339405
-0.0345393
-0.0267958
-0.0410851
-0.0407597
-0.0399512
-0.0392989
-0.0390936
-0.00714806
-0.0392989
-0.0400198
-0.00178958
-0.0410851
-0.0413759
-0.0407294
-3.4196e-06
-0.0275188
-0.0391085
-0.00357574
-0.0357266
-0.00883207
-0.00893421
-0.0414104
-0.0418993
-0.0107204
-0.0370488
-0.0358862
-0.0424012
-0.0428484
-0.0339405
-0.0331524
-0.0321543
-0.0331032
-0.0419571
-0.0424045
-0.028582
-0.0303681
-0.0370224
-0.038125
-0.0375128
-0.0226735
-0.0214374
-0.0358761
-0.0357266
-0.0250097
-0.0252516
-0.0232235
