0.253476
0.253551
0.253571
0.253483
0.253489
0.25359
0.253522
0.253557
0.253513
0.253528
0.25351
0.25358
0.253459
0.253461
0.253469
0.253526
0.253584
0.253456
0.253603
0.253517
0.253546
0.253549
0.253529
0.253566
0.25349
0.253473
0.253596
0.253653
0.253581
0.253483
0.253547
0.253518
0.253582
0.253572
0.253537
0.253525
0.253549
0.253454
0.253642
0.253587
0.253602
0.253578
0.253503
0.253607
0.253518
0.253539
0.253404
0.253537
0.253533
0.253578
0.253507
0.253565
0.253496
0.253573
0.253539
0.253504
0.253607
0.253606
0.253597
0.253606
0.253555
0.253546
0.253528
0.253535
0.253583
0.253531
0.253512
0.253436
0.253506
0.253528
0.253523
0.253438
0.253495
0.253455
0.253494
0.253645
0.253461
0.253534
0.253535
0.253496
0.25353
0.253527
0.253472
0.253535
0.253539
0.253436
0.253494
0.253518
0.253372
0.253422
0.253485
0.253535
0.253542
0.253562
0.253525
0.253603
0.25354
0.253486
0.253558
0.253518
0.253593
0.253579
0.253536
0.253504
0.253705
0.253546
0.253688
0.253578
0.25358
0.253487
0.25355
0.25363
0.253556
0.253572
0.253471
0.253538
0.253513
0.253475
0.253539
0.253541
0.253579
0.253486
0.253544
0.253524
0.253581
0.253536
0.253644
0.253502
0.253471
0.253547
0.253586
0.253601
0.253576
0.253597
0.253577
0.253576
0.253594
0.253562
0.2536
0.253561
0.253608
0.253565
0.253493
0.253585
0.253593
0.25358
0.253628
0.253557
0.253541
0.253554
0.25365
0.253625
0.253531
0.253543
0.253664
0.253592
0.253624
0.253584
0.25361
0.253624
0.253642
0.253579
0.253572
0.253565
0.253612
0.253679
0.253612
0.253539
0.253571
0.253567
0.253574
0.253606
0.253567
0.253656
0.253557
0.253491
0.253609
0.253572
0.253648
0.253637
0.253671
0.253595
0.253576
0.253624
0.253588
0.253689
0.253656
0.253561
0.253509
0.253588
0.253549
0.253566
0.253517
0.253527
0.253607
0.253502
0.25365
0.253552
0.253575
0.253599
0.253533
0.253473
0.253533
0.253613
0.253616
0.253658
0.253551
0.25362
0.253659
0.253588
0.253518
0.253576
0.253588
0.253577
