0.202549
0.202522
0.202591
0.20253
0.202567
0.202572
0.202572
0.2026
0.202577
0.202538
0.202604
0.202569
0.202546
0.202552
0.202542
0.202605
0.202594
0.202565
0.202579
0.202563
0.202588
0.202595
0.20257
0.202593
0.202597
0.202548
0.202607
0.202621
0.202574
0.202547
0.202574
0.202515
0.202589
0.202564
0.202578
0.202565
0.202575
0.202539
0.202631
0.202608
0.202598
0.202632
0.202569
0.202612
0.202556
0.202585
0.202561
0.202619
0.202584
0.202616
0.202572
0.202593
0.20257
0.202586
0.202563
0.202615
0.20262
0.202575
0.202603
0.202615
0.202608
0.202626
0.202567
0.202549
0.20262
0.202593
0.202565
0.202554
0.202586
0.202572
0.202596
0.202543
0.202583
0.202568
0.202499
0.202619
0.202535
0.202598
0.202561
0.202527
0.202521
0.202568
0.202527
0.20257
0.202598
0.202558
0.202518
0.202529
0.202535
0.202519
0.202554
0.202579
0.20261
0.202636
0.202572
0.202577
0.202539
0.202526
0.202582
0.202566
0.202547
0.202582
0.202555
0.202629
0.202541
0.202522
0.202567
0.20261
0.202573
0.202603
0.202562
0.202639
0.20261
0.202592
0.202569
0.202585
0.202589
0.202568
0.2026
0.202584
0.202577
0.202579
0.202603
0.202612
0.202615
0.202585
0.202616
0.202609
0.202569
0.202565
0.202576
0.202604
0.202605
0.202605
0.202574
0.202604
0.202584
0.20261
0.202651
0.202584
0.202571
0.202585
0.202603
0.202564
0.20253
0.202581
0.20262
0.202534
0.202548
0.202577
0.202617
0.202618
0.202556
0.202593
0.202556
0.202602
0.202616
0.202595
0.202579
0.20261
0.202615
0.202599
0.202593
0.202583
0.202593
0.202575
0.202606
0.202579
0.20258
0.202607
0.202583
0.202619
0.202595
0.202638
0.202585
0.202538
0.202592
0.202564
0.202609
0.202625
0.20257
0.202557
0.20259
0.202604
0.202587
0.202647
0.202625
0.202585
0.202596
0.20259
0.202609
0.202604
0.202583
0.202637
0.202592
0.202606
0.202634
0.202641
0.202605
0.2026
0.202579
0.20257
0.202569
0.202598
0.202606
0.20261
0.202553
0.202589
0.202638
0.202578
0.202586
0.202577
0.202626
0.20255
