2.52983e-05 3.46905e-05 1.83718e-05 1.88978e-05 1.8993e-05 1.85331e-05 2.33903e-05 5.36059e-05 2.01923e-05 1.98059e-05 2.53467e-05 3.94086e-05 4.10233e-05 7.91177e-05 2.56789e-05 1.6911e-05 
2.49887e-05 2.22336e-05 5.84712e-05 2.05309e-05 2.66441e-05 1.8888e-05 3.30467e-05 5.44078e-05 3.46884e-05 7.31108e-05 2.07015e-05 2.10681e-05 2.69747e-05 2.21726e-05 3.03122e-05 3.83142e-05 
0.000146239 3.00896e-05 9.41126e-05 6.39857e-05 0.00013799 3.89077e-05 0.000161706 5.36243e-05 0.000114989 0.000106879 0.00012809 6.26617e-05 4.717e-05 7.79159e-05 6.49505e-05 3.1908e-05 
4.81201e-05 0.000121079 7.97783e-05 3.98168e-05 0.00010662 4.40484e-05 0.000220905 6.04366e-05 5.0317e-05 9.08356e-05 3.57425e-05 5.87996e-05 0.00011286 4.54086e-05 0.000176895 3.63812e-05 
9.67004e-05 0.000113805 9.00419e-05 0.000114267 7.59523e-05 0.000105731 0.000115108 7.75689e-05 0.000100459 0.000117147 9.12693e-05 7.26615e-05 8.71152e-05 9.05666e-05 7.74501e-05 0.000114817 
4.66575e-05 4.30986e-05 4.64765e-05 4.53929e-05 5.14386e-05 4.34646e-05 4.89941e-05 4.32453e-05 4.31489e-05 5.35486e-05 4.52059e-05 5.56668e-05 5.64721e-05 4.91821e-05 4.70156e-05 9.91076e-05 
6.91903e-05 3.88435e-05 4.14482e-05 7.7763e-05 5.34134e-05 3.20404e-05 3.58395e-05 8.11447e-05 7.54523e-05 8.84453e-05 8.80283e-05 0.000120153 4.44949e-05 3.82512e-05 4.51832e-05 4.50967e-05 
4.67373e-05 0.000156908 4.57341e-05 4.67995e-05 4.54947e-05 6.58742e-05 3.86597e-05 8.46829e-05 0.000113808 4.52132e-05 7.17607e-05 5.10255e-05 4.73731e-05 4.00638e-05 4.89697e-05 0.000125406 
4.99641e-05 9.84957e-05 6.39091e-05 8.85164e-05 6.60009e-05 0.000108513 0.00013353 8.17222e-05 0.000123633 0.000100837 6.08265e-05 7.2675e-05 0.000142228 7.3896e-05 5.02715e-05 9.74536e-05 
1.75531e-05 2.88403e-05 4.66408e-05 2.38484e-05 0.00011451 8.27848e-05 0.000130566 9.08396e-05 1.99352e-05 3.25917e-05 2.43978e-05 8.5746e-05 9.70625e-05 1.82185e-05 4.65483e-05 0.000179149 
1.5469e-05 1.74725e-05 1.81566e-05 1.52948e-05 1.8115e-05 2.0188e-05 1.71929e-05 2.10438e-05 2.18145e-05 3.51766e-05 1.9326e-05 1.74635e-05 1.95111e-05 2.01581e-05 1.91893e-05 1.64622e-05 
3.77953e-05 2.0406e-05 9.08254e-05 1.76434e-05 1.80838e-05 2.15047e-05 2.30063e-05 1.95836e-05 2.00801e-05 2.17102e-05 1.94228e-05 7.81965e-05 1.82237e-05 6.37892e-05 1.72269e-05 1.91455e-05 
3.57904e-05 1.5441e-05 1.79074e-05 1.73578e-05 1.88421e-05 1.74713e-05 2.24902e-05 1.52351e-05 1.9669e-05 1.67889e-05 1.48297e-05 1.54966e-05 1.7671e-05 1.94456e-05 1.67517e-05 1.61092e-05 
1.28392e-05 1.28385e-05 1.1299e-05 1.24055e-05 1.24843e-05 1.20875e-05 1.21897e-05 1.23753e-05 1.15559e-05 1.37154e-05 1.26018e-05 1.31632e-05 1.26592e-05 1.44196e-05 1.19523e-05 1.07687e-05 
8.11988e-06 8.57883e-06 9.92516e-06 1.01783e-05 9.43979e-06 8.67149e-06 7.53061e-06 8.86824e-06 7.65522e-06 8.62777e-06 9.11479e-06 8.98169e-06 7.99144e-06 8.21102e-06 9.0923e-06 1.07257e-05 
9.82254e-06 1.00023e-05 9.93992e-06 9.68152e-06 9.82228e-06 1.17039e-05 9.26679e-06 1.16782e-05 9.89756e-06 9.77276e-06 9.99424e-06 1.05282e-05 9.19854e-06 9.66526e-06 9.53503e-06 1.01108e-05 
