0.00025177 0.000122214 9.14535e-05 0.000110149 0.000890883 8.41543e-05 8.82403e-05 9.01458e-05 
0.000137421 0.000105487 0.000162452 6.71998e-05 0.000556504 0.00129418 0.00235242 0.00327561 
0.000111334 0.00220031 8.30527e-05 0.000469341 0.000415545 0.00088145 0.00191735 0.000125684 
0.00332884 0.00267156 0.000112444 0.000533843 0.000361385 0.000614139 0.00145071 0.00301768 
0.000166619 0.00326332 0.000176889 0.000703397 0.000391933 0.000231485 0.000138124 0.00248802 
9.84356e-05 8.59388e-05 0.00232071 6.48846e-05 0.000724002 0.000102152 0.000660809 0.00172565 
8.63636e-05 0.00286278 9.21869e-05 9.60866e-05 0.000899242 0.000497868 0.00011392 0.00150966 
0.00175254 0.00259374 0.00010719 0.000161004 0.00126488 0.000627954 0.000127713 0.000971136 
9.20446e-05 0.00230416 0.00316894 0.00317855 0.00163218 0.000183175 0.000152618 0.00057293 
0.000812311 0.00178423 0.00012749 0.00011855 0.002282 0.00012716 0.000528741 7.45809e-05 
0.00010795 0.00143941 0.00234879 0.000129623 0.00261129 0.0017849 0.000735849 0.000490172 
0.000516009 0.00019562 8.89562e-05 0.00016044 0.000191793 0.000172636 0.000153937 0.000224898 
9.0168e-05 0.000276056 0.000925851 0.00022912 0.00016027 0.000102502 0.00020704 0.000162161 
0.000102394 0.000488476 9.18589e-05 0.00017216 0.000137194 0.000135758 7.33773e-05 0.00148512 
8.66643e-05 0.000274306 0.000217818 7.2735e-05 7.31552e-05 0.000172434 7.32957e-05 0.000110534 
0.000419298 0.000160806 0.000124249 0.000149268 0.00012052 0.000126384 0.00288412 8.51964e-05 
