1.03086e-17 2.92362e-15 2.82689e-15 2.94267e-15 1.90184e-16 2.7882e-15 2.80614e-15 2.90769e-15 3.81646e-16 2.94794e-15 2.87882e-15 3.04802e-15 1.32297e-17 2.89529e-15 2.76056e-15 3.03122e-15 
2.99436e-15 1.38852e-17 3.00595e-15 3.1983e-15 2.9428e-15 3.607e-16 2.84602e-15 3.10277e-15 2.90069e-15 1.51645e-16 2.69873e-15 2.91395e-15 2.89233e-15 5.4613e-16 2.7963e-15 3.00821e-15 
2.9138e-15 2.84368e-15 7.08941e-18 2.70989e-15 2.74318e-15 3.02053e-15 1.05149e-17 2.75368e-15 2.87871e-15 2.87794e-15 3.08417e-16 2.79407e-15 2.68912e-15 2.99235e-15 5.59865e-16 2.84314e-15 
3.06475e-15 2.94059e-15 2.7701e-15 9.31901e-18 2.98833e-15 3.18913e-15 2.77302e-15 2.56547e-16 2.99541e-15 2.97933e-15 2.82765e-15 6.22569e-16 2.88307e-15 3.2652e-15 2.88151e-15 3.38667e-16 
1.89399e-16 3.01334e-15 2.7415e-15 2.81281e-15 9.72095e-18 3.01181e-15 2.73493e-15 2.85469e-15 2.02907e-16 2.90098e-15 2.75848e-15 2.98914e-15 1.85909e-16 2.84686e-15 2.86687e-15 2.99075e-15 
2.89794e-15 3.63022e-16 3.07673e-15 3.04516e-15 3.1491e-15 9.25529e-18 2.88147e-15 2.926e-15 2.99167e-15 2.72525e-16 2.75082e-15 2.97577e-15 3.02426e-15 8.37402e-16 2.85355e-15 3.0608e-15 
2.99455e-15 2.89814e-15 1.3641e-17 2.86704e-15 2.79408e-15 2.83035e-15 8.39875e-18 2.86424e-15 2.77529e-15 2.90556e-15 3.08598e-16 2.79473e-15 2.72042e-15 2.94538e-15 5.53542e-16 2.83039e-15 
2.83121e-15 2.91635e-15 2.99571e-15 2.54589e-16 2.98315e-15 3.07321e-15 2.71193e-15 1.05332e-17 2.96585e-15 3.00114e-15 2.82799e-15 3.90176e-16 3.08312e-15 3.04629e-15 2.98264e-15 3.53635e-16 
3.85954e-16 3.06649e-15 2.82684e-15 3.20883e-15 2.0915e-16 2.88769e-15 2.7843e-15 2.98685e-15 7.38915e-18 2.99392e-15 2.65431e-15 2.95784e-15 3.81154e-16 2.95664e-15 2.80752e-15 3.11731e-15 
2.80464e-15 1.48134e-16 2.88609e-15 3.03708e-15 3.11737e-15 2.64687e-16 2.91666e-15 3.02336e-15 2.98597e-15 1.13434e-17 2.76862e-15 3.04593e-15 2.79708e-15 6.83069e-16 2.86078e-15 3.09805e-15 
2.70761e-15 2.91232e-15 3.06794e-16 2.77307e-15 2.75235e-15 3.02783e-15 3.02794e-16 3.02319e-15 2.80549e-15 2.97362e-15 1.23615e-17 2.81407e-15 2.69658e-15 2.74379e-15 2.93685e-16 2.78135e-15 
2.92499e-15 2.90168e-15 2.90144e-15 6.22709e-16 3.06299e-15 2.8627e-15 2.86481e-15 3.94789e-16 3.04309e-15 2.90538e-15 2.76135e-15 8.73631e-18 2.82916e-15 3.05298e-15 2.79422e-15 6.62731e-16 
9.4459e-18 2.87026e-15 2.74206e-15 2.92292e-15 1.85733e-16 2.98885e-15 2.81249e-15 2.826e-15 3.78283e-16 2.98317e-15 2.77657e-15 2.89828e-15 1.02777e-17 2.85236e-15 2.68697e-15 2.88027e-15 
2.87727e-15 5.52964e-16 2.83713e-15 3.10026e-15 3.02951e-15 8.27248e-16 2.765e-15 2.99643e-15 2.87703e-15 6.81242e-16 2.83548e-15 3.02229e-15 3.08951e-15 1.26802e-17 2.7908e-15 2.96371e-15 
2.7374e-15 2.84237e-15 5.62257e-16 2.81713e-15 2.6903e-15 2.90762e-15 5.69809e-16 2.91917e-15 2.80312e-15 2.84834e-15 2.93367e-16 2.97288e-15 2.77159e-15 2.77619e-15 1.26675e-17 2.91968e-15 
2.94764e-15 3.00135e-15 2.97557e-15 3.43616e-16 3.01827e-15 2.8961e-15 2.84764e-15 3.48953e-16 2.95088e-15 3.05836e-15 2.81677e-15 6.53872e-16 2.85034e-15 2.99417e-15 2.77609e-15 1.00409e-17 
