0.000128449 0.000143323 0.000328128 0.000107835 0.0001662 0.000140315 0.00318974 8.6531e-05 
0.000158288 4.74053e-05 0.000471433 0.000149084 0.000534692 0.000171866 0.000183169 0.00336362 
0.00316441 0.000137549 0.000853293 0.000104354 0.000352466 0.000898976 0.00200338 0.0032768 
0.00028976 0.00268551 0.00106833 0.000443171 0.000292914 0.000604724 0.00154668 0.00315402 
0.000221024 0.000147005 0.000146529 0.000602852 0.000166706 0.000192839 0.000272652 0.000151226 
8.74493e-05 0.00314708 0.000146853 0.000131578 0.000414104 0.000330655 0.000609985 0.00189796 
0.00249798 0.00305421 0.00269082 0.000106432 0.000103229 0.000117579 0.000465172 0.000121689 
0.000162706 0.00297977 0.00306743 0.00253613 0.00113794 0.000523964 0.000363956 0.000865517 
0.000134879 0.000306269 0.000264459 0.00332739 0.0016297 0.000716984 0.000378639 0.00050195 
0.000109511 0.00178584 0.00277239 0.000130899 0.00237886 0.00141711 0.000539341 8.59459e-05 
0.000115173 0.00014921 0.0024022 9.48353e-05 0.00263349 0.000106083 0.000741825 0.00045557 
0.000487611 0.000123264 0.0017628 0.000134405 0.0029928 0.00252376 0.00110447 9.23154e-05 
0.000203938 0.000332941 0.000198129 0.000226119 0.000196086 0.000217802 0.000177469 0.000283419 
0.000110166 0.000114004 8.80954e-05 0.000171404 0.00265584 9.71866e-05 0.0001266 0.000261478 
0.000242091 0.000453577 0.000524682 0.00125894 0.00214179 0.000118965 8.15366e-05 0.000116081 
0.000200665 0.000201593 5.69794e-05 7.23524e-05 8.82272e-05 0.000164139 8.13476e-05 0.00290974 
