6.31295e-06 1.65358e-05 2.26097e-05 2.60774e-05 7.86627e-05 1.55843e-05 1.20362e-05 8.93178e-06 1.2624e-05 2.42605e-05 2.27727e-05 1.14763e-05 1.77916e-05 8.94972e-06 1.31752e-05 9.25314e-06 
0.000166179 0.000197502 0.000111521 0.000132682 7.31699e-05 7.6195e-05 0.000240826 0.000302089 0.000242331 6.21075e-05 6.15554e-05 0.000219574 8.96605e-05 7.50127e-05 0.000122735 0.000165937 
0.000106004 0.000105937 0.00092216 0.000116756 5.06715e-05 6.7397e-05 9.59232e-05 0.000149233 0.000145561 0.000114845 8.58115e-05 5.8009e-05 0.000188299 8.92921e-05 3.98873e-05 4.91123e-05 
7.71213e-05 0.000106839 0.0001721 0.0011208 7.46297e-05 6.5528e-05 9.90044e-05 6.8547e-05 0.00014153 0.000175531 7.56009e-05 8.1286e-05 0.000103908 0.000126355 5.55518e-05 7.55402e-05 
7.03349e-05 0.000159848 0.000246814 0.00015374 0.00161057 0.000176216 8.49341e-05 4.88513e-05 0.000109611 0.000178381 0.000139651 9.35496e-05 6.81354e-05 0.000152889 0.00015978 9.40823e-05 
0.000102632 0.00011509 0.000100574 7.66941e-05 0.000126777 0.000123488 0.000175437 0.000124638 0.000120005 0.000114034 3.95069e-05 8.40831e-05 7.96885e-05 5.4696e-05 4.09743e-05 0.000148462 
0.000128943 0.000276847 0.000113714 7.22265e-05 8.42229e-05 0.000133689 0.000139626 0.000150706 0.000106619 4.31381e-05 3.0473e-05 3.37204e-05 7.56741e-05 4.62296e-05 4.07792e-05 8.62121e-05 
0.000203683 0.000170085 0.000141216 6.79351e-05 0.00014005 0.000154531 0.000153798 0.00017247 9.76051e-05 0.000139321 6.24497e-05 2.93111e-05 0.000149188 8.56819e-05 5.16014e-05 0.000147244 
0.00011735 0.000139378 5.68295e-05 4.06282e-05 0.000337365 0.000161778 1.16332e-05 7.25646e-06 8.27518e-06 9.98641e-05 0.000154879 9.37485e-05 1.2984e-05 2.19552e-05 0.000224436 1.4157e-05 
0.000162625 9.74171e-05 3.68804e-05 7.69598e-05 0.00012274 0.000147804 0.000142223 0.000215933 0.000244029 4.58562e-06 6.15435e-06 4.66003e-05 1.97957e-05 1.01722e-05 1.87844e-05 4.07911e-05 
0.000154569 5.09098e-05 9.1594e-05 4.94336e-05 8.10361e-05 7.11503e-05 7.28585e-05 0.000134232 0.0001379 1.0469e-05 4.55363e-06 2.28234e-05 5.05488e-05 1.02415e-05 1.02125e-05 9.29471e-05 
5.89177e-05 8.07151e-05 0.000103601 7.63625e-05 0.000118686 4.33538e-05 6.85632e-05 6.72102e-05 6.58991e-05 0.000114098 5.01194e-05 1.05795e-05 1.15318e-05 0.000106772 2.2139e-05 1.33941e-05 
1.63343e-05 1.37881e-05 1.86072e-05 3.96898e-05 7.52215e-05 0.000164374 1.33112e-05 1.27358e-05 0.000224742 1.27349e-05 4.13118e-05 3.02392e-05 4.9124e-06 7.77374e-06 1.63753e-05 1.20579e-05 
4.68188e-05 4.89319e-05 3.00324e-05 3.16543e-05 3.94979e-05 0.000158694 0.000154505 0.000129249 8.68506e-05 1.83525e-05 1.44902e-05 3.01907e-05 6.39651e-06 4.91792e-06 6.28229e-06 1.15865e-05 
0.000141997 4.55416e-05 2.90721e-05 2.98107e-05 0.000111798 9.81254e-05 0.000168522 6.87396e-05 0.000143163 3.78709e-05 1.31631e-05 1.97322e-05 9.9394e-06 6.17273e-06 4.65623e-06 3.32611e-05 
6.77625e-05 3.60666e-05 0.000113996 4.53387e-05 3.99761e-05 3.08051e-05 2.7791e-05 3.97393e-05 0.000150258 2.34647e-05 0.000146031 3.65113e-05 3.99604e-05 9.40874e-06 7.04273e-06 6.2092e-06 
