9.7608e-06 0.000104247 0.000111674 1.32765e-05 8.61568e-06 0.000148344 0.000261907 1.67784e-05 9.60203e-06 1.2361e-05 0.000116821 1.44431e-05 8.13928e-06 0.000218096 2.87794e-05 5.9523e-05 
1.43799e-05 1.03243e-05 2.27943e-05 5.57728e-05 9.75857e-05 7.07133e-06 8.39646e-06 0.000145008 0.000201682 8.19968e-06 1.36631e-05 0.000157354 2.70057e-05 1.03267e-05 1.14175e-05 7.28965e-05 
1.5918e-05 9.11521e-06 4.83915e-06 5.9765e-06 0.000111794 1.12e-05 6.68839e-06 8.66661e-06 1.81484e-05 1.01551e-05 7.21342e-06 1.01017e-05 2.88837e-05 1.25017e-05 8.3761e-06 8.24087e-06 
1.03901e-05 1.89805e-05 8.05017e-06 4.38145e-06 8.09996e-05 0.000162676 1.2535e-05 7.10022e-06 1.01056e-05 0.000210008 0.000127282 9.67877e-06 0.000115226 0.000130592 1.0186e-05 1.04074e-05 
6.47608e-05 0.000231706 8.04191e-05 1.24033e-05 5.34517e-06 0.000145582 2.15112e-05 0.000318389 7.93968e-06 2.35831e-05 0.000237434 1.84692e-05 1.00519e-05 1.6592e-05 0.000108341 9.27543e-05 
0.000208074 1.84375e-05 5.94401e-05 0.000164082 1.03932e-05 5.85914e-06 8.16919e-06 0.000106099 1.39101e-05 5.57779e-06 8.56754e-06 9.20252e-05 2.40316e-05 1.0675e-05 1.69129e-05 9.70384e-05 
1.66668e-05 7.64822e-06 4.93657e-06 6.91874e-06 2.64927e-05 6.53055e-06 4.90795e-06 6.90778e-06 0.000110541 6.89631e-06 4.57579e-06 9.07844e-06 0.000132736 9.84249e-06 8.74605e-06 1.11848e-05 
1.01443e-05 1.45298e-05 1.13866e-05 4.48821e-06 1.15334e-05 0.000105962 9.61293e-06 6.00274e-06 1.06922e-05 0.000187515 3.40277e-05 9.10787e-06 0.00010536 0.000162498 1.56343e-05 9.2858e-06 
2.24101e-05 7.96392e-05 0.000150193 3.47805e-05 4.6061e-06 2.65492e-05 4.27228e-05 1.67075e-05 7.07443e-06 1.92086e-05 0.000143214 2.02555e-05 9.56474e-06 4.57915e-05 4.10504e-05 3.10576e-05 
0.000131121 8.81379e-06 1.44512e-05 0.000138253 1.46202e-05 7.03269e-06 8.06291e-06 8.3885e-05 0.000221044 4.63258e-06 6.65479e-06 1.47314e-05 1.30062e-05 1.28437e-05 1.72329e-05 2.0772e-05 
1.24986e-05 1.0427e-05 5.8128e-06 8.749e-06 0.000104517 7.77327e-06 5.74439e-06 1.13755e-05 0.000180986 6.09498e-06 4.10603e-06 9.31984e-06 7.14484e-05 1.11313e-05 8.53518e-06 8.75275e-06 
7.92707e-06 2.58931e-05 1.55727e-05 6.10067e-06 0.000158526 0.000131444 3.89589e-05 1.03122e-05 1.94745e-05 0.00014909 1.68634e-05 1.08392e-05 0.000137737 2.55444e-05 1.21406e-05 1.207e-05 
1.07441e-05 6.63539e-05 3.69163e-05 0.00025203 1.08512e-05 1.33798e-05 1.76349e-05 8.82342e-05 8.85599e-06 1.10767e-05 4.26299e-05 0.000114407 5.65701e-06 1.25188e-05 1.63647e-05 0.000186607 
0.000199885 1.322e-05 4.20753e-05 0.000260178 1.11733e-05 8.3777e-06 8.88211e-06 0.000141179 1.02546e-05 6.48211e-06 9.56136e-06 8.91289e-05 1.01189e-05 5.20661e-06 8.96003e-06 1.54022e-05 
8.58663e-06 1.13672e-05 8.75511e-06 8.95688e-06 0.000233306 9.50805e-06 7.44564e-06 9.01845e-06 1.98699e-05 8.40027e-06 8.00826e-06 1.02253e-05 2.23702e-05 8.21684e-06 5.37092e-06 7.27764e-06 
6.03903e-06 0.000118396 1.68299e-05 1.07725e-05 4.57583e-05 1.72204e-05 1.38529e-05 1.56659e-05 3.13967e-05 0.000177492 3.2315e-05 1.38118e-05 0.000188284 0.000130633 8.38728e-06 8.10498e-06 
