9.6284e-18 1.38517e-05 5.64686e-05 6.92405e-05 0.000455592 6.14707e-05 4.30381e-05 3.33104e-05 4.59132e-05 4.1631e-05 0.000171157 3.96457e-05 1.93336e-05 0.000193871 5.08792e-05 9.14273e-06 
1.44722e-05 1.66997e-17 1.05794e-05 1.50639e-05 0.000144745 7.82581e-05 7.15104e-05 8.9824e-05 0.000117092 3.42618e-05 0.000117719 5.82689e-05 3.55612e-05 0.000112755 0.000257026 1.71868e-05 
0.000128767 1.13779e-05 1.64214e-17 7.25951e-06 6.32806e-05 0.000395219 0.000337903 0.000295727 7.38215e-05 3.90323e-05 5.29221e-05 6.82933e-05 1.25854e-05 3.55238e-05 0.000256759 0.000103244 
2.98105e-05 1.25178e-05 6.74863e-06 2.13148e-17 9.80483e-05 0.000302459 0.000130166 9.21645e-05 0.000123488 3.34336e-05 7.48357e-05 0.000165855 1.91248e-05 3.9142e-05 0.000159514 4.32778e-05 
0.000455592 0.000167417 7.34339e-05 0.000117043 1.8413e-17 0.000119331 0.000441075 0.000361049 0.000341934 4.02961e-05 3.16648e-05 0.000115662 0.00091923 6.85265e-05 0.000189617 8.67632e-05 
0.000154431 7.76045e-05 0.000288207 0.000292013 8.57998e-05 1.35446e-17 6.05438e-06 1.318e-05 2.64069e-05 0.000126218 0.000151468 3.25487e-05 2.96769e-05 0.000207806 3.5683e-05 6.84673e-05 
3.18738e-05 0.000128994 0.00035269 0.000352003 0.000226546 5.96099e-06 1.36528e-17 6.26978e-06 9.46614e-06 0.000101409 0.000136118 3.1457e-05 0.000306821 8.58405e-05 6.18447e-05 8.45426e-05 
3.58742e-05 5.85689e-05 9.79597e-05 8.72495e-05 0.000361049 1.55245e-05 6.80759e-06 1.62271e-17 6.51785e-06 5.84142e-05 0.000318473 4.01295e-05 3.52976e-05 0.000143215 5.73238e-05 4.57899e-05 
6.78429e-05 0.000106084 6.52351e-05 6.1815e-05 0.000341934 2.96795e-05 9.57175e-06 6.85729e-06 1.0822e-17 9.4476e-06 0.000214078 5.60829e-05 3.26387e-05 5.98262e-05 6.30852e-05 5.1685e-05 
8.91097e-05 4.65478e-05 4.2755e-05 6.03691e-05 4.71407e-05 0.000120858 9.18598e-05 3.47119e-05 1.04455e-05 1.96442e-17 8.46243e-06 0.000114425 2.66148e-05 2.22189e-05 0.000104506 0.000137843 
0.000115855 0.000282897 4.58856e-05 8.45617e-05 2.85246e-05 0.000130815 0.000122112 0.000174618 0.000218275 9.20163e-06 6.16207e-18 2.09855e-05 9.97887e-05 1.559e-05 2.60764e-05 4.12239e-05 
4.62504e-05 5.78336e-05 6.31011e-05 9.60399e-05 4.13143e-05 2.68283e-05 3.18312e-05 3.12625e-05 5.45814e-05 6.68049e-05 4.90228e-05 1.20682e-17 2.13278e-05 5.26509e-05 1.44824e-05 1.78427e-05 
0.000128666 3.05223e-05 1.7047e-05 2.43142e-05 0.00091923 0.00024739 3.00025e-05 2.95866e-05 7.40713e-05 3.44331e-05 0.000126045 1.24891e-05 1.05035e-17 6.65137e-06 6.55107e-06 1.70434e-05 
5.17497e-05 6.30893e-05 2.9289e-05 4.09184e-05 8.05037e-05 7.84775e-05 7.71916e-05 0.000126408 8.42583e-05 2.64316e-05 1.50478e-05 5.36997e-05 6.43736e-06 1.35654e-17 6.30092e-06 1.54301e-05 
4.3469e-05 0.000211512 6.07504e-05 0.00011617 6.81252e-05 3.80005e-05 5.78835e-05 0.000103834 5.54312e-05 0.000135008 1.27758e-05 2.26582e-05 7.73423e-06 5.67406e-06 1.4524e-17 1.00416e-05 
9.45735e-06 2.55608e-05 0.00021831 0.000108909 0.000144236 5.8983e-05 3.11059e-05 4.99004e-05 7.97719e-05 0.000118152 1.67778e-05 1.90661e-05 2.41405e-05 1.17686e-05 1.19292e-05 1.01635e-17 
