3.54336e-06 1.86842e-05 5.41852e-05 1.12513e-05 1.9405e-05 0.000253139 0.000205073 1.57476e-05 1.05289e-05 1.29007e-05 0.000102285 1.46647e-05 1.06116e-05 0.000162472 2.13302e-05 9.80196e-06 
1.48843e-05 7.52705e-06 1.15317e-05 2.11029e-05 0.000233799 6.74574e-06 1.02727e-05 1.76105e-05 0.000204087 1.03836e-05 1.28104e-05 6.53085e-05 9.46763e-05 5.01222e-05 1.65509e-05 2.10569e-05 
0.000192046 9.32579e-06 3.97758e-06 6.69748e-06 5.62647e-05 8.69173e-06 5.90471e-06 9.71647e-06 0.000164723 9.43606e-05 1.18241e-05 8.52544e-06 3.13713e-05 1.92009e-05 9.89707e-06 1.19056e-05 
2.302e-05 5.7377e-05 1.7468e-05 5.78976e-06 1.31656e-05 9.72653e-05 1.19648e-05 4.42632e-06 8.83241e-06 0.000323252 0.000175084 1.18963e-05 0.000233238 0.000194579 6.71405e-05 1.62299e-05 
1.89222e-05 8.62381e-05 4.21846e-05 8.27336e-05 5.28487e-06 0.000156273 2.53892e-05 1.60541e-05 6.33181e-06 1.2517e-05 0.000144917 0.000193392 1.6743e-05 2.46835e-05 4.45381e-05 8.62522e-05 
1.27824e-05 5.75273e-06 7.553e-06 0.000177918 3.61636e-05 4.27219e-06 6.74249e-06 1.3334e-05 1.98113e-05 3.37987e-06 5.80474e-06 1.30559e-05 2.11737e-05 1.80502e-05 1.1486e-05 1.36137e-05 
3.22571e-05 7.75427e-06 4.17966e-06 6.40061e-06 0.000129486 6.2248e-06 3.80087e-06 7.84318e-06 5.74771e-05 6.41353e-06 3.04574e-06 1.20473e-05 0.000234172 1.19595e-05 9.17275e-06 1.21013e-05 
2.14964e-05 2.74891e-05 1.53517e-05 9.40379e-06 1.81887e-05 0.000120381 1.22343e-05 5.42453e-06 1.13828e-05 0.000155725 6.83484e-05 9.40918e-06 0.000220846 3.41948e-05 1.71791e-05 2.04046e-05 
9.71939e-05 0.000113635 0.000152204 1.42015e-05 4.63611e-06 7.90143e-05 2.25755e-05 2.12091e-05 5.78791e-06 1.0758e-05 0.000233834 2.36476e-05 2.01329e-05 2.36445e-05 0.000127383 0.000269635 
0.000204482 1.37089e-05 3.90202e-05 8.61143e-05 1.23927e-05 5.3276e-06 7.6236e-06 0.000146122 1.8939e-05 3.66598e-06 8.41205e-06 2.53216e-05 0.00015944 1.31055e-05 2.67255e-05 2.88897e-05 
1.7648e-05 1.09209e-05 1.00261e-05 8.79246e-05 0.000164906 8.07804e-06 5.72135e-06 1.88661e-05 0.000302427 7.71292e-06 2.83953e-06 1.10309e-05 0.000145556 2.11765e-05 1.30987e-05 1.51046e-05 
2.14372e-05 0.000149327 2.31553e-05 1.11504e-05 0.000199805 2.81446e-05 2.25343e-05 1.40892e-05 0.000166907 0.000205702 2.71321e-05 5.24694e-06 1.43764e-05 0.000169919 3.5197e-05 1.86872e-05 
1.31745e-05 2.51931e-05 0.000104248 1.95365e-05 1.09635e-05 1.21816e-05 1.63343e-05 7.32998e-05 1.24538e-05 9.57963e-06 0.000231242 2.56456e-05 4.17749e-06 7.5928e-06 1.15413e-05 3.71827e-05 
0.000119547 1.34304e-05 2.03205e-05 7.276e-05 1.05149e-05 8.39911e-06 1.07777e-05 0.000183268 1.5099e-05 1.23496e-05 1.86133e-05 7.07047e-05 9.94221e-06 4.93272e-06 7.36973e-06 3.70846e-05 
1.04604e-05 1.40134e-05 1.81884e-05 1.18142e-05 1.15258e-05 1.02826e-05 9.2797e-06 1.36789e-05 2.68264e-05 2.87129e-05 1.42252e-05 2.09356e-05 8.4604e-06 6.46172e-06 3.64229e-06 6.23462e-06 
6.80762e-06 2.46163e-05 1.99991e-05 1.06615e-05 0.000203177 2.89536e-05 1.5618e-05 1.88391e-05 5.74329e-05 0.00017459 3.88527e-05 3.44845e-05 0.000127182 0.000200409 6.26157e-06 3.89719e-06 
