0.00198921 0.000105209 0.000146612 9.82303e-05 0.000109005 0.00207408 0.00021838 0.000127674 
0.000307749 9.84049e-05 0.000155727 0.000144077 0.000118016 0.00016501 8.77482e-05 0.000260892 
0.0032726 0.000346106 0.00011281 0.000121275 0.000108383 0.000142925 0.000143137 0.00011336 
9.98257e-05 0.000121674 0.000108656 0.000205274 0.000115035 0.000143228 0.000124125 0.00308426 
0.000373741 0.000129062 0.00172651 0.000118379 0.00025216 0.000199263 6.65398e-05 0.000275904 
0.00305092 0.000119251 0.000103526 0.00113314 0.000158065 0.000146426 0.000115209 3.94738e-05 
0.00242017 0.00011474 8.97199e-05 0.000229536 0.000197821 0.000129383 4.2823e-05 0.00094726 
0.00152888 0.000114136 0.000129247 8.73457e-05 0.000106344 0.000252856 3.90235e-05 0.000563329 
0.000140996 0.000104162 0.000115892 0.000178455 0.000117297 0.000239182 9.64875e-05 0.000273685 
0.000172132 0.000143705 0.000195772 0.000161235 0.000112308 0.000196267 0.000204412 6.33612e-05 
0.000302262 0.000110196 0.000216346 0.000156897 0.000175048 0.000117273 0.000192799 0.000371964 
0.000412113 0.000112233 0.000101518 0.0001047 0.000143852 0.0002352 5.45768e-05 0.000501026 
0.000311491 0.000106751 9.34171e-05 0.000156061 0.000111276 0.000269199 0.000226918 0.000803421 
0.000160359 0.000119685 0.00011662 0.000175644 0.000119824 0.00017042 6.83427e-05 0.000135268 
0.000699243 0.000134076 0.000122469 0.000131745 0.00021999 0.000166435 0.000169593 0.00214021 
0.000236965 0.000124707 0.000171249 0.000100692 0.00116019 0.00015137 4.51318e-05 0.00312328 
