4.47069e-05 6.28611e-05 7.09756e-05 8.27344e-05 6.51898e-05 0.00011398 0.00018021 6.45466e-05 6.00352e-05 3.55672e-05 0.000137797 4.45314e-05 1.26934e-05 5.23193e-05 0.000238082 6.02473e-05 
8.10386e-05 7.79788e-05 8.06221e-05 7.20933e-05 0.000132351 7.94123e-05 6.31277e-05 0.000139495 0.000115827 0.000113675 7.85089e-05 5.52113e-05 2.13451e-05 4.13769e-05 4.87978e-05 8.45406e-05 
0.000105719 7.44248e-05 9.854e-05 0.000106591 7.74993e-05 0.000129773 0.000107889 0.000237983 7.62627e-05 9.58083e-05 6.09029e-05 7.85975e-05 2.744e-05 8.58257e-05 8.98752e-05 5.98467e-05 
0.000124299 0.000127198 0.000155047 0.000152196 0.000128175 0.000112836 0.000125935 0.000146493 0.000142895 4.53241e-05 0.00012251 0.000150894 0.00012212 8.85452e-05 0.000124256 0.000216896 
0.000146753 0.000147976 0.000807879 0.00116638 0.000147775 0.000276088 0.000151474 0.000269419 0.000134081 8.46752e-05 6.23613e-05 0.000116908 7.77029e-05 0.000123316 0.000105135 0.000237731 
6.93469e-05 0.000117418 0.000118579 8.32952e-05 7.48952e-05 9.19731e-05 0.000129489 7.44599e-05 8.10798e-05 0.000130937 8.64222e-05 4.7005e-05 0.000206343 8.28384e-05 6.63917e-05 7.40286e-05 
0.000103788 0.000218825 0.000182233 0.000116247 0.000194164 0.000101933 9.11711e-05 8.84795e-05 8.6481e-05 0.000155283 0.000149849 5.99342e-05 0.000177003 8.81016e-05 0.000101194 3.38619e-05 
8.83389e-05 0.000103149 0.000110041 0.000117779 0.000179417 6.6412e-05 6.46984e-05 6.77923e-05 4.46326e-05 7.75045e-05 0.000191167 2.92657e-05 0.000116587 8.72359e-05 5.41498e-05 8.35771e-05 
0.000113007 6.59363e-05 0.000212944 9.38656e-05 0.000146798 6.47217e-05 2.31812e-05 2.00792e-05 2.56586e-05 7.50383e-05 0.000275489 5.71677e-05 1.46789e-05 0.000225709 8.79746e-05 2.81084e-05 
0.00016671 7.47436e-05 6.00306e-05 9.97521e-05 8.62817e-05 0.000104834 0.0001963 0.000120726 0.000129499 8.65618e-06 1.31983e-05 0.000238399 1.31635e-05 2.62221e-05 0.000149165 0.000148679 
8.92656e-05 0.000306476 0.00010116 4.90663e-05 8.14906e-05 0.000115946 0.000114814 0.000145322 0.000195017 1.02605e-05 3.93799e-06 2.59648e-05 2.92223e-05 2.23502e-05 8.83811e-06 1.98661e-05 
0.000114751 0.000105229 0.000169507 6.51377e-05 3.5118e-05 6.48085e-05 0.00011136 0.000150826 0.000168649 6.38182e-05 2.9811e-05 5.85305e-06 1.42609e-05 1.83202e-05 2.16925e-05 1.57016e-05 
2.30035e-05 1.45349e-05 1.15854e-05 1.74263e-05 8.83641e-05 0.000333044 2.56497e-05 1.45183e-05 1.81568e-05 1.43073e-05 1.19485e-05 1.36476e-05 2.86632e-06 6.77904e-06 7.4152e-06 0.000156152 
0.000127297 3.64513e-05 4.75829e-05 2.93743e-05 0.000105137 5.23197e-05 0.000149964 9.21306e-05 0.000146353 1.7112e-05 1.3935e-05 8.27209e-05 6.68448e-06 3.42129e-06 5.90357e-06 1.15356e-05 
7.80521e-05 0.000190901 2.34131e-05 2.69119e-05 0.000135204 8.71578e-05 9.39246e-05 0.000175813 9.71946e-05 6.39743e-05 1.65235e-05 2.07251e-05 9.12982e-06 5.44228e-06 2.03406e-05 1.51397e-05 
8.69864e-05 8.08772e-05 0.000119106 0.000160556 5.95024e-05 4.65169e-05 8.72542e-05 0.00011336 8.20932e-05 0.000118149 5.18406e-05 1.82503e-05 1.5061e-05 1.4867e-05 2.66328e-05 1.5896e-05 
