0.000119885 0.00143161 0.000132997 5.68489e-05 0.000162975 0.000167742 0.000186261 0.00019462 
0.000170899 0.000116299 0.000241351 0.000222633 0.000105532 0.000140576 0.00249544 0.000118051 
0.000123735 0.000151366 0.000159628 0.000230114 0.000200461 0.000640805 0.000145505 0.000140456 
0.00441793 0.00392511 0.00111272 0.000167532 5.29972e-05 0.000150559 0.000267421 0.00371692 
0.00402714 0.00436174 0.00222069 0.000533562 0.000313284 0.000328102 0.000629296 0.0023395 
0.00384938 0.00401174 0.000186265 0.000158959 0.000150642 0.000282516 0.000376787 0.00130745 
0.000216669 0.00399697 0.00018184 0.00026465 0.000135931 0.000138523 0.000183966 0.000273555 
0.000219 0.00401509 0.00394728 0.000126212 0.000154778 0.000295233 0.000197107 0.000669946 
0.000178684 0.00403658 0.004079 0.000221949 0.00118702 0.000372625 0.000223494 0.000435774 
0.00112855 0.00297064 0.00350235 0.00322193 0.00205292 0.000826096 0.000126069 0.000140875 
0.00052575 0.000116715 0.00289627 0.00362016 0.000119458 0.00146781 0.00052899 0.000149658 
0.000393808 5.60541e-05 5.90404e-05 0.00300162 0.000215849 0.00278648 0.000155642 0.000154082 
0.000148862 4.37704e-05 9.53246e-05 0.000212448 0.000219914 0.000226307 0.000189993 0.000775658 
0.000157284 0.000165369 0.000701385 0.000162936 0.000132899 8.91926e-05 8.69569e-05 0.000131333 
0.00140148 9.68257e-05 0.000212984 0.00014857 0.000100968 0.000104603 0.000135285 0.00251746 
0.000102954 0.000199594 0.000171617 0.000122585 0.000106626 0.000181718 0.000188337 0.000203822 
