1.12032e-17 1.32743e-05 0.000117177 0.000120392 0.00019758 9.28526e-05 0.000134329 0.000112654 0.000193359 7.56045e-05 0.000179436 0.000159398 1.93732e-05 4.55151e-05 4.15635e-05 1.24006e-05 
1.99441e-05 1.51006e-17 8.19162e-06 1.69455e-05 0.000139451 0.000205544 0.000172901 0.000230196 7.56008e-05 0.000121052 8.80273e-05 0.00015903 2.83171e-05 4.365e-05 0.000209172 0.000119129 
0.000104202 8.25298e-06 1.48741e-17 9.07532e-06 0.00016043 0.000203249 0.000214803 0.000200765 0.00010333 7.87834e-05 6.07831e-05 0.000121277 3.21397e-05 3.82333e-05 0.000271966 0.000202389 
0.000119669 1.28351e-05 8.91656e-06 1.3587e-17 0.000101167 0.000155832 0.000172418 0.000214613 0.000203315 0.000130412 5.31394e-05 0.000113124 9.01695e-05 5.34913e-05 6.31206e-05 0.00016958 
0.000180779 0.000229535 0.000154802 9.69597e-05 1.49127e-17 3.89028e-05 6.84367e-05 0.000346009 0.000229513 0.000211915 0.000103624 0.000120243 8.95052e-05 0.00017207 0.000100204 0.000307017 
0.000132053 0.000221626 0.00018785 0.000237704 5.38071e-05 1.5114e-17 6.7187e-06 9.2639e-06 1.64689e-05 0.0001844 0.000117089 5.61579e-05 0.00011513 0.000120952 0.00014262 4.6445e-05 
0.000144821 0.000217707 0.000190555 0.000163599 5.86032e-05 6.28944e-06 1.167e-17 7.71156e-06 1.58579e-05 0.000185162 0.00012888 7.61937e-05 0.000271217 0.000105894 6.58621e-05 9.05834e-05 
0.000159332 9.7717e-05 0.000185055 0.00021024 0.00022873 1.03646e-05 6.8908e-06 1.34594e-17 8.09645e-06 0.000101082 0.000118336 5.46425e-05 0.00012571 7.71282e-05 0.000163798 7.59653e-05 
6.36321e-05 8.94527e-05 0.000137204 0.000169627 0.00019203 1.54777e-05 1.63516e-05 7.65784e-06 1.47204e-17 1.43688e-05 9.80347e-05 7.5815e-05 1.31596e-05 0.000199184 0.000202325 0.00015519 
0.000183204 0.000114419 0.000160435 9.06356e-05 0.000342795 0.000206454 0.000181269 9.18135e-05 1.43205e-05 8.85655e-18 1.04201e-05 0.000211386 9.6621e-06 2.30222e-05 0.000207695 0.000233629 
0.000177274 5.75596e-05 7.40739e-05 4.68223e-05 8.33099e-05 0.000134968 0.000122763 0.000130769 0.000138359 9.68234e-06 1.02902e-17 2.26783e-05 2.3192e-05 1.81099e-05 1.42077e-05 0.000105689 
0.00019093 9.73717e-05 0.000122913 0.000124492 0.00011799 6.19475e-05 4.86605e-05 5.70977e-05 0.000108868 5.72598e-05 2.55239e-05 9.67549e-18 1.68221e-05 5.10817e-05 6.41743e-05 7.98735e-05 
1.48734e-05 6.28491e-05 4.29305e-05 0.000113906 8.97939e-05 0.000412818 0.000157623 0.000115935 1.5362e-05 9.17807e-06 1.02934e-05 1.72837e-05 1.08424e-17 6.22192e-06 8.76716e-06 2.43361e-05 
6.21829e-05 3.25401e-05 4.24952e-05 7.9216e-05 0.000111177 0.000166127 0.000121675 0.000169564 0.000137658 2.70416e-05 2.25904e-05 0.000171114 5.90714e-06 1.65899e-17 6.14904e-06 1.60443e-05 
3.65525e-05 0.000133446 0.000113204 0.000219447 0.000109561 0.000106926 6.99935e-05 0.000148741 0.000217998 0.000211685 1.36988e-05 1.90148e-05 7.29847e-06 5.68122e-06 9.42111e-18 1.04969e-05 
1.11791e-05 0.000104293 0.000228506 0.000187412 0.000222932 4.31542e-05 5.26111e-05 6.44431e-05 8.4332e-05 0.000110604 3.07468e-05 1.88742e-05 2.13659e-05 1.65331e-05 1.05506e-05 9.98766e-18 
