7.19267e-06 0.000162959 0.000168612 7.13813e-05 2.73944e-05 0.000138929 0.000147472 0.000140458 1.06951e-05 5.56134e-05 0.000212539 0.000100405 1.0627e-05 5.69253e-05 8.28254e-05 4.61453e-05 
1.37687e-05 0.000115714 0.000165728 0.000114113 0.000164206 8.60889e-05 0.000103804 0.000179361 4.32228e-05 2.81521e-05 6.89442e-05 0.000100758 1.47452e-05 3.07487e-05 4.67077e-05 5.92328e-05 
3.03687e-05 9.79486e-05 0.000115946 0.000162879 0.000118911 8.11238e-05 9.58523e-05 0.000176865 3.99237e-05 4.12922e-05 7.72237e-05 9.60887e-05 1.53572e-05 6.23178e-05 7.6787e-05 0.000101079 
0.000151174 9.65595e-05 0.000184974 0.000118855 0.00102502 0.00030949 7.40164e-05 0.000128043 0.000142922 5.48751e-05 9.02982e-05 0.00012547 0.00025716 7.20771e-05 0.000131486 0.000109077 
0.000113902 7.55178e-05 0.00010602 0.000107528 6.93815e-05 0.000160103 0.000107236 0.000109187 6.97644e-05 8.11705e-05 0.000115646 0.000242685 9.23586e-05 0.000123599 0.000114163 0.000110594 
1.42366e-05 9.39997e-05 4.81663e-05 2.52554e-05 0.000201413 0.000113968 0.000115406 2.07828e-05 0.000128261 0.000137786 0.000108135 1.871e-05 0.000380016 9.96862e-05 5.91693e-05 3.45023e-05 
1.70559e-05 0.00012133 5.67494e-05 1.77566e-05 3.16594e-05 0.000179689 9.48387e-05 1.8634e-05 0.00074663 0.000145938 9.19168e-05 1.6193e-05 2.58558e-05 0.000169369 8.65955e-05 2.65286e-05 
1.76614e-05 0.000117931 0.000106058 1.80245e-05 7.37904e-05 0.000124406 0.000101104 1.94416e-05 7.75161e-06 0.000217645 0.000132441 2.24839e-05 3.25857e-05 0.000151909 6.89374e-05 4.42794e-05 
4.39984e-05 0.000259256 9.16126e-05 0.000144438 6.82656e-06 0.000117341 0.000271985 0.000113552 5.18832e-06 0.00018025 0.000175399 7.3559e-05 0.000193743 0.00022462 0.000160766 8.87965e-05 
8.41231e-05 2.19398e-05 3.78985e-05 0.000263221 1.13189e-05 1.74143e-05 3.02264e-05 0.000179236 1.66525e-05 4.38204e-06 1.20719e-05 0.000110189 9.30159e-06 1.55817e-05 3.51336e-05 0.000140957 
0.000136445 1.084e-05 1.47955e-05 2.35666e-05 0.000249998 8.13116e-06 4.52108e-06 0.000162468 6.79609e-05 7.78716e-06 3.06166e-06 1.42979e-05 0.000113006 1.45174e-05 1.25286e-05 1.80711e-05 
5.15832e-05 2.09794e-05 1.6257e-05 1.00113e-05 3.27702e-05 2.41267e-05 1.90001e-05 9.04704e-06 9.02115e-05 2.48078e-05 2.38559e-05 5.2705e-06 1.19591e-05 0.000102075 2.52598e-05 1.3824e-05 
0.000179622 5.50957e-05 0.000105383 4.99057e-05 8.91783e-06 2.41759e-05 2.38369e-05 0.00025343 1.33664e-05 1.17398e-05 2.68848e-05 4.59882e-05 4.76196e-06 7.27387e-06 9.52526e-06 0.000120752 
0.000143604 1.89831e-05 2.72016e-05 4.34228e-05 1.29966e-05 1.57189e-05 1.32187e-05 0.000133845 1.47969e-05 1.22219e-05 1.73548e-05 0.000157376 7.69341e-06 4.96585e-06 7.25193e-06 1.31594e-05 
7.98208e-06 1.78275e-05 1.30688e-05 2.17707e-05 1.76965e-05 2.31721e-05 1.33782e-05 2.4499e-05 0.000155111 2.43403e-05 1.28992e-05 4.18633e-05 1.36454e-05 6.61036e-06 4.85271e-06 6.17237e-06 
6.357e-06 0.00023532 6.22721e-05 2.17563e-05 4.57364e-05 0.000138339 0.000103461 2.47483e-05 2.44334e-05 0.000170034 0.000165369 1.80621e-05 1.67414e-05 1.82201e-05 1.4061e-05 6.27444e-06 
