6.30872e-06 9.47669e-05 0.000160053 0.000133854 1.15279e-05 7.63378e-05 0.00014299 0.000183677 1.53096e-05 0.000204763 0.00023011 7.95833e-05 1.10389e-05 8.87206e-05 0.000122731 5.41553e-05 
1.17766e-05 3.53851e-05 0.000104969 0.000115198 4.31226e-05 2.84851e-05 7.66598e-05 0.000193068 3.88575e-05 8.24691e-05 0.000104813 9.40794e-05 1.32717e-05 3.43915e-05 7.87029e-05 5.89438e-05 
2.39106e-05 5.35348e-05 0.000126003 0.000140311 2.6185e-05 4.23808e-05 0.000120215 0.000138194 3.27659e-05 7.50466e-05 9.92075e-05 0.000116714 3.23832e-05 5.62873e-05 0.00011345 0.00020784 
7.32335e-05 6.60055e-05 0.000149153 0.000143435 0.000147041 5.82717e-05 0.000278943 0.000139995 0.000178701 0.000136624 0.000115078 0.000153656 0.000124613 5.51835e-05 7.04643e-05 0.000160399 
5.19736e-05 0.000133056 0.000107285 0.000137658 8.33489e-05 0.000131673 6.76581e-05 0.000123606 6.72723e-05 0.000112197 0.000101224 0.000120748 9.73325e-05 9.23117e-05 0.0001231 0.00010306 
7.15638e-05 0.000107186 9.69048e-05 6.04731e-05 0.000216182 0.000176953 9.01176e-05 5.42806e-05 0.000260803 0.000123105 8.44381e-05 5.01589e-05 0.000148482 0.000189964 0.000102269 2.47979e-05 
6.1423e-05 0.000100756 7.24025e-05 6.033e-05 1.53407e-05 0.000180899 0.000100805 4.37408e-05 3.94278e-05 8.78511e-05 0.000121193 5.2467e-05 0.000130179 0.000124431 9.54656e-05 1.70627e-05 
4.10329e-05 0.000156804 7.27245e-05 3.8656e-05 1.48753e-05 0.000151017 7.87027e-05 5.35603e-05 1.13858e-05 0.00020648 0.000103332 4.37099e-05 2.51345e-05 0.000174284 0.000128589 1.76331e-05 
8.64807e-06 0.000221405 9.76354e-05 5.57834e-05 6.29811e-06 0.000101577 0.000155165 0.000158863 7.37018e-06 0.000152185 9.62174e-05 5.7446e-05 1.5271e-05 0.000164501 8.70405e-05 5.23434e-05 
1.32255e-05 1.19394e-05 6.89735e-05 0.000215434 1.02627e-05 8.12695e-06 4.18501e-05 0.00013218 1.10097e-05 1.06303e-05 2.58379e-05 0.000235841 1.20699e-05 1.73748e-05 6.75388e-05 0.000182318 
5.73188e-05 1.30912e-05 7.45341e-06 2.36634e-05 0.000151958 7.7626e-06 4.58683e-06 1.67189e-05 0.000147916 6.25407e-06 4.33395e-06 1.24139e-05 1.95971e-05 9.21074e-06 7.44639e-06 1.84847e-05 
2.1327e-05 2.40524e-05 1.52401e-05 1.35966e-05 2.28614e-05 3.08239e-05 1.25403e-05 1.27404e-05 0.000104615 2.59761e-05 1.29736e-05 1.06295e-05 1.26163e-05 2.28064e-05 1.23215e-05 1.35369e-05 
1.27112e-05 9.71934e-06 1.27622e-05 0.000314368 1.35941e-05 1.17885e-05 1.1844e-05 0.000105647 9.38269e-06 7.90784e-06 1.22145e-05 3.43204e-05 4.91223e-06 8.12285e-06 7.72707e-06 0.000140598 
6.20966e-05 1.24909e-05 1.15733e-05 1.90737e-05 1.63868e-05 9.34654e-06 8.80811e-06 5.86758e-05 1.72783e-05 9.51839e-06 9.37478e-06 1.7092e-05 8.72188e-06 6.69798e-06 7.67892e-06 9.25431e-05 
2.31431e-05 1.01318e-05 9.87582e-06 2.74971e-05 1.71941e-05 1.62028e-05 1.32795e-05 1.40405e-05 0.000195652 1.55123e-05 1.02016e-05 1.06879e-05 1.30134e-05 7.97468e-06 6.19347e-06 7.73868e-06 
2.26154e-05 0.000204431 3.14722e-05 2.85151e-05 0.000195601 9.09663e-05 3.50619e-05 2.20673e-05 0.00027499 4.22032e-05 2.33467e-05 9.35133e-06 3.3273e-05 6.79247e-05 2.9454e-05 6.79269e-06 
