4.88054e-06 1.32969e-05 2.70428e-05 0.000103716 0.000102977 3.45322e-05 4.52105e-05 1.51463e-05 1.98289e-05 7.68949e-05 6.78224e-05 0.000150523 8.23913e-06 9.7129e-06 1.07966e-05 9.52442e-06 
0.000163985 0.000160936 0.000108586 0.000128239 0.000123607 0.000121177 0.000128857 0.00021491 0.000219121 6.92179e-05 3.24297e-05 0.000175587 0.000155347 8.09803e-05 0.000152466 0.000193724 
9.85378e-05 0.000267213 8.5114e-05 8.17394e-05 0.000113547 7.81681e-05 0.000103567 8.76695e-05 0.000131118 0.000222024 5.19525e-05 6.98171e-05 5.17796e-05 5.59717e-05 6.63285e-05 0.000174168 
8.0375e-05 0.000110987 0.000164394 8.47169e-05 6.18243e-05 7.64373e-05 0.000134231 0.000111895 0.000127867 0.000125641 0.00010359 7.92304e-05 0.000146278 0.000136636 5.98688e-05 7.63138e-05 
5.66739e-05 7.81274e-05 0.000158763 0.000127328 5.75487e-05 0.000166569 0.000141296 0.000100043 0.000214083 5.6515e-05 0.000137424 5.62622e-05 6.37627e-05 0.000127654 7.31031e-05 8.63537e-05 
0.000113192 7.62385e-05 0.000109572 9.22266e-05 8.33544e-05 0.000103689 0.000103565 8.99111e-05 0.000118844 0.000124474 6.3547e-05 5.08817e-05 5.89647e-05 6.71556e-05 0.000127223 0.00011187 
0.000187637 0.000100069 0.000110111 7.22225e-05 9.01503e-05 7.76226e-05 0.00015871 0.00013391 9.29965e-05 6.47077e-05 4.12076e-05 3.40136e-05 0.000143443 2.53831e-05 0.000104244 0.000122037 
0.000143516 0.000111843 0.000129715 0.000168513 0.000116362 0.000101159 0.000131465 0.000137438 0.000223115 0.000129579 0.000148643 6.11223e-05 0.000204974 0.000125749 4.85712e-05 0.000103298 
8.03479e-06 3.97368e-05 3.68939e-05 0.000184758 9.03792e-05 1.4651e-05 3.53595e-05 1.15497e-05 6.13127e-06 8.87012e-06 0.000142394 8.88056e-05 1.13528e-05 1.56576e-05 5.95977e-05 0.000251034 
0.000127695 3.31694e-05 6.05819e-05 7.8566e-05 0.000127409 0.000132678 0.000131757 0.000152757 0.000157198 5.53603e-06 6.67912e-06 2.28494e-05 1.60473e-05 1.28429e-05 1.17243e-05 6.49176e-05 
0.000183551 7.35867e-05 9.10989e-05 7.21847e-05 8.83478e-05 9.38834e-05 0.000116823 9.73961e-05 0.000192453 1.47136e-05 3.79013e-06 2.50233e-05 3.28621e-05 1.31124e-05 1.22365e-05 4.74301e-05 
7.90269e-05 8.67219e-05 0.000156913 0.000149193 0.00012172 2.57614e-05 3.45438e-05 1.96747e-05 0.000174457 7.75686e-05 3.43573e-05 7.77794e-06 1.22073e-05 0.000132368 8.35123e-05 1.39829e-05 
6.58985e-05 2.10274e-05 2.2714e-05 3.71614e-05 6.83405e-05 0.000105884 0.000325051 5.81401e-05 1.89126e-05 1.37873e-05 0.000155018 1.27039e-05 3.79621e-06 7.85431e-06 8.15477e-06 1.59767e-05 
9.41612e-05 3.78492e-05 5.59323e-05 6.20542e-05 0.000143169 0.000143484 0.000117337 0.000236803 0.000225174 2.32398e-05 2.09164e-05 8.12512e-05 7.02518e-06 5.89168e-06 5.65225e-06 0.000131672 
0.000113721 6.6486e-05 5.50972e-05 5.60753e-05 0.000114054 9.78223e-05 8.24761e-05 0.000135625 0.000123279 2.0077e-05 1.44645e-05 2.49787e-05 8.8619e-06 6.28532e-06 4.22936e-06 1.54832e-05 
8.27747e-05 6.61523e-05 0.00015127 8.07483e-05 0.000102741 3.66475e-05 3.41432e-05 2.31471e-05 7.04389e-05 4.09723e-05 1.94127e-05 1.59603e-05 6.31451e-05 1.30187e-05 5.77506e-06 4.89227e-06 
