0.000109817 0.000208382 0.000244966 0.000112751 4.80169e-05 9.20591e-05 0.00282109 0.00015305 
0.00273218 0.00205492 0.00012626 0.000554748 0.000141488 8.74032e-05 0.00211188 0.000150677 
0.0030329 0.00260039 0.00121638 0.000580444 0.000121458 0.000817552 0.00171198 0.000108797 
0.00327212 0.00016321 0.00148755 0.000637191 8.17267e-05 0.000561906 0.00128766 0.00241606 
0.000151525 0.000190044 0.00196072 0.000208998 0.000119959 0.00010254 0.000763688 0.00183211 
8.74827e-05 0.00336575 0.00284739 0.000132983 0.000101825 0.000352018 0.000537048 0.00124171 
0.00221963 0.00322242 0.000114517 9.86162e-05 0.000879947 0.000378273 0.000480719 0.00107872 
0.00155143 0.00289764 8.00912e-05 0.00278624 0.000128185 0.000462124 0.000379939 0.000679388 
0.000166318 0.000114553 0.000129441 0.000217472 0.000199277 0.00056333 0.000343874 0.000392972 
0.000690539 0.000143131 0.00342063 0.00357678 0.000115386 0.00094075 0.000408844 0.000367159 
0.000588755 0.00159677 0.00290875 0.00338125 7.03651e-05 0.00142636 0.00059298 0.000401548 
0.000228352 0.00015106 0.00193425 8.91899e-05 0.000108719 0.0022519 0.00104444 0.000112092 
0.000186842 0.000642004 0.000198135 0.000123419 0.0033502 0.000244797 0.000198263 0.000120096 
0.000177055 0.000121049 0.000144261 0.000118755 0.000114475 0.000138792 9.83468e-05 0.000211222 
0.000234077 8.57231e-05 0.000123852 0.000139101 7.94885e-05 0.000145513 9.11912e-05 0.00203955 
0.00151939 0.00014833 0.000126643 0.00011148 7.39006e-05 0.000138391 7.7546e-05 0.000133794 
