1.0841e-17 1.74929e-05 4.64329e-05 3.17075e-05 8.01227e-05 5.02321e-05 7.56513e-05 3.56696e-05 2.41574e-05 8.00994e-05 3.60652e-05 3.40419e-05 1.14357e-05 1.25954e-05 1.19261e-05 1.13037e-05 
1.53806e-05 7.56562e-18 1.49114e-05 3.84337e-05 8.72583e-05 9.43058e-05 0.000160764 0.000186629 0.000201041 7.65587e-05 6.17051e-05 0.000112688 3.0108e-05 5.19715e-05 7.62405e-05 4.79916e-05 
6.47507e-05 1.55584e-05 1.00109e-17 6.58949e-06 1.7499e-05 0.000163677 9.13759e-05 9.95713e-05 0.000246313 0.000134597 4.85869e-05 4.17016e-05 0.000118271 5.00227e-05 6.02151e-05 6.20313e-05 
2.97122e-05 4.05016e-05 7.19655e-06 5.77529e-18 1.32422e-05 4.1247e-05 0.00010004 0.000134477 7.2875e-05 0.000132467 7.103e-05 6.33995e-05 0.000123603 6.97511e-05 6.1917e-05 5.67492e-05 
0.000119953 7.90131e-05 1.49636e-05 1.1205e-05 6.85185e-18 8.99522e-06 2.15996e-05 0.000187675 6.37959e-05 7.4483e-05 0.00015875 7.93704e-05 5.80989e-05 0.000147488 0.000144554 8.91352e-05 
5.85228e-05 9.25167e-05 0.000231688 6.75748e-05 9.44663e-06 7.78699e-18 7.10365e-06 1.54202e-05 7.00805e-05 4.44132e-05 5.88711e-05 9.37373e-05 3.79436e-05 5.44646e-05 5.68574e-05 5.05453e-05 
6.67946e-05 8.52604e-05 0.000139634 6.59474e-05 9.60355e-05 7.06914e-06 9.48593e-18 6.113e-06 0.000106259 7.0025e-05 4.18927e-05 4.47867e-05 0.000112751 4.75227e-05 3.86013e-05 4.15753e-05 
1.76457e-05 0.000185696 7.186e-05 0.000122361 0.000181936 1.86587e-05 6.36185e-06 1.21532e-17 0.000327569 0.000125476 5.64444e-05 6.99903e-05 8.79658e-05 3.45305e-05 3.62369e-05 5.82066e-05 
1.4167e-05 0.000297338 0.000117974 8.4081e-05 7.77437e-05 7.85611e-05 0.000146162 4.60569e-05 8.42586e-18 3.01629e-05 0.000137936 3.46907e-05 1.313e-05 3.22469e-05 0.000267359 8.72009e-05 
6.59649e-05 4.59673e-05 5.93344e-05 7.47593e-05 0.000102744 5.53801e-05 0.00010056 0.00014549 1.99762e-05 1.05954e-17 6.67795e-06 3.26636e-05 1.5405e-05 1.49919e-05 1.36086e-05 2.94841e-05 
2.05733e-05 5.91063e-05 5.75894e-05 8.35731e-05 7.57822e-05 4.81035e-05 3.55851e-05 5.78685e-05 0.000194692 6.16343e-06 1.2122e-17 3.89448e-05 3.87937e-05 1.50324e-05 1.19224e-05 1.40987e-05 
2.83388e-05 0.000122033 4.23211e-05 0.000141718 0.00011402 0.000115979 3.26962e-05 5.76085e-05 3.79748e-05 5.72094e-05 5.11183e-05 1.04135e-17 1.28313e-05 8.19556e-05 2.32353e-05 2.80954e-05 
8.44703e-06 4.07515e-05 4.33692e-05 0.00014153 6.61558e-05 0.000100342 0.000112775 9.26813e-05 3.34155e-05 1.64557e-05 3.1714e-05 1.05535e-05 6.6659e-18 6.75501e-06 7.10364e-06 1.8375e-05 
1.3327e-05 5.56002e-05 5.93327e-05 9.03009e-05 7.98571e-05 5.06409e-05 4.56195e-05 0.000113822 1.41617e-05 1.22259e-05 1.41955e-05 2.29679e-05 6.24748e-06 1.10632e-17 5.53265e-06 7.93465e-06 
4.0367e-05 9.54087e-05 4.40639e-05 0.000111137 0.000116904 3.78961e-05 4.00565e-05 3.23808e-05 0.00012402 1.37763e-05 1.32922e-05 3.569e-05 7.88899e-06 5.73739e-06 1.06694e-17 6.45531e-06 
9.91157e-06 0.000143661 7.84906e-05 7.80944e-05 8.91352e-05 4.04847e-05 3.77497e-05 4.58991e-05 8.88869e-05 2.42357e-05 1.63558e-05 2.90233e-05 0.00016402 8.35996e-06 6.63482e-06 9.76437e-18 
