0.000128573 0.000112828 0.000158386 0.000236104 0.00012591 0.000113251 0.000123576 0.000172015 
8.18223e-05 0.00168395 0.00069566 0.000200278 0.000147239 0.00016208 0.000103708 0.000171502 
0.00314187 0.000135916 0.000121383 0.000480642 5.97777e-05 0.000120395 0.00179112 0.000276001 
0.00340751 0.000103785 0.00139609 0.000538943 0.000133625 0.000157438 0.00137407 0.00256722 
0.000201498 0.000140102 0.00018852 0.000121062 0.000263032 0.000312815 0.00015696 0.000253096 
0.000121918 0.00394999 0.00271616 0.00117073 0.0001618 0.000268751 0.000492369 0.0013462 
0.000101417 0.000128355 0.00327792 0.00208958 8.49335e-05 0.000305736 0.000366202 0.000922647 
0.00164863 0.0033272 0.0037088 0.00271946 7.23115e-05 0.000144218 0.000278012 0.000574547 
0.000190066 0.00267001 0.00412914 0.000197873 0.00162518 0.000525042 0.00028685 0.000235407 
9.59692e-05 0.000113547 0.00338204 0.0035443 0.000136438 0.00111234 0.000420787 0.000318332 
0.000581563 0.00162322 0.00295605 0.00340124 9.45805e-05 0.00152135 0.00059586 0.000367281 
0.000475933 0.00103944 0.00224459 0.000103261 0.0031117 0.00213669 0.000918093 0.000488092 
0.000188384 6.16602e-05 0.00127029 0.000304298 0.000189628 0.000208308 0.000359372 0.000344023 
0.000120456 0.000158435 0.000947412 0.000137603 0.00288016 0.000174052 0.00211692 0.00140875 
0.000149813 0.000616305 0.000782931 0.000174442 0.000101906 0.000174333 0.00234636 0.000124764 
0.000171223 0.00014555 0.000167233 0.000125726 3.46415e-05 0.000131905 0.000135183 0.00014221 
