0.000142554 0.000201869 0.000149915 0.000172227 0.000214622 0.000154993 0.000135747 0.000165377 
0.000142896 5.13258e-05 0.000200582 0.00018156 8.90292e-05 0.000169587 0.000169102 0.000157112 
5.71968e-05 0.00259208 0.000570819 8.26003e-05 7.0215e-05 0.00070324 8.23096e-05 0.000105579 
0.00364969 0.0034507 0.000863667 0.000165967 7.51891e-05 0.000310874 0.000173256 0.00027709 
0.003283 0.00354143 0.00179187 0.000448989 0.000277877 0.000317412 0.00073005 0.00316109 
0.00333893 0.00317849 0.000240408 0.000127422 0.000143978 0.000324945 0.00015926 0.000126329 
0.000188642 0.000201196 0.000201526 0.000141863 0.000212725 0.000352574 0.000356237 0.000238196 
0.000156014 0.000146359 0.000145414 0.000118283 0.000891883 0.000191242 0.000294784 0.00013466 
8.71028e-05 0.00320586 0.00315613 0.00262609 0.00118708 0.000120356 0.000285217 0.000173298 
0.00137802 0.00013893 0.00287326 7.35796e-05 0.000116656 0.00106663 9.2858e-05 0.000119609 
0.000158975 0.00130637 9.99691e-05 0.00315752 0.00289377 0.00183132 0.000670274 0.000431954 
0.000221393 0.000519768 0.00111992 0.000148101 0.000162665 0.000152043 0.000198724 0.000136285 
0.000170324 0.000408074 0.000147799 0.000286928 0.00013659 0.000122728 0.00195534 0.000109712 
9.6453e-05 9.81117e-05 0.000157595 0.00014139 0.000139529 0.000184474 8.86571e-05 0.00173695 
0.000164822 0.000215337 0.000328806 0.000166349 0.000165342 0.000119648 0.000118583 8.97648e-05 
0.000185517 0.000141019 9.48917e-05 0.000518101 0.000204336 0.000130482 0.000122567 0.000161154 
