0.000179475 0.000117869 0.000247881 0.000117607 0.000231147 0.00178049 0.00293713 0.00352684 
0.00363917 0.00191049 0.000550163 0.000308819 0.000146864 0.000199606 0.00246122 0.000130546 
0.000120882 0.00254297 0.000759627 0.000174557 0.00033827 0.000813393 0.000142351 0.00347346 
0.00350559 0.00319359 0.000174005 0.000396591 0.00032686 0.000600026 0.00155659 0.00345664 
0.00339505 0.00344592 0.00167913 0.000576911 0.000329563 0.000380393 0.000862261 0.00291578 
0.0034444 0.00324338 0.00254923 0.00149086 0.000126315 0.000401889 0.000586869 0.00186028 
0.000105558 0.0032029 0.00273722 0.00190447 0.000856253 0.000449347 0.000490051 0.00152371 
0.000106858 0.00326432 0.000154745 0.00228555 0.00107828 0.00052296 0.000400207 0.000140124 
0.00195567 0.00319127 0.00314008 0.00269009 0.00133786 0.000136094 0.000160176 0.000767031 
0.00135568 0.000111086 0.0027865 0.000187894 0.000205003 0.00115583 0.000479789 0.000589124 
5.09245e-05 8.55604e-05 0.00231389 0.00312442 0.00280441 8.61455e-05 0.000715362 0.000447635 
0.000463519 0.000826876 0.000116468 9.61216e-05 0.00302 0.00271668 0.000143711 0.000633453 
0.000155672 0.000143432 0.000180836 0.000115639 0.00020924 0.000142179 0.000191654 0.000144615 
0.000113998 9.97604e-05 0.000107716 0.000139841 0.000113657 0.000102562 8.67215e-05 7.32382e-05 
0.000119525 0.000636261 0.000201269 0.000251203 0.000112027 9.21729e-05 0.00014864 0.000179755 
0.000116633 0.000167026 0.000382666 0.000117218 7.94341e-05 0.00234423 0.00279337 0.000115098 
