9.62475e-18 0.000165241 1.55685e-05 1.48742e-05 1.21764e-05 2.07651e-05 1.34805e-05 1.80423e-05 1.6974e-05 0.000143768 1.9723e-05 1.50266e-05 9.7491e-06 0.000214165 0.000181791 6.94784e-06 
6.62303e-05 7.71458e-18 1.12591e-05 2.17579e-05 0.000130644 7.94934e-06 1.09964e-05 2.25412e-05 0.000102403 1.48317e-05 1.16378e-05 0.000110978 9.89238e-05 1.76335e-05 2.32167e-05 9.52163e-05 
1.71274e-05 1.17916e-05 8.13473e-18 7.55721e-06 0.000159117 8.04623e-06 4.26314e-06 8.88776e-06 1.70653e-05 4.31029e-05 1.39334e-05 2.02828e-05 1.80391e-05 1.76497e-05 1.02659e-05 1.27794e-05 
1.33404e-05 6.85463e-05 6.75233e-06 6.93274e-18 1.14425e-05 1.58999e-05 1.09753e-05 5.14667e-06 1.06435e-05 0.000250081 0.000207538 1.53598e-05 7.32436e-05 0.000125042 0.000192049 3.21015e-05 
1.37798e-05 0.000200795 0.000107766 1.43759e-05 5.1593e-18 0.000296629 8.77354e-05 1.74855e-05 5.31927e-06 1.00262e-05 0.000208766 0.000220309 1.06505e-05 1.63729e-05 7.93251e-05 8.26949e-05 
0.000193113 7.08795e-06 8.74254e-06 1.38898e-05 2.63884e-05 1.06422e-17 6.19857e-06 0.00013139 1.01945e-05 4.08621e-06 6.01765e-06 1.48814e-05 2.12265e-05 9.96233e-06 1.20886e-05 1.48925e-05 
1.59295e-05 1.22573e-05 4.2908e-06 1.36778e-05 0.0001718 5.67674e-06 8.61989e-18 6.75864e-06 4.34801e-05 7.28263e-06 4.16701e-06 1.15854e-05 0.000141917 1.06009e-05 8.81151e-06 1.05509e-05 
2.37878e-05 2.47972e-05 8.32963e-06 5.24765e-06 2.03174e-05 1.357e-05 7.99268e-06 1.14127e-17 1.1403e-05 0.000163284 5.24614e-05 1.53209e-05 5.23813e-05 2.74098e-05 1.61529e-05 1.89622e-05 
1.21317e-05 7.89664e-05 0.000141231 2.08522e-05 4.54141e-06 7.42305e-06 0.000141817 0.000178612 1.03888e-17 1.00966e-05 0.000152938 9.69685e-05 8.28117e-06 6.39415e-05 0.000131371 3.35334e-05 
0.000170759 1.5389e-05 4.85196e-05 0.000212001 1.16783e-05 4.22175e-06 7.31923e-06 0.000128491 1.01343e-05 9.20148e-18 6.67012e-06 3.43923e-05 2.76019e-05 1.30747e-05 1.47727e-05 0.000143232 
3.02551e-05 1.08903e-05 6.78785e-05 0.000110694 0.000207378 6.76881e-06 3.9909e-06 2.96481e-05 0.00014598 6.54715e-06 9.33094e-18 1.40649e-05 4.57111e-05 1.90542e-05 1.52054e-05 1.81107e-05 
1.68755e-05 0.000206341 1.61526e-05 1.25382e-05 6.12602e-05 1.58017e-05 1.92738e-05 1.44218e-05 0.000198504 4.14334e-05 1.29042e-05 7.28239e-18 1.1959e-05 0.000243078 0.000189045 1.90423e-05 
1.03891e-05 8.23901e-05 0.000136847 1.92158e-05 1.17257e-05 1.59235e-05 0.000258256 1.46299e-05 1.26236e-05 5.6743e-05 0.000229186 1.26724e-05 6.6747e-18 7.3738e-06 9.43966e-06 0.000214194 
0.000184558 1.5659e-05 1.70812e-05 8.15783e-05 1.6407e-05 1.12913e-05 9.7278e-06 2.90079e-05 1.49701e-05 1.39088e-05 1.92063e-05 0.000117598 7.99744e-06 1.0635e-17 5.72414e-06 1.25013e-05 
9.29104e-06 1.42003e-05 1.00425e-05 1.73837e-05 7.93835e-05 1.07225e-05 8.86586e-06 1.40152e-05 3.42632e-05 5.35742e-05 1.5114e-05 4.85234e-05 7.52749e-06 5.41035e-06 7.56988e-18 6.56441e-06 
6.77592e-06 1.81311e-05 1.57613e-05 2.16858e-05 2.29817e-05 1.53475e-05 1.14982e-05 1.90984e-05 4.01349e-05 3.18545e-05 1.78988e-05 1.90653e-05 3.05565e-05 1.38247e-05 6.08881e-06 9.468e-18 
