0.000108802 0.000162172 0.000150749 9.60059e-05 0.000130294 0.000188305 0.000127669 0.000113957 
0.000212746 0.00202812 0.000924658 0.000535735 5.76764e-05 0.00123017 0.00218673 8.1336e-05 
0.00316398 9.31701e-05 0.00121665 0.000531142 0.000120203 0.000755903 0.00167753 0.0027067 
0.000169115 0.00337236 0.000123201 0.000618063 0.000112061 0.000515554 0.00017574 0.00224955 
0.000208319 0.00397235 0.000248319 0.000176977 0.000365653 0.000332332 0.000702275 0.000254802 
0.000146088 0.00360829 5.88842e-05 9.89206e-05 0.000642066 0.000299334 0.000473601 0.00119089 
0.0022012 0.00335195 0.00317368 0.000201288 9.67638e-05 0.000337619 0.000409837 0.000977276 
0.000108218 0.000137739 8.38191e-05 0.00280162 7.42809e-05 0.000151396 0.000325527 0.000658651 
0.000837665 0.000123107 0.0041211 0.000182853 6.82375e-05 0.000532322 0.000296191 0.000330831 
0.000153048 0.00189293 0.0033986 0.00368528 0.000120911 0.00104276 0.000390116 0.000316579 
0.000560536 0.00161718 0.00297948 0.000161743 0.00010675 0.00141457 0.000544468 0.00035739 
0.000544266 0.00110252 0.00212182 0.00300258 0.00308442 0.00217348 0.000144621 0.000109423 
0.000173964 0.000259546 0.000157263 0.000139598 0.000171561 0.000166868 0.000100254 0.000243422 
0.000120715 9.79656e-05 0.000967752 0.000125404 0.000125882 0.000107238 0.000141142 0.000201989 
8.42229e-05 0.000186058 0.000817308 0.000116971 8.93385e-05 9.06671e-05 0.000118619 0.0020537 
0.000164788 0.000176773 0.000155956 9.8539e-05 0.000140634 0.00233694 0.000102716 0.000125098 
