7.51884e-18 1.77793e-05 6.15504e-05 1.54621e-05 8.2436e-06 0.00012569 0.000153684 9.57656e-06 7.30209e-06 2.9806e-05 2.37009e-05 1.38947e-05 8.0643e-06 6.76346e-05 3.12783e-05 3.55072e-05 
3.91415e-05 1.11846e-17 9.25343e-06 2.27197e-05 6.99927e-05 7.83389e-06 7.20702e-06 1.84369e-05 0.000124553 6.90962e-06 8.57791e-06 0.000200933 9.56589e-06 6.85527e-06 7.27895e-06 0.000125411 
0.000170879 1.01862e-05 1.15736e-17 6.89836e-06 0.000122528 1.3504e-05 5.00033e-06 7.79153e-06 0.000295402 1.29709e-05 7.46759e-06 7.30369e-06 1.73883e-05 1.1358e-05 5.77111e-06 8.53851e-06 
3.35333e-05 2.98573e-05 7.67575e-06 8.14506e-18 1.15286e-05 0.000186143 7.13947e-06 3.77142e-06 1.58301e-05 9.97022e-05 9.88022e-06 7.66621e-06 4.66993e-05 9.35369e-05 7.79596e-06 1.02097e-05 
7.49975e-06 0.000106091 0.000302169 1.20393e-05 1.1251e-17 2.99765e-05 3.35626e-05 1.35902e-05 3.75342e-06 2.51838e-05 5.55623e-05 1.56984e-05 1.38364e-05 0.000213871 0.000100256 2.66393e-05 
6.64023e-05 7.63068e-06 1.03315e-05 0.000239251 7.56778e-05 8.49399e-18 5.97167e-06 0.000169699 1.30463e-05 4.38608e-06 6.32927e-06 6.37099e-05 9.68056e-06 6.80153e-06 8.8531e-06 0.000174348 
2.44711e-05 8.23381e-06 4.8283e-06 6.92496e-06 2.30503e-05 5.90889e-06 1.19137e-17 7.93155e-06 0.000177993 6.96647e-06 5.09125e-06 7.57017e-06 9.4611e-06 6.51686e-06 5.75398e-06 9.59628e-06 
1.11908e-05 2.05247e-05 7.64538e-06 3.88883e-06 2.6481e-05 0.000129303 7.70403e-06 1.02101e-17 3.12812e-05 4.25923e-05 8.45067e-05 5.86531e-06 2.39128e-05 2.08962e-05 9.21628e-06 7.48485e-06 
7.00221e-06 2.03278e-05 0.00010735 0.000195358 4.7602e-06 2.34611e-05 0.000105664 1.13593e-05 8.97764e-18 7.19243e-06 0.000169232 1.41527e-05 9.61165e-06 1.16968e-05 4.08314e-05 1.52539e-05 
0.000119976 6.81262e-06 1.61492e-05 0.000114664 1.14584e-05 4.13342e-06 6.42438e-06 0.000111639 8.62389e-06 1.16802e-17 6.0589e-06 2.50658e-05 8.34854e-06 6.70009e-06 9.39113e-06 0.00017148 
7.06865e-05 7.23812e-06 7.61091e-06 1.01536e-05 0.000108299 7.59095e-06 4.91612e-06 1.07419e-05 2.01293e-05 5.74946e-06 7.4902e-18 8.44158e-06 0.00013777 6.69591e-06 5.62715e-06 1.16627e-05 
1.31773e-05 0.000191207 8.52338e-06 7.48598e-06 1.3723e-05 5.19908e-05 7.15305e-06 5.66531e-06 1.65589e-05 4.7522e-05 7.84131e-06 8.203e-18 1.68439e-05 3.26133e-05 7.25565e-06 9.25784e-06 
8.26877e-06 9.3492e-06 1.45742e-05 0.00036207 1.03765e-05 1.28017e-05 1.07833e-05 1.89493e-05 8.03496e-06 7.4915e-06 0.000132005 1.73489e-05 5.49771e-18 9.3657e-06 9.64387e-06 1.29102e-05 
2.31882e-05 6.76737e-06 9.72193e-06 8.4044e-05 1.97505e-05 8.42962e-06 6.45866e-06 9.65345e-05 1.65909e-05 6.85808e-06 7.30015e-06 3.26352e-05 7.73795e-06 1.17257e-17 6.21829e-06 2.45396e-05 
3.00413e-05 7.97321e-06 5.74802e-06 7.51399e-06 1.93575e-05 9.48386e-06 5.59229e-06 8.12999e-06 3.7932e-05 9.72362e-06 6.68293e-06 6.46407e-06 1.27396e-05 5.7947e-06 1.35881e-17 6.82637e-06 
1.28545e-05 0.000127918 8.47722e-06 1.00213e-05 1.42981e-05 0.000296994 8.92325e-06 7.13695e-06 2.84138e-05 2.09497e-05 1.11675e-05 9.85967e-06 1.85562e-05 0.000214808 6.91119e-06 1.04862e-17 
