0.00161743 0.000174912 0.000179248 0.000178238 0.000138758 0.000138438 0.000189571 0.00011694 
0.00240614 0.00173361 0.000922705 0.0006078 0.000751956 0.00141598 0.00011242 0.00299374 
0.00288147 0.00248983 0.0013061 0.000664747 0.000548232 0.000858258 0.00181485 0.00273995 
0.00309539 0.00301939 0.000134902 0.000781772 0.00051113 0.000628351 0.00132419 0.00236146 
0.00312843 0.00354838 0.00211387 0.000928327 0.000493574 0.000476548 0.000877098 0.000157928 
0.00246168 0.000150988 0.00293067 0.00166932 0.000696863 0.000406984 0.000614337 0.00129507 
0.00194645 0.00305803 0.00331365 0.00241636 0.000112709 0.000159174 0.00049364 0.000965291 
0.00140118 0.00280843 0.00375606 0.0030775 7.53053e-05 0.000478467 0.000406229 0.000657046 
0.000304755 0.000348252 0.00416647 0.00014268 7.93818e-05 0.000303699 0.000245474 0.000244446 
0.000515754 7.43319e-05 0.00329169 0.00383058 0.000121524 0.000102701 0.000387407 0.000140543 
0.000443821 0.00126088 0.00283002 0.00383192 0.000141824 0.00152862 0.00053152 0.000330327 
0.00038161 0.000720861 0.00185327 0.000124845 0.00350443 0.00240663 0.0010184 0.000499241 
0.000116353 0.000258066 0.000182168 0.000252135 0.000162519 0.000161261 0.000217924 0.000737986 
3.80723e-05 8.44242e-05 0.000153816 0.000190064 7.08969e-05 0.000115918 8.95679e-05 0.00147529 
0.000887861 0.000534721 0.000215406 0.000103022 0.000164697 0.000160483 0.00237968 0.000222974 
0.00127046 0.000660731 0.000587223 8.65227e-05 8.56285e-05 9.80424e-05 0.000141877 0.00253319 
