2.03606e-05 3.81994e-05 1.59306e-05 2.75574e-05 0.000169278 0.000168714 2.34387e-05 1.63074e-05 0.000448103 1.98939e-05 1.3027e-05 1.82887e-05 1.4055e-05 1.60969e-05 1.01462e-05 1.44793e-05 
1.92373e-05 3.76899e-05 2.73404e-05 1.07196e-05 2.19734e-05 2.68395e-05 1.88151e-05 2.05406e-05 0.000236542 1.75317e-05 1.68791e-05 1.6547e-05 1.45571e-05 1.19965e-05 1.09283e-05 1.45157e-05 
2.14526e-05 3.75765e-05 2.19089e-05 1.63709e-05 4.06997e-05 6.852e-05 1.96207e-05 1.91977e-05 5.799e-05 2.11915e-05 1.39519e-05 1.90013e-05 1.62565e-05 1.50094e-05 1.32557e-05 1.26851e-05 
1.46424e-05 2.85776e-05 1.5692e-05 2.13539e-05 7.95345e-05 9.7447e-05 1.45656e-05 1.47182e-05 5.03098e-05 2.29435e-05 1.4946e-05 1.48643e-05 1.40151e-05 1.46028e-05 1.12145e-05 1.36309e-05 
6.32163e-05 3.2797e-05 1.69851e-05 1.92789e-05 2.26852e-05 0.000154438 1.7075e-05 2.98419e-05 6.28461e-05 1.82695e-05 1.37644e-05 1.42122e-05 1.46475e-05 1.4653e-05 1.20826e-05 1.36131e-05 
2.5215e-05 2.26106e-05 1.61271e-05 1.83839e-05 2.05102e-05 5.26031e-05 1.59882e-05 1.46004e-05 6.08456e-05 1.73508e-05 1.72732e-05 1.65516e-05 1.56577e-05 1.18796e-05 1.17657e-05 1.28787e-05 
1.81344e-05 1.95429e-05 1.63935e-05 1.74375e-05 5.94082e-05 2.38228e-05 1.75466e-05 2.28657e-05 2.74405e-05 2.53341e-05 1.47092e-05 1.44085e-05 1.60688e-05 1.39641e-05 1.18086e-05 1.39022e-05 
3.83933e-05 3.3815e-05 1.34055e-05 3.55077e-05 2.55491e-05 0.000107743 1.53959e-05 1.80391e-05 4.39975e-05 1.91958e-05 1.55139e-05 1.45724e-05 1.55457e-05 1.46737e-05 1.39583e-05 1.35164e-05 
2.01173e-05 2.42852e-05 1.44028e-05 1.27667e-05 2.06667e-05 0.000108144 1.50131e-05 1.96468e-05 0.000150214 2.10014e-05 1.65445e-05 1.60105e-05 1.68074e-05 1.45444e-05 1.09417e-05 1.2976e-05 
1.61824e-05 3.51483e-05 1.76378e-05 1.5747e-05 2.52855e-05 5.6707e-05 1.4602e-05 1.69335e-05 6.26724e-05 1.64956e-05 1.48809e-05 1.7404e-05 1.55669e-05 1.27544e-05 1.3478e-05 1.58581e-05 
1.5648e-05 2.4036e-05 1.3634e-05 1.52808e-05 3.34439e-05 8.1443e-05 1.49096e-05 2.39849e-05 4.62977e-05 1.50577e-05 1.29727e-05 1.50724e-05 1.75259e-05 1.41219e-05 1.1877e-05 1.37439e-05 
1.85754e-05 3.5196e-05 1.34271e-05 1.44138e-05 2.35399e-05 0.000101923 1.61753e-05 2.01021e-05 8.83367e-05 1.84323e-05 1.39341e-05 1.53523e-05 1.56654e-05 1.28809e-05 1.01811e-05 1.26519e-05 
1.59278e-05 1.81673e-05 1.51684e-05 1.28993e-05 3.39434e-05 0.000110938 1.3889e-05 1.65256e-05 0.000166782 2.22683e-05 1.30009e-05 1.3607e-05 1.48108e-05 1.27074e-05 1.26748e-05 1.50998e-05 
4.00041e-05 2.51243e-05 2.40721e-05 1.26838e-05 2.61382e-05 0.000176798 1.49021e-05 3.16518e-05 0.000132989 2.35952e-05 1.89779e-05 1.74032e-05 1.39204e-05 1.48959e-05 1.13065e-05 1.22194e-05 
1.69793e-05 2.34412e-05 2.06176e-05 1.02527e-05 3.98768e-05 0.000135284 1.4411e-05 2.23594e-05 0.00018871 2.02842e-05 1.68796e-05 1.35865e-05 1.45691e-05 1.81964e-05 1.18992e-05 1.49801e-05 
1.97345e-05 8.07128e-05 1.81903e-05 1.02832e-05 0.000146563 8.25653e-05 1.7163e-05 2.38933e-05 0.000113869 1.57575e-05 1.60256e-05 1.38414e-05 1.41364e-05 1.33244e-05 1.04122e-05 1.39865e-05 
