9.59776e-05 0.000196392 0.000166223 0.000151025 0.000106342 0.000166646 0.00322323 0.000147166 
0.000110301 0.00166104 0.000188391 0.000156333 0.000143692 0.000111051 9.57101e-05 0.000171061 
0.00318104 0.00231876 9.70086e-05 0.000427119 0.000363221 0.000820728 0.00187971 0.00324492 
0.00338823 0.00293342 0.00013077 0.000519628 0.000328367 0.000108701 8.84499e-05 0.00287225 
0.00013465 0.00349661 0.000229502 0.000648436 0.000119721 0.000270323 0.00083432 0.00247448 
0.000123861 0.00318988 0.00239109 0.000137302 0.000650342 0.000390276 0.000589098 0.000107214 
0.00240295 0.0029871 0.000110191 0.000155132 0.000891744 0.00013597 0.000111487 8.51191e-05 
0.000120402 0.0027596 0.000105155 0.000131932 0.00121711 0.000557668 0.00041789 5.93023e-05 
0.000116963 0.00232789 0.000193315 0.00338329 0.00167165 0.000736701 0.00039193 0.000159681 
0.000129068 0.00170457 0.00277483 0.000131885 0.00247558 0.00134931 0.000500845 0.000415086 
0.000133651 0.00144517 0.00241386 0.000138537 0.00268768 8.49649e-05 0.000684073 0.000441869 
0.000164975 0.000118952 0.000101193 0.000134559 9.76619e-05 7.49291e-05 0.00118623 0.000122042 
0.000121461 0.000155218 0.000203235 0.000205429 0.000142533 0.000205884 0.00011652 9.40546e-05 
0.000133599 0.000351762 0.000139936 0.000109236 7.74284e-05 0.000116756 0.000111711 0.000165799 
0.000301171 0.000477452 0.00032266 7.63449e-05 0.000100542 0.00270807 9.04153e-05 0.00218461 
0.000341824 0.000100464 0.000180619 8.92631e-05 8.95531e-05 0.000113872 9.96008e-05 0.000174882 
