5.88423e-06 1.3802e-05 9.84169e-05 1.46824e-05 2.66971e-05 0.000235142 0.000132468 2.04903e-05 2.88128e-05 1.48292e-05 7.07187e-05 1.70965e-05 1.1788e-05 1.36032e-05 2.33794e-05 1.30156e-05 
2.4715e-05 4.09483e-05 5.07095e-05 4.8697e-05 0.000309238 8.39419e-05 5.22328e-05 0.000173934 9.83405e-05 4.36265e-05 5.69594e-05 0.000124004 3.28918e-05 5.86039e-05 7.0012e-05 6.42681e-05 
0.000158216 9.36816e-05 4.90795e-05 3.68304e-05 0.000639765 6.34097e-05 7.7402e-05 3.46751e-05 0.00013374 0.000138254 8.61351e-05 5.34345e-05 0.00013119 0.000113571 8.708e-05 7.22369e-05 
6.34085e-05 0.000145289 7.05341e-05 0.000123586 7.08558e-05 0.000103781 6.98239e-05 0.000101628 7.9675e-05 0.000169441 0.000178284 6.96188e-05 0.000145965 0.000129421 5.89221e-05 6.07835e-05 
9.03895e-05 0.000187237 0.000459005 8.82289e-05 4.33213e-05 0.00010898 0.000168185 0.000116333 8.21211e-05 0.000116564 0.000108568 6.18133e-05 5.98098e-05 0.000140199 0.000106114 8.63408e-05 
8.0004e-05 4.20339e-05 6.06381e-05 6.346e-05 0.000151118 6.07752e-05 6.55064e-05 0.000125146 7.76985e-05 5.71058e-05 3.89611e-05 3.19166e-05 8.13404e-05 4.79639e-05 5.74803e-05 5.20727e-05 
0.000129931 5.51342e-05 4.21517e-05 2.54725e-05 0.000106946 3.39609e-05 3.63702e-05 4.03761e-05 5.44815e-05 5.40931e-05 3.478e-05 1.68264e-05 0.000283339 4.401e-05 3.9372e-05 4.799e-05 
3.73337e-05 0.000195237 4.23755e-05 4.27558e-05 0.000156203 0.000197342 0.000109183 6.74549e-05 0.000122421 0.000183627 5.50033e-05 4.46795e-05 0.000111808 0.000155192 3.41767e-05 5.84176e-05 
1.73695e-05 6.91111e-05 9.78632e-05 7.71082e-06 7.80851e-06 5.52375e-05 1.92083e-05 1.46149e-05 5.93658e-06 2.26225e-05 0.000159333 1.37702e-05 1.69294e-05 0.000107887 2.3306e-05 0.000251011 
0.000122889 8.14872e-06 1.30163e-05 6.78897e-05 2.10565e-05 5.61941e-06 7.22099e-06 8.93184e-05 3.07646e-05 9.2214e-06 7.25716e-06 2.84488e-05 1.92948e-05 1.7019e-05 2.54131e-05 0.000101358 
9.70539e-05 1.15868e-05 1.05674e-05 2.16682e-05 0.000165878 8.22947e-06 5.74759e-06 9.36959e-05 0.000187647 1.54953e-05 3.99898e-06 1.72521e-05 5.61779e-05 1.65461e-05 1.16759e-05 1.92344e-05 
3.31302e-05 7.09521e-05 1.41481e-05 1.16815e-05 1.85611e-05 0.000188237 5.57981e-05 1.14124e-05 3.15007e-05 8.34408e-05 5.10198e-05 7.70299e-06 1.95595e-05 2.24259e-05 8.90842e-05 1.71885e-05 
0.000150476 3.10415e-05 4.30838e-05 4.29026e-05 1.4255e-05 1.5255e-05 1.33283e-05 3.6213e-05 1.16972e-05 1.20184e-05 5.32519e-05 4.18047e-05 4.30464e-06 8.34377e-06 9.86906e-06 0.000162107 
1.26459e-05 1.71283e-05 3.62779e-05 7.81262e-05 5.40659e-05 1.17349e-05 1.21239e-05 8.68393e-05 1.31442e-05 1.11705e-05 1.52448e-05 0.00011029 9.74949e-06 4.53047e-06 7.53196e-06 1.32803e-05 
1.17154e-05 1.8092e-05 2.39678e-05 2.66957e-05 0.000203034 1.1572e-05 1.14128e-05 5.21567e-05 0.000207855 1.42444e-05 1.25618e-05 1.74196e-05 1.17124e-05 6.77487e-06 5.25691e-06 9.27064e-06 
9.2963e-06 3.62769e-05 1.77216e-05 1.54109e-05 9.87516e-05 2.64447e-05 1.41935e-05 2.61562e-05 3.82507e-05 4.09085e-05 1.89319e-05 3.10086e-05 1.65804e-05 2.14434e-05 7.29102e-06 4.39597e-06 
