1.429e-05 1.21324e-05 1.22599e-05 1.12888e-05 2.2109e-05 1.3221e-05 1.03708e-05 1.11927e-05 1.28373e-05 1.20264e-05 1.22724e-05 1.16436e-05 1.22922e-05 1.25517e-05 1.26307e-05 1.44399e-05 
2.69985e-05 7.34731e-05 8.06621e-05 7.29587e-05 6.24849e-05 2.84434e-05 0.000105141 2.63145e-05 5.85307e-05 3.51136e-05 9.40321e-05 0.000121764 2.34473e-05 4.46986e-05 3.40891e-05 0.00011962 
3.02357e-05 1.46208e-05 1.66214e-05 1.55117e-05 2.43447e-05 1.74293e-05 1.8359e-05 1.51366e-05 2.10266e-05 2.20395e-05 1.7643e-05 2.12066e-05 2.06596e-05 1.71951e-05 1.87557e-05 1.58987e-05 
1.7442e-05 4.46639e-05 3.68714e-05 7.797e-05 3.09663e-05 3.63664e-05 0.000159409 4.28476e-05 3.1839e-05 2.83896e-05 8.47508e-05 4.76956e-05 4.23838e-05 3.76647e-05 1.96121e-05 3.58423e-05 
7.03505e-05 0.000191763 4.64531e-05 9.99651e-05 5.01252e-05 0.000106765 9.28462e-05 8.03255e-05 8.01418e-05 3.19283e-05 4.65348e-05 0.000160333 3.92726e-05 3.11589e-05 8.08797e-05 4.62e-05 
8.82515e-05 4.10823e-05 6.91582e-05 3.09439e-05 0.000182722 3.19708e-05 6.15053e-05 6.3801e-05 3.33966e-05 2.27541e-05 4.98845e-05 7.5696e-05 3.12766e-05 3.02634e-05 0.000121293 9.28398e-05 
2.00769e-05 1.95309e-05 1.63058e-05 2.89927e-05 1.86858e-05 2.11858e-05 1.93713e-05 1.5231e-05 2.8102e-05 2.46564e-05 2.71654e-05 1.95282e-05 2.45489e-05 1.95504e-05 1.83836e-05 2.19336e-05 
5.72905e-05 4.21908e-05 4.75367e-05 4.12527e-05 3.93522e-05 2.62769e-05 2.44798e-05 2.45099e-05 3.42485e-05 4.47145e-05 2.37751e-05 2.53024e-05 3.09484e-05 2.73907e-05 3.54574e-05 2.81908e-05 
0.000118282 8.63023e-05 9.9517e-05 4.19188e-05 0.000133971 6.37914e-05 9.23887e-05 9.00694e-05 7.26576e-05 9.17981e-05 3.74891e-05 0.000162429 0.000142859 6.48536e-05 0.000110797 0.000134683 
2.32302e-05 3.22764e-05 7.9311e-05 2.94975e-05 5.92611e-05 4.73775e-05 4.26501e-05 4.91112e-05 9.4451e-05 5.97043e-05 0.000149212 5.84278e-05 0.000142213 2.78783e-05 4.18563e-05 7.28674e-05 
1.56151e-05 1.83627e-05 1.9399e-05 3.83904e-05 2.01278e-05 1.84566e-05 2.26904e-05 2.09894e-05 1.99877e-05 1.86581e-05 2.0729e-05 1.55375e-05 2.93226e-05 1.80123e-05 1.76599e-05 2.06438e-05 
2.22346e-05 3.45016e-05 0.000107408 0.000101309 2.21019e-05 9.53838e-05 4.01855e-05 0.000104647 5.13516e-05 4.41352e-05 3.20641e-05 6.8915e-05 7.19947e-05 2.44146e-05 5.86871e-05 0.000110096 
1.23863e-05 1.38524e-05 1.3314e-05 1.32916e-05 1.19389e-05 1.23746e-05 1.29607e-05 1.35018e-05 1.35988e-05 1.17402e-05 1.20861e-05 1.28083e-05 1.40153e-05 1.32392e-05 1.2165e-05 1.53195e-05 
1.30325e-05 1.24278e-05 1.56455e-05 1.35164e-05 1.37396e-05 1.33499e-05 1.43918e-05 1.40454e-05 1.27385e-05 1.31075e-05 1.09331e-05 1.35246e-05 1.26119e-05 1.23053e-05 1.48325e-05 1.22377e-05 
9.96263e-06 1.13612e-05 1.17411e-05 1.03316e-05 1.12094e-05 8.95405e-06 9.32233e-06 1.23295e-05 1.08382e-05 1.11809e-05 1.20135e-05 1.09865e-05 1.02089e-05 1.1057e-05 1.18106e-05 1.38432e-05 
1.02221e-05 1.24073e-05 1.01721e-05 1.33986e-05 1.05815e-05 1.22048e-05 1.00486e-05 1.05087e-05 1.29705e-05 1.30088e-05 1.15124e-05 1.46197e-05 1.53453e-05 1.45401e-05 1.24754e-05 1.23678e-05 
