4.96514e-06 3.54682e-05 6.86279e-05 7.48703e-05 8.89542e-05 4.89074e-05 2.58296e-05 3.30379e-05 1.35005e-05 0.000116843 5.43338e-05 7.19364e-05 0.000135914 0.000205387 2.28166e-05 2.71137e-05 
1.05361e-05 5.48775e-05 5.23959e-05 9.00985e-05 9.0228e-05 6.63656e-05 4.19243e-05 0.000219051 2.1706e-05 9.65146e-06 1.33304e-05 0.000115052 1.94859e-05 6.41725e-05 2.66165e-05 9.88104e-05 
3.41955e-05 4.68539e-05 6.809e-05 9.06284e-05 0.000160118 0.000113435 4.11705e-05 3.51564e-05 6.85043e-05 1.16137e-05 8.92728e-06 1.31316e-05 1.87123e-05 1.78059e-05 2.41833e-05 1.77642e-05 
1.61559e-05 5.92397e-05 3.75988e-05 9.13376e-05 7.42431e-05 0.000154693 3.74299e-05 4.42936e-05 9.58382e-06 0.000117921 3.26955e-05 1.1169e-05 0.00019007 0.000120374 9.73861e-05 2.3727e-05 
1.71843e-05 0.0003414 6.05416e-05 5.17988e-05 0.000131352 0.000161866 0.000117539 0.000113238 4.69248e-06 0.000111292 0.000114544 0.000102848 1.16343e-05 1.36557e-05 3.7382e-05 7.80019e-05 
3.9901e-05 4.60676e-05 0.000113638 8.94574e-05 0.00012312 6.10732e-05 3.36281e-05 0.000151282 6.23109e-05 3.8383e-06 7.58445e-06 2.78777e-05 1.51059e-05 1.26014e-05 1.45146e-05 2.40465e-05 
4.72612e-05 5.11859e-05 5.56122e-05 0.00012567 6.83858e-05 5.44931e-05 3.45552e-05 7.91282e-05 0.000193715 6.7822e-06 3.9621e-06 1.08554e-05 1.26003e-05 1.15123e-05 9.32197e-06 1.48652e-05 
3.12869e-05 8.81225e-05 7.03011e-05 9.12594e-05 8.73304e-05 5.83871e-05 3.95458e-05 7.82842e-05 8.23252e-06 6.30335e-05 3.98987e-05 8.61042e-06 6.44164e-05 4.13448e-05 3.35341e-05 2.64156e-05 
2.21663e-05 0.000380456 0.000183468 0.000112504 6.79923e-05 0.000145648 0.000844972 0.000200076 6.08038e-06 0.000135683 0.000127595 0.000102053 1.4337e-05 2.55406e-05 3.86977e-05 2.54463e-05 
0.000162556 5.44447e-05 0.000152541 0.000214461 5.53494e-05 5.44212e-05 5.5151e-05 0.000166079 7.99495e-06 4.52438e-06 1.17584e-05 0.000123721 2.6012e-05 1.5613e-05 1.75912e-05 2.63884e-05 
3.3353e-05 5.94685e-05 6.7104e-05 7.06598e-05 9.3143e-05 5.8479e-05 4.2749e-05 7.29596e-05 0.00015934 6.84367e-06 3.40421e-06 3.4373e-05 6.78082e-05 1.60679e-05 1.17695e-05 1.40398e-05 
3.7214e-05 0.000179402 4.4439e-05 7.17789e-05 5.77064e-05 5.024e-05 3.45828e-05 6.91989e-05 1.18918e-05 3.33419e-05 1.63408e-05 7.94485e-06 1.4849e-05 0.000185948 2.21885e-05 2.50174e-05 
8.79738e-06 9.68912e-05 4.258e-05 0.000134448 6.07427e-05 0.000100173 0.000113041 6.55097e-05 2.35952e-05 1.53486e-05 5.27809e-05 1.042e-05 3.13837e-06 6.5565e-06 1.35126e-05 2.56927e-05 
1.2836e-05 7.4427e-05 0.000108166 0.000130105 8.43272e-05 5.97439e-05 4.06136e-05 4.11113e-05 1.48621e-05 1.26366e-05 1.32452e-05 0.000122334 7.97616e-06 5.64511e-06 6.77678e-06 1.30821e-05 
2.13701e-05 5.35909e-05 0.000114491 0.000113251 0.000108996 5.29672e-05 3.20924e-05 3.35201e-05 8.28825e-05 1.6044e-05 1.11364e-05 9.20378e-05 7.42295e-06 6.02492e-06 2.87815e-06 8.09025e-06 
8.7079e-06 5.26433e-05 5.39579e-05 6.12456e-05 9.06041e-05 6.90828e-05 2.88725e-05 4.23969e-05 1.64739e-05 0.000159967 1.75937e-05 3.20533e-05 0.00011884 1.94245e-05 9.94635e-06 3.07117e-06 
