0.000107724 0.000236302 0.000114804 0.000122039 0.000173979 0.000118546 0.00324955 0.000164086 
0.000163356 0.001506 0.000504747 0.000325087 8.03799e-05 0.000157183 5.00501e-05 0.00016654 
0.00376053 0.00017733 0.000175101 0.00012698 0.000116708 0.00015644 0.000144189 0.00341088 
0.00383247 0.0034337 0.000173529 0.000130465 4.5716e-05 0.000361284 0.000141969 0.000204165 
0.000170149 0.00388496 0.000135935 0.000207832 4.88629e-05 0.000159492 0.000129923 0.000157184 
0.000183174 0.0037114 0.000130688 0.000149966 0.000114554 0.00019773 9.01833e-05 0.00108398 
0.000152999 0.000135742 0.00401556 0.000152828 5.9527e-05 0.000213382 0.00014957 0.000190544 
0.000110684 0.000172011 0.000118816 0.000181141 0.000154924 0.000222603 9.56968e-05 0.00019272 
0.000134477 0.00254153 0.000211781 0.00375263 0.000154004 0.000567948 0.000230366 0.000252058 
0.000142932 0.000200035 0.000108439 0.000157872 0.000118484 0.000121957 0.000227096 0.000137595 
0.00014428 0.000141454 0.00024222 0.0001576 0.000180046 0.000122333 0.000553516 0.000172873 
0.00015264 0.000595971 0.000139866 0.00339939 0.000143937 0.00262563 0.000133358 0.000432078 
0.000135385 0.000132405 0.00010126 0.00249046 3.99497e-05 0.000111447 0.000122098 0.000729482 
0.000196278 0.000372427 0.000110699 0.00156835 0.000113792 0.000108759 0.000138613 0.000130117 
0.000126855 0.000410949 0.000195024 0.000135437 0.000127363 0.00334947 0.000116762 0.000139814 
0.000179451 0.000562794 0.000221175 0.000164735 0.000174561 0.000148675 0.000177372 0.000120105 
