7.48241e-06 0.000121769 0.000167858 0.000114063 4.46811e-05 0.000209014 0.000130057 6.68133e-05 0.000119396 7.45139e-05 0.000218666 7.58961e-05 0.000104348 0.000115976 0.000187847 3.85874e-05 
1.33924e-05 0.000143884 0.000173418 0.000113267 0.000149005 8.14741e-05 7.03852e-05 0.000121087 7.92964e-05 3.7803e-05 0.000340933 0.000124834 1.33775e-05 5.60594e-05 8.86202e-05 0.000165354 
0.00019366 8.56463e-05 0.000106207 0.00013965 0.000105602 3.58082e-05 5.0562e-05 8.1932e-05 1.17411e-05 4.38086e-05 6.14292e-05 0.000133783 1.42955e-05 2.33305e-05 3.38688e-05 0.000102154 
1.66688e-05 8.40311e-05 7.87738e-05 0.000160882 0.000221029 6.30418e-05 7.84074e-05 0.000103145 7.24244e-05 7.57223e-05 0.000517009 0.000105094 1.68481e-05 2.16183e-05 3.75962e-05 9.15821e-05 
0.000130384 5.66478e-05 3.1523e-05 4.093e-05 0.00170205 9.18642e-05 4.49184e-05 0.000117965 0.000458152 4.43395e-05 0.000120364 5.71043e-05 0.000100745 0.000133625 6.12238e-05 7.59561e-05 
1.34346e-05 0.000209583 6.82314e-05 4.68292e-05 8.39757e-05 0.000120514 0.000155541 5.38933e-05 1.32146e-05 0.000118443 0.000173615 4.92849e-05 3.30845e-05 7.72992e-05 4.11319e-05 2.16771e-05 
1.2945e-05 0.000173065 7.18657e-05 4.81165e-05 3.94362e-05 0.000126912 9.18964e-05 8.74449e-05 8.93955e-06 0.000248658 0.000176334 5.8013e-05 0.000263162 8.76057e-05 5.05628e-05 3.0346e-05 
9.87983e-06 0.000170814 0.000129476 5.53592e-05 1.18639e-05 0.000285651 8.21726e-05 8.41777e-05 8.72844e-06 0.000201368 0.000173217 7.86227e-05 1.05578e-05 0.000136041 9.64037e-05 5.99831e-05 
2.07798e-05 0.000357639 0.000122066 5.65444e-05 6.99918e-06 0.00011294 0.000181102 0.000102474 2.1863e-05 9.71912e-05 9.77202e-05 8.86521e-05 0.000245549 0.000106261 9.37101e-05 6.10796e-05 
1.66012e-05 1.6708e-05 3.04266e-05 0.000186172 1.89339e-05 1.72695e-05 3.55656e-05 0.000169147 0.000131298 4.56917e-06 9.38632e-06 0.000157092 2.00075e-05 1.70387e-05 0.000132673 0.000126377 
3.23999e-05 1.04589e-05 1.44964e-05 0.000137517 1.6514e-05 7.64831e-06 5.23951e-06 0.000106867 0.000438606 6.6211e-06 4.04182e-06 1.81382e-05 5.93361e-05 2.11861e-05 1.19666e-05 1.88229e-05 
9.82662e-06 7.03774e-05 4.10663e-05 2.22614e-05 0.000191531 0.000146621 0.000118566 1.33601e-05 3.8562e-05 9.09769e-05 4.42369e-05 1.07778e-05 1.06364e-05 6.95452e-05 7.47701e-05 2.72314e-05 
0.000161105 0.000171973 4.26356e-05 0.000117698 1.51205e-05 1.76775e-05 3.08445e-05 0.000172155 1.11382e-05 1.34287e-05 0.000112852 2.67317e-05 4.85517e-06 7.50168e-06 8.10766e-06 2.65715e-05 
9.59463e-06 1.52538e-05 1.89086e-05 4.3387e-05 1.3354e-05 1.3173e-05 1.50878e-05 9.972e-05 1.28787e-05 9.75023e-06 1.26379e-05 9.5837e-05 8.49358e-06 4.55736e-06 5.88861e-06 8.43319e-06 
1.01598e-05 3.99006e-05 1.59142e-05 9.34014e-06 0.000143918 5.27838e-05 1.66184e-05 2.38862e-05 3.21417e-05 0.000179203 1.39372e-05 1.47838e-05 0.000433994 6.24896e-06 4.44409e-06 6.60563e-06 
8.13614e-06 0.000129486 6.10605e-05 1.32809e-05 0.000199169 7.40395e-05 0.000240546 1.60244e-05 8.40511e-05 3.3302e-05 5.15016e-05 3.88535e-05 1.02259e-05 1.47968e-05 1.29634e-05 5.21322e-06 
