5.04355e-05 1.51232e-05 2.08206e-05 5.1932e-05 3.66344e-05 3.68338e-05 2.98967e-05 1.82339e-05 4.39017e-05 4.611e-05 2.14583e-05 6.2679e-05 6.49657e-05 2.2338e-05 3.52606e-05 2.15549e-05 
2.72011e-05 4.59116e-05 2.4182e-05 6.88807e-05 2.50017e-05 3.30127e-05 2.18211e-05 4.52422e-05 3.46434e-05 2.2386e-05 6.35587e-05 3.59355e-05 5.65553e-05 2.30266e-05 2.46962e-05 4.06743e-05 
3.20062e-05 9.85898e-05 3.04173e-05 2.25073e-05 8.35286e-05 3.91009e-05 2.8196e-05 2.37409e-05 2.95028e-05 3.8752e-05 8.96478e-05 0.000102689 3.10612e-05 8.68048e-05 0.000106636 3.02353e-05 
2.45221e-05 7.26917e-05 3.11063e-05 2.9124e-05 3.17603e-05 2.98066e-05 2.19817e-05 0.000107116 2.1504e-05 3.20321e-05 3.40209e-05 4.29117e-05 3.4232e-05 3.04257e-05 0.000247482 2.55489e-05 
3.68808e-05 3.55534e-05 7.67534e-05 6.80597e-05 9.59285e-05 0.000154779 9.58891e-05 0.000216191 0.000118592 5.58109e-05 9.66862e-05 0.000151902 0.00016459 0.00016055 8.95491e-05 0.000120961 
2.91127e-05 3.90777e-05 6.10355e-05 4.6604e-05 3.40384e-05 0.000133435 3.89966e-05 3.66331e-05 4.40819e-05 5.03846e-05 3.67848e-05 4.06439e-05 3.26773e-05 0.000123998 5.44399e-05 2.88911e-05 
3.14666e-05 3.89687e-05 4.40746e-05 0.000117859 4.55316e-05 3.67128e-05 0.000153477 3.09961e-05 0.0001219 2.42441e-05 3.6765e-05 2.73937e-05 3.29919e-05 3.42571e-05 2.64977e-05 5.2469e-05 
2.81087e-05 9.25373e-05 2.6065e-05 2.70356e-05 2.90777e-05 0.000138725 2.73536e-05 9.36992e-05 3.73975e-05 3.26521e-05 0.000106171 0.000155522 2.92109e-05 2.35451e-05 3.99613e-05 2.64722e-05 
5.40693e-05 6.02737e-05 4.54688e-05 3.47401e-05 5.66823e-05 9.6569e-05 2.83233e-05 0.000127978 4.12558e-05 8.52672e-05 8.12138e-05 6.54831e-05 2.37883e-05 7.72143e-05 5.45337e-05 0.000104343 
4.43245e-05 3.37315e-05 2.92361e-05 3.13217e-05 6.41502e-05 2.53673e-05 1.66999e-05 4.28765e-05 1.45496e-05 1.95672e-05 2.43202e-05 1.86758e-05 5.95715e-05 0.000121149 2.08693e-05 0.000136998 
1.84464e-05 1.77714e-05 1.85955e-05 1.72423e-05 1.78159e-05 2.76907e-05 1.63194e-05 1.84998e-05 1.64597e-05 1.98633e-05 2.01814e-05 1.83778e-05 1.70618e-05 2.18225e-05 2.06697e-05 1.68877e-05 
3.38517e-05 1.91424e-05 2.75296e-05 2.22215e-05 3.8701e-05 1.97922e-05 2.68507e-05 2.84555e-05 3.2288e-05 2.37887e-05 1.99502e-05 3.46893e-05 2.69891e-05 2.4878e-05 2.78009e-05 3.4544e-05 
1.33328e-05 1.36296e-05 1.26101e-05 1.30993e-05 1.74707e-05 1.33987e-05 1.31437e-05 1.73653e-05 1.21188e-05 1.50137e-05 1.31976e-05 1.37212e-05 1.72392e-05 2.24169e-05 1.5046e-05 1.54475e-05 
8.98227e-06 9.3095e-06 8.58681e-06 9.55452e-06 9.56603e-06 1.02877e-05 8.66635e-06 1.04473e-05 1.12991e-05 8.71482e-06 9.53469e-06 9.51225e-06 1.15428e-05 1.09297e-05 1.02215e-05 9.737e-06 
8.28387e-06 1.01738e-05 9.04588e-06 1.1647e-05 8.83959e-06 9.01553e-06 9.35294e-06 9.91625e-06 8.27696e-06 9.57003e-06 8.70717e-06 1.06084e-05 7.83318e-06 8.40952e-06 9.15151e-06 1.01028e-05 
7.53298e-06 8.14763e-06 8.09435e-06 8.96628e-06 8.63012e-06 8.32357e-06 8.38828e-06 7.95103e-06 8.61693e-06 7.49929e-06 7.68967e-06 8.19461e-06 8.89096e-06 8.53109e-06 8.08676e-06 8.51369e-06 
