4.64421e-06 1.77542e-05 3.40244e-05 0.000117875 8.20416e-05 2.08414e-05 1.79932e-05 1.27455e-05 1.15157e-05 3.84573e-05 3.64101e-05 8.0207e-05 0.000196886 0.000265744 1.06809e-05 1.51417e-05 
7.9077e-05 8.78634e-05 9.9268e-05 0.000110076 0.000180095 0.000102505 0.000116914 0.000220673 0.000249502 3.34055e-05 1.24215e-05 0.000168774 6.76296e-05 1.68837e-05 1.74157e-05 0.000200462 
0.000160006 0.000106498 0.000137857 0.000109257 0.000161515 5.76397e-05 4.75837e-05 5.45461e-05 8.16054e-05 3.65924e-05 1.4783e-05 1.30643e-05 2.35976e-05 1.88973e-05 1.0981e-05 1.97504e-05 
8.35524e-05 0.000137256 0.000179614 0.000123206 0.000178886 1.82586e-05 1.83019e-05 1.38e-05 0.000124074 9.73284e-05 7.87679e-05 9.8968e-06 0.000108969 0.000100892 2.4454e-05 9.96671e-05 
1.43642e-05 0.000115129 3.8554e-05 0.000149824 5.18236e-05 3.32993e-05 0.000100805 1.8793e-05 4.5104e-06 1.29866e-05 0.000198593 3.24014e-05 1.36683e-05 1.58116e-05 1.53632e-05 4.24202e-05 
0.000217721 9.68174e-05 0.00010556 0.000214699 0.000171707 0.000128783 0.000126807 0.000135377 0.000112932 2.53154e-05 6.1804e-06 1.88605e-05 3.18561e-05 1.09142e-05 8.90559e-05 0.000111421 
0.000201878 0.000177153 0.000126951 0.000402892 8.76954e-05 0.00010734 9.72513e-05 9.31311e-05 9.90422e-05 4.70763e-05 3.58454e-06 1.28088e-05 2.54583e-05 1.22534e-05 1.00874e-05 8.84442e-05 
0.000200642 0.000155185 0.000171066 0.000143245 9.8863e-05 2.25121e-05 2.20383e-05 2.66698e-05 0.000149883 0.000114309 2.59426e-05 1.40052e-05 0.000197713 5.55563e-05 1.20421e-05 6.35619e-05 
3.98921e-05 0.000211764 0.000131179 0.000233904 8.14356e-05 0.000202955 0.00022022 3.75102e-05 3.76389e-06 2.3406e-05 0.000101122 2.8675e-05 1.15122e-05 1.93784e-05 5.77728e-05 0.000179793 
0.000129598 3.09493e-05 5.2046e-05 0.000191961 0.000272749 0.000157926 0.00018556 0.000124768 0.000155285 5.29464e-06 9.22487e-06 2.69631e-05 0.000105165 1.26513e-05 1.85044e-05 2.46448e-05 
0.000155087 0.00015233 6.38772e-05 5.65192e-05 0.000217259 0.000117156 0.000139825 8.26253e-05 0.000104537 1.31259e-05 3.00325e-06 2.30962e-05 2.64593e-05 1.8365e-05 1.25202e-05 6.25569e-05 
0.000116219 0.00015753 0.000133914 0.000180542 0.000106976 4.02887e-05 3.34223e-05 4.23834e-05 9.57625e-05 0.000193171 2.54547e-05 9.82446e-06 2.06554e-05 0.00018186 1.59593e-05 1.75854e-05 
1.10779e-05 1.85585e-05 2.09097e-05 0.000163434 6.13506e-05 0.000340352 0.000167713 1.18777e-05 1.05837e-05 9.89506e-06 6.16508e-05 1.28653e-05 3.41691e-06 6.86939e-06 1.09186e-05 1.25577e-05 
8.19634e-05 3.05676e-05 6.13071e-05 4.29927e-05 0.000116143 0.000124541 0.000174446 0.000140446 0.000181726 2.0274e-05 1.61468e-05 3.27267e-05 7.44416e-06 4.78139e-06 5.57779e-06 1.9821e-05 
0.000130595 4.73701e-05 5.64641e-05 7.92876e-05 0.000123694 9.84668e-05 9.24485e-05 0.000138998 0.000116202 4.73906e-05 9.01613e-06 0.000181732 7.3681e-06 5.67826e-06 3.93019e-06 1.4199e-05 
0.000123018 9.62737e-05 7.84222e-05 0.000124102 8.78005e-05 4.44664e-05 3.89561e-05 6.58705e-05 4.7223e-05 0.000112052 1.76456e-05 2.03205e-05 0.000206956 1.26872e-05 6.58855e-06 5.50358e-06 
