0.00303457 0.00170565 0.000148556 0.000221985 0.00019874 0.00167947 0.000211572 0.000247331 
0.00366501 0.000125115 0.00077515 0.000422707 0.000582942 0.00112827 0.000125697 0.00336785 
0.00415828 0.00011917 0.00102816 0.000427517 0.000130037 0.00076385 0.00183303 0.00329925 
0.00423106 0.00371006 0.000135061 0.000496518 0.000411222 0.000583215 0.00138071 0.00299433 
0.00410265 0.00424782 0.0021007 0.000670162 0.000373796 0.000363802 0.000742362 0.0021677 
0.00317929 0.00407333 0.00311163 0.000149141 0.000138683 0.000338228 0.000486015 0.00134353 
0.00272424 0.00400781 0.00333785 0.000127386 0.000163586 0.000360533 0.00040257 0.00108205 
0.000144628 0.00404887 0.00363502 0.000120944 8.32896e-05 0.000402255 0.000322279 0.00075544 
0.00161153 0.00372413 0.00385418 8.79912e-05 0.000142009 0.000459235 0.000283043 0.000172985 
0.00111315 0.00279341 0.000110593 0.00322488 0.00209568 0.000110666 0.000377977 0.000420299 
0.000531957 0.00149392 0.00286575 0.00349736 0.000155708 0.00148956 0.00056704 0.000362754 
0.000464956 0.000953302 0.00201892 0.00297013 0.000191845 0.00231914 0.00107911 0.000557624 
0.000139882 0.000248024 0.000210488 0.000160778 0.000108608 0.000183207 0.000157759 0.000822559 
9.41745e-05 0.00017229 0.000143522 0.000141098 0.000108153 0.000112371 0.000120328 0.000191849 
0.000144409 0.000128244 0.000115402 0.000128954 0.000125927 0.000139128 0.000112105 0.00230531 
0.000271292 0.000251738 0.000107465 0.000162501 0.000175812 0.000130918 0.000122553 0.00274098 
