1.01874e-05 5.00286e-05 2.83181e-05 1.89637e-05 7.4806e-05 0.000127654 0.000100423 6.90505e-05 0.000106888 0.000106162 3.61606e-05 2.67937e-05 1.19378e-05 1.31878e-05 1.06666e-05 1.05886e-05 
1.13737e-05 5.88794e-05 3.26486e-05 1.99043e-05 3.63507e-05 6.21971e-05 0.000102645 0.000115719 9.82318e-05 2.15082e-05 8.82209e-05 4.18876e-05 1.84258e-05 1.90508e-05 1.09364e-05 1.24583e-05 
1.07621e-05 2.59482e-05 2.61313e-05 1.52551e-05 0.000152698 5.6969e-05 0.000172184 5.43012e-05 9.35127e-05 3.64583e-05 4.69354e-05 3.61568e-05 2.35338e-05 1.29782e-05 1.16334e-05 1.16797e-05 
9.83047e-06 3.62279e-05 3.82289e-05 2.01561e-05 3.95794e-05 0.000260838 9.1427e-05 7.34558e-05 4.75399e-05 2.62973e-05 8.35379e-05 4.95877e-05 2.21933e-05 2.07846e-05 1.04973e-05 1.27615e-05 
9.09724e-06 1.86749e-05 2.2283e-05 1.98864e-05 0.000107686 0.000108284 0.000122242 5.01916e-05 7.50433e-05 2.35342e-05 6.41554e-05 4.58782e-05 1.53359e-05 1.45926e-05 1.05081e-05 1.25487e-05 
9.28936e-06 3.97546e-05 9.5868e-05 1.8038e-05 3.52123e-05 0.000108669 3.21955e-05 9.17145e-05 4.17978e-05 0.000107209 8.72642e-05 3.21855e-05 1.30486e-05 1.76914e-05 1.2553e-05 1.45738e-05 
9.7773e-06 2.36412e-05 1.64532e-05 1.9049e-05 0.000253192 0.000244402 8.68078e-05 5.57642e-05 0.000475809 3.57197e-05 8.53063e-05 3.69598e-05 1.59996e-05 1.67094e-05 1.18757e-05 1.1867e-05 
1.07441e-05 2.62213e-05 2.37448e-05 1.61902e-05 0.000100207 0.000298708 9.25199e-05 5.09294e-05 0.000904381 3.50727e-05 6.48085e-05 2.68286e-05 1.93718e-05 1.36299e-05 1.14773e-05 1.58107e-05 
9.08495e-06 2.36066e-05 2.47317e-05 2.04938e-05 7.67988e-05 7.04634e-05 9.75057e-05 5.83757e-05 5.8699e-05 2.88597e-05 2.39492e-05 3.11267e-05 2.1833e-05 1.57905e-05 1.04259e-05 1.30765e-05 
1.22982e-05 2.51783e-05 3.03073e-05 2.46824e-05 4.48981e-05 9.45093e-05 3.17678e-05 3.46864e-05 9.17648e-05 4.77272e-05 2.44388e-05 3.41134e-05 1.93853e-05 1.89803e-05 1.29369e-05 1.29972e-05 
8.57848e-06 2.06808e-05 7.90601e-05 1.74467e-05 5.89983e-05 0.000139445 0.000136333 6.04164e-05 2.42159e-05 5.43359e-05 5.57596e-05 3.66078e-05 1.84651e-05 1.61108e-05 1.4826e-05 1.4512e-05 
1.2038e-05 2.85247e-05 0.000190617 2.18026e-05 0.00015525 5.72109e-05 2.70684e-05 3.63057e-05 8.39896e-05 4.59387e-05 4.98083e-05 6.72155e-05 1.97854e-05 1.63467e-05 1.14459e-05 1.32053e-05 
1.07724e-05 2.46166e-05 0.000126113 1.80003e-05 2.99268e-05 0.000309697 3.01198e-05 8.69932e-05 4.08438e-05 4.0002e-05 3.29028e-05 3.16133e-05 2.43061e-05 1.67089e-05 1.31967e-05 1.49579e-05 
8.71052e-06 2.17956e-05 6.08483e-05 1.67807e-05 3.19172e-05 6.03674e-05 0.000127784 3.49276e-05 3.83562e-05 9.37468e-05 5.97693e-05 3.29982e-05 1.77899e-05 1.57713e-05 1.10354e-05 1.58304e-05 
9.02929e-06 2.76188e-05 7.99621e-05 1.96279e-05 0.000105259 0.000114116 3.36216e-05 5.04404e-05 6.44476e-05 9.89242e-05 3.18635e-05 3.12588e-05 1.55106e-05 1.65875e-05 1.50514e-05 1.22329e-05 
9.27534e-06 2.59968e-05 3.02041e-05 1.77339e-05 5.82583e-05 6.00076e-05 2.39551e-05 6.36074e-05 5.4318e-05 2.39327e-05 4.8488e-05 3.67083e-05 2.01551e-05 1.38957e-05 1.06181e-05 1.2057e-05 
