1.54657e-05 4.25484e-05 7.21918e-05 6.63938e-05 0.00012171 4.83514e-05 7.83181e-05 9.81986e-05 4.69982e-05 8.98441e-05 0.00013987 0.00010269 0.000148484 9.94283e-05 7.99296e-05 2.84433e-05 
8.52034e-06 7.77616e-05 9.99282e-05 0.000115189 1.95287e-05 9.18155e-05 0.000175613 0.00018327 7.79265e-05 8.62082e-05 0.000268427 0.000172201 1.41753e-05 3.37243e-05 3.69777e-05 4.79824e-05 
1.85071e-05 3.37434e-05 5.30779e-05 0.000192445 2.15274e-05 6.32263e-05 8.57932e-05 5.97706e-05 4.12457e-05 6.18227e-05 8.32966e-05 0.000121457 1.23568e-05 2.81786e-05 8.60622e-05 0.00022561 
2.85662e-05 3.18333e-05 3.37598e-05 0.000113982 4.29389e-05 3.08664e-05 4.68139e-05 5.01946e-05 0.00017605 6.98788e-05 4.87756e-05 9.86344e-05 3.51501e-05 3.32002e-05 2.7135e-05 9.40724e-05 
0.000247141 3.86191e-05 3.51395e-05 4.26399e-05 0.000138895 5.38177e-05 3.62852e-05 2.44541e-05 0.000371797 6.53484e-05 7.33782e-05 0.000126663 0.000101285 7.42735e-05 8.55086e-05 9.56229e-05 
2.28097e-05 6.18565e-05 4.70656e-05 4.01158e-05 5.48293e-05 8.20946e-05 5.61233e-05 7.06038e-05 2.03067e-05 0.000102296 0.000120318 3.55132e-05 3.76268e-05 0.000126876 6.94786e-05 2.66515e-05 
1.57052e-05 8.55319e-05 4.26579e-05 4.79399e-05 1.36865e-05 9.85403e-05 9.44925e-05 5.99012e-05 3.58801e-05 0.000203172 4.9473e-05 6.56814e-05 0.000115966 0.000157404 6.0618e-05 3.3222e-05 
7.17174e-06 0.00016578 8.03911e-05 7.16105e-05 1.10443e-05 0.000140676 8.33353e-05 8.18501e-05 8.91625e-06 0.000216507 0.000110693 7.46445e-05 2.2993e-05 0.00020245 7.32954e-05 5.30012e-05 
7.21617e-06 0.00014006 0.000110852 6.30721e-05 8.22402e-06 0.000153211 0.000201748 9.0084e-05 7.69157e-06 9.52649e-05 0.000107753 0.000116222 1.40533e-05 0.000112726 0.000115315 5.00903e-05 
8.20233e-06 9.96053e-06 4.08947e-05 0.000201059 2.57791e-05 8.36388e-06 3.11104e-05 6.58545e-05 3.22149e-05 8.39612e-06 1.95843e-05 0.000130488 1.15578e-05 1.76943e-05 3.63522e-05 7.49811e-05 
0.000178 9.54288e-06 1.02111e-05 2.5473e-05 3.71517e-05 8.06224e-06 4.95621e-06 2.35942e-05 0.000283741 6.59382e-06 5.4643e-06 1.70152e-05 5.83784e-05 1.13621e-05 9.01064e-06 2.2233e-05 
1.60146e-05 0.00013107 1.19393e-05 1.60951e-05 5.15077e-05 7.99456e-05 0.000132126 1.30141e-05 1.50753e-05 0.000169275 1.36019e-05 1.19675e-05 1.87472e-05 7.57289e-05 1.51454e-05 2.13103e-05 
2.88463e-05 1.0917e-05 0.00014869 6.70362e-05 1.8006e-05 1.17493e-05 1.07446e-05 0.000122999 1.10562e-05 2.02477e-05 9.0305e-05 0.000211345 5.93961e-06 1.07577e-05 9.28095e-06 0.000168104 
1.98374e-05 8.71659e-06 1.35697e-05 3.17667e-05 2.14415e-05 9.77909e-06 9.40507e-06 2.89494e-05 1.90877e-05 1.01004e-05 9.37675e-06 0.000116303 9.54802e-06 6.25225e-06 6.7594e-06 0.000177801 
2.14233e-05 1.40447e-05 7.73655e-06 1.0072e-05 7.24896e-05 2.06242e-05 9.90583e-06 1.01711e-05 0.000145077 2.27205e-05 9.34711e-06 1.14704e-05 1.51053e-05 7.2634e-06 6.20086e-06 7.25279e-06 
1.14325e-05 0.000144488 2.13877e-05 1.89386e-05 1.46328e-05 6.68287e-05 0.000120534 5.05622e-05 1.94462e-05 3.27788e-05 6.64849e-05 1.11537e-05 1.3559e-05 2.26105e-05 6.34451e-05 5.85704e-06 
