6.39847e-06 1.39293e-05 1.26497e-05 9.51368e-06 1.17469e-05 0.000186641 0.000127332 8.70689e-06 1.22911e-05 0.000244767 1.36116e-05 1.09813e-05 1.10375e-05 0.000180974 1.07705e-05 6.65395e-06 
6.28968e-05 9.15586e-06 1.04463e-05 2.06403e-05 4.60793e-05 1.28089e-05 8.81724e-06 2.18749e-05 9.91456e-05 1.02893e-05 9.32705e-06 0.000182231 1.31564e-05 1.66286e-05 1.24503e-05 0.000148633 
0.000143412 1.58476e-05 3.78335e-06 6.72419e-06 8.70335e-05 8.3504e-05 5.0786e-06 7.67285e-06 0.000134029 1.42536e-05 6.59423e-06 1.06298e-05 2.61333e-05 7.44546e-05 7.27946e-06 1.12482e-05 
2.17626e-05 0.000149904 9.31224e-06 6.52188e-06 1.16926e-05 0.000187947 1.30709e-05 5.44098e-06 1.62296e-05 0.000254951 1.59598e-05 1.28007e-05 6.07485e-05 0.00010406 0.000145338 1.79367e-05 
8.43324e-06 4.26705e-05 0.000105812 1.91687e-05 5.95527e-06 0.000112592 9.57838e-06 1.69635e-05 4.6233e-06 9.78589e-06 0.000219328 1.75657e-05 8.55823e-06 2.17665e-05 2.22331e-05 1.78327e-05 
0.000124381 8.42765e-06 9.26046e-06 9.65431e-05 0.000130689 5.38952e-06 6.67699e-06 0.000105132 2.05444e-05 5.62444e-06 6.61951e-06 1.25938e-05 1.13324e-05 9.03487e-06 9.25755e-06 1.61378e-05 
0.000127999 8.51212e-06 5.16957e-06 7.35334e-06 0.000200757 7.89444e-06 4.35959e-06 8.0072e-06 0.000107996 7.28264e-06 5.81541e-06 8.63967e-06 1.92217e-05 8.11013e-06 5.48387e-06 9.77178e-06 
8.87475e-05 0.000111883 8.58676e-06 1.10116e-05 1.04509e-05 0.000204494 7.60694e-06 8.15993e-06 1.26221e-05 9.21469e-05 1.91703e-05 1.02397e-05 2.79117e-05 4.6422e-05 1.01081e-05 1.76633e-05 
1.08454e-05 0.00022603 0.000173375 1.0374e-05 6.98204e-06 1.05052e-05 0.00011084 1.39564e-05 5.26106e-06 1.94156e-05 7.99382e-05 0.000117134 1.78947e-05 9.44527e-05 2.73939e-05 2.71691e-05 
0.000271678 1.26186e-05 1.50287e-05 0.000129626 2.09708e-05 7.33144e-06 8.22438e-06 9.47466e-05 3.04555e-05 4.35023e-06 1.26662e-05 7.6999e-05 1.32186e-05 1.20891e-05 1.25883e-05 3.99238e-05 
0.000144432 9.96292e-06 1.01984e-05 2.66906e-05 4.20156e-05 8.16894e-06 4.76332e-06 2.85236e-05 0.000144638 6.87052e-06 4.63675e-06 0.000222744 4.7037e-05 1.16775e-05 8.94381e-06 3.40174e-05 
2.11494e-05 0.000109173 1.14821e-05 1.65658e-05 2.28539e-05 3.08616e-05 8.91922e-06 1.14215e-05 7.92827e-05 2.14049e-05 1.13517e-05 1.07764e-05 2.82438e-05 0.000170264 1.20466e-05 1.31628e-05 
9.26231e-06 1.27971e-05 1.91962e-05 8.67418e-05 9.34446e-06 1.68174e-05 9.92718e-06 1.87281e-05 1.06228e-05 1.16967e-05 4.64818e-05 1.59366e-05 4.21845e-06 9.1227e-06 9.87708e-06 1.40003e-05 
7.07646e-05 8.7103e-06 1.1946e-05 0.000127472 0.00021601 1.50437e-05 9.13339e-06 0.000205308 1.69622e-05 1.12676e-05 9.52761e-06 0.000209278 1.03076e-05 5.98167e-06 6.71688e-06 0.00014569 
0.00025208 9.34229e-06 9.49784e-06 2.5245e-05 0.000254429 1.34919e-05 7.71798e-06 1.68888e-05 1.73785e-05 1.15245e-05 8.56504e-06 1.34408e-05 1.20827e-05 7.2566e-06 4.87104e-06 8.52566e-06 
2.06976e-05 0.000229287 8.78944e-06 1.21618e-05 5.44832e-05 0.000184139 1.12643e-05 9.74625e-06 3.92978e-05 1.63268e-05 1.1047e-05 1.05036e-05 1.92566e-05 0.000174357 8.14653e-06 5.45576e-06 
