7.51656e-06 1.35892e-05 3.767e-05 2.59807e-05 1.19584e-05 0.000179533 2.2171e-05 1.21678e-05 1.40571e-05 0.000142851 0.000156898 1.0975e-05 9.44503e-06 1.5084e-05 3.20392e-05 9.58337e-06 
0.000191369 6.69027e-05 4.55736e-05 8.06204e-05 0.000126088 6.03284e-05 4.16627e-05 7.56561e-05 0.000372023 3.79386e-05 7.43911e-05 0.000199087 0.00016807 7.75949e-05 8.98699e-05 8.77044e-05 
0.000116729 8.1127e-05 7.64878e-05 3.6981e-05 0.00015303 7.78905e-05 7.73769e-05 4.4757e-05 0.000184178 5.38161e-05 5.87679e-05 4.51773e-05 5.47001e-05 6.89252e-05 5.13242e-05 4.38813e-05 
4.94931e-05 0.000114983 8.68165e-05 0.000122732 9.43115e-05 0.000101534 4.90219e-05 6.02834e-05 0.000166103 0.000164761 7.64648e-05 5.02592e-05 0.000107794 7.6853e-05 0.000153084 5.7643e-05 
6.31738e-05 8.7984e-05 5.22611e-05 0.000103911 0.000168262 6.58302e-05 6.93716e-05 9.73422e-05 6.50407e-05 0.000135302 0.000222566 6.30065e-05 0.000118405 0.000222109 8.32439e-05 8.18614e-05 
5.75352e-05 4.55592e-05 6.80759e-05 4.08332e-05 0.000101078 4.14983e-05 5.00598e-05 4.89528e-05 0.000162639 3.65609e-05 3.79253e-05 5.57136e-05 8.50952e-05 5.21642e-05 5.03302e-05 5.60897e-05 
0.000157684 4.96796e-05 3.56881e-05 4.67595e-05 9.84237e-05 0.00012082 4.14928e-05 5.16819e-05 0.000804029 4.75375e-05 4.65308e-05 2.80445e-05 0.000126594 5.19679e-05 4.02658e-05 5.53958e-05 
0.00011663 0.00021239 3.54573e-05 4.10881e-05 8.1658e-05 0.000204959 4.62781e-05 3.48863e-05 7.1607e-05 0.000212457 9.35948e-05 4.01858e-05 0.000160502 0.000198161 2.74575e-05 4.62175e-05 
7.09068e-06 0.000138269 2.12441e-05 1.29915e-05 3.91568e-06 1.76488e-05 0.000116105 9.72675e-06 4.91139e-06 1.20096e-05 0.000207504 1.05687e-05 8.49932e-06 5.25002e-05 0.000221193 1.72496e-05 
5.7603e-05 9.27974e-06 8.77145e-06 0.000181308 0.000108571 1.27373e-05 7.09301e-06 6.92005e-05 0.000153373 3.9143e-06 6.36765e-06 0.000204782 1.65724e-05 8.88136e-06 1.07474e-05 3.38844e-05 
0.000117642 1.24847e-05 5.82143e-06 2.31273e-05 9.56542e-05 1.66478e-05 4.79068e-06 1.44704e-05 0.000186824 6.49012e-06 3.72871e-06 1.33885e-05 3.57392e-05 1.36482e-05 7.32191e-06 3.03098e-05 
2.88192e-05 0.000237697 1.08392e-05 1.53703e-05 2.21311e-05 0.000119033 1.03931e-05 9.09924e-06 1.67243e-05 8.78129e-05 1.52909e-05 9.40191e-06 1.37159e-05 2.45397e-05 1.2521e-05 2.25597e-05 
1.42593e-05 8.82259e-06 1.36968e-05 0.000154683 1.42906e-05 1.08052e-05 8.74099e-06 8.76196e-05 1.8045e-05 1.11878e-05 2.07625e-05 0.00037762 4.70794e-06 7.21318e-06 7.44742e-06 1.6973e-05 
9.59407e-06 1.32949e-05 1.2677e-05 3.02756e-05 0.000106238 1.3825e-05 9.4777e-06 1.7649e-05 1.38672e-05 1.16975e-05 8.66899e-06 2.35782e-05 7.85382e-06 6.70977e-06 7.74993e-06 5.05538e-05 
6.67321e-05 1.11494e-05 1.09294e-05 3.35239e-05 0.000235488 1.38598e-05 7.94548e-06 1.49737e-05 2.63438e-05 1.43316e-05 7.77552e-06 1.39318e-05 1.54311e-05 6.93589e-06 5.00318e-06 1.90447e-05 
0.000136296 2.99371e-05 1.52947e-05 1.38897e-05 9.95148e-05 0.000105039 1.16376e-05 1.39225e-05 0.000103535 2.75581e-05 1.04099e-05 1.17364e-05 4.46806e-05 1.43224e-05 9.49257e-06 8.92587e-06 
