6.96897e-05 0.0002266 0.000143655 0.000234634 0.000136794 0.00247477 0.00023831 3.67597e-05 
0.00228001 0.00136462 0.00013356 0.000478834 0.000609725 0.00151252 0.00276594 0.00339628 
0.00284763 0.00209114 0.000110926 0.000558341 0.000462812 0.000939933 0.00202357 0.00323588 
0.00311264 0.00259359 0.000122235 0.000225057 0.000452797 0.000688314 0.00149566 0.00295464 
0.00323604 0.000240042 0.00168156 0.000841011 0.000467319 0.000529828 0.00102163 0.00248869 
0.00259663 0.00301038 0.00239256 0.00157978 0.000697756 0.0004955 0.000740626 0.00178151 
0.0020734 0.00270849 0.00272527 0.00227508 0.00103386 0.000557776 0.000606676 0.00135105 
0.000135422 0.000226481 0.00311062 0.000149945 0.00134261 0.000196636 0.000510346 0.000942881 
0.00013078 0.00197141 0.000290839 0.00346755 0.00187902 0.000779917 0.000269402 0.000184689 
0.000201442 0.00138422 0.000143642 0.00310228 0.00273764 9.84372e-05 0.000500618 0.000389967 
0.000482764 0.000129984 0.00228846 0.000107059 0.00305081 0.00190543 0.000668985 6.95428e-05 
0.000364039 0.000629514 0.00143196 8.96681e-05 0.00297282 0.00282368 0.00122847 0.000549718 
0.000122354 0.000303969 0.000246395 0.000238452 0.00018838 0.000129048 0.000190838 0.000304154 
4.72984e-05 0.000373374 0.000215423 0.00010781 0.00010688 0.000125318 9.05534e-05 0.000221633 
8.36566e-05 0.000383228 0.000511589 0.000148948 8.41609e-05 0.000113051 9.94046e-05 0.00189718 
0.000176256 0.000469933 0.000373253 0.000101745 9.97032e-05 0.000316129 0.000132187 0.000225782 
