5.75052e-18 1.49167e-05 2.63046e-05 1.18437e-05 1.42275e-05 0.000160272 0.000111781 1.29444e-05 2.10447e-05 0.00017482 0.000133265 1.06821e-05 1.01283e-05 0.000286622 8.86392e-06 7.16016e-06 
2.13903e-05 5.68865e-18 8.1878e-06 1.40156e-05 5.31424e-05 6.63943e-06 7.17373e-06 1.55703e-05 0.000105512 9.8309e-06 1.02471e-05 0.000187374 1.39974e-05 4.63252e-05 1.52159e-05 1.71347e-05 
5.26985e-05 7.85069e-06 7.874e-18 7.92674e-06 0.000176653 9.93914e-06 3.65888e-06 9.22726e-06 7.45461e-05 1.57199e-05 1.17376e-05 1.21407e-05 2.24379e-05 0.000148705 9.26574e-06 1.37689e-05 
1.09282e-05 1.29718e-05 8.01586e-06 8.26282e-18 1.42992e-05 7.25296e-05 1.88443e-05 1.19097e-05 8.86036e-06 0.000252089 0.00011767 1.25668e-05 5.15562e-05 6.45364e-05 1.05486e-05 7.92449e-06 
1.52904e-05 0.000198683 0.000104587 0.000182705 6.83774e-18 2.48003e-05 8.91945e-05 2.13062e-05 5.54273e-06 8.09715e-06 8.85435e-05 3.05928e-05 1.4346e-05 1.68664e-05 0.000136824 9.83576e-05 
0.000104878 7.04147e-06 8.84706e-06 6.29259e-05 7.54053e-05 7.49901e-18 6.97295e-06 0.000143401 1.02679e-05 4.267e-06 6.50998e-06 1.38732e-05 2.83936e-05 1.08228e-05 1.70159e-05 1.79469e-05 
0.000175204 7.62639e-06 3.72347e-06 8.66567e-06 9.77019e-05 7.0713e-06 1.17563e-17 1.10443e-05 1.79239e-05 7.17889e-06 3.24372e-06 1.63551e-05 1.5868e-05 1.1612e-05 1.3047e-05 2.90892e-05 
1.42848e-05 1.28287e-05 1.25962e-05 1.18312e-05 2.04682e-05 6.06836e-05 1.19597e-05 1.0554e-17 1.01485e-05 0.000235003 4.77337e-05 6.91869e-06 1.52163e-05 0.000101613 1.9805e-05 1.36165e-05 
5.62927e-05 0.000261508 9.4186e-05 1.16977e-05 5.9345e-06 2.37904e-05 0.000199005 1.09169e-05 7.20258e-18 1.32222e-05 0.000117658 0.000131913 1.28005e-05 1.79665e-05 0.00011729 5.43592e-05 
0.000191163 1.21111e-05 2.39947e-05 0.000115532 1.24803e-05 4.37808e-06 7.1601e-06 0.000184723 1.27604e-05 6.36069e-18 6.95729e-06 0.000174932 9.60496e-06 1.05306e-05 3.91019e-05 4.91508e-05 
0.000187724 9.28477e-06 1.11316e-05 9.81268e-05 0.000148116 7.32866e-06 3.59715e-06 4.60352e-05 8.81164e-05 7.18376e-06 7.32238e-18 1.11199e-05 0.000133052 1.80853e-05 1.95389e-05 1.88376e-05 
1.31333e-05 0.000240358 1.12416e-05 1.18363e-05 2.09611e-05 1.92075e-05 9.86501e-05 7.40594e-06 0.000101506 7.39496e-05 1.33744e-05 5.64617e-18 1.43476e-05 7.34293e-05 9.2108e-05 1.39159e-05 
1.0358e-05 2.52123e-05 2.51004e-05 8.25165e-05 2.11247e-05 1.4333e-05 1.69203e-05 0.000145153 1.21423e-05 1.00288e-05 0.000129778 1.27426e-05 9.13888e-18 1.11414e-05 9.07097e-06 2.65668e-05 
8.56579e-05 1.84467e-05 5.0465e-05 0.000278542 3.13e-05 1.77784e-05 1.25131e-05 0.000142665 1.56034e-05 9.60574e-06 1.61013e-05 0.000133495 9.89189e-06 6.83961e-18 6.36306e-06 0.000148075 
0.000148987 1.4019e-05 1.96028e-05 1.15138e-05 0.000131015 1.38809e-05 1.59871e-05 2.07866e-05 2.83519e-05 1.63595e-05 1.3363e-05 8.33231e-05 9.99854e-06 6.57467e-06 5.79711e-18 5.63785e-06 
7.25082e-06 1.75224e-05 1.37536e-05 9.3799e-06 9.83576e-05 1.53015e-05 1.62774e-05 1.46902e-05 2.089e-05 0.000146218 2.01176e-05 1.44952e-05 0.00014125 0.000138646 5.4116e-06 9.3474e-18 
