6.92054e-06 1.6089e-05 0.000218524 2.28465e-05 0.000302745 1.53469e-05 9.8177e-06 9.02968e-06 1.05522e-05 1.02219e-05 3.72113e-05 6.22592e-05 0.000210467 0.000146219 1.11512e-05 1.15091e-05 
0.00019862 9.226e-05 9.4748e-05 0.000118117 0.00012872 0.000121897 0.000102768 0.000207671 0.000133988 2.61242e-05 0.000323931 0.000187423 4.24597e-05 5.47183e-05 0.000182088 0.000211171 
8.65312e-05 9.48428e-05 8.56936e-05 0.000120631 2.22455e-05 6.59947e-05 8.29995e-05 0.000104653 0.000105465 3.48816e-05 1.35392e-05 3.07898e-05 0.000141635 1.91843e-05 8.80655e-06 9.06818e-05 
8.79081e-05 6.89115e-05 0.000135528 0.000124719 6.66455e-05 4.67996e-05 5.1439e-05 5.92406e-05 9.20776e-05 7.19758e-05 0.000151468 1.8366e-05 0.000196819 1.90586e-05 4.32157e-05 5.0672e-05 
0.000144376 3.75697e-05 2.31256e-05 0.00114852 0.00179994 4.79291e-05 0.000197816 8.35638e-06 9.30468e-06 5.35186e-05 0.000231067 0.000186041 1.44753e-05 1.4199e-05 2.56658e-05 0.000189926 
0.000166087 8.58943e-05 9.1546e-05 5.98706e-05 2.71699e-05 0.000102478 0.000101232 0.000107377 9.72283e-05 3.45843e-05 6.46404e-06 8.09972e-05 2.70639e-05 1.16905e-05 1.64676e-05 7.30123e-05 
6.85643e-05 0.000236467 3.76896e-05 5.2801e-05 3.27969e-05 5.69524e-05 0.00010294 0.000179111 9.54306e-05 4.19907e-05 4.83183e-06 1.50911e-05 0.000103061 1.1181e-05 1.15881e-05 6.88419e-05 
5.98001e-05 0.000122159 0.000104548 0.000105924 0.000152434 6.06829e-05 7.7795e-05 0.000105281 0.000130375 4.14316e-05 2.11294e-05 1.23644e-05 0.000128703 1.68586e-05 1.45902e-05 1.68229e-05 
7.52468e-05 0.000437591 0.00011611 0.000413821 0.000394779 0.000435791 9.86327e-06 7.12249e-06 7.85154e-06 0.000136701 0.000104331 0.00012482 1.31725e-05 1.81466e-05 0.000157173 0.000156829 
0.000275517 0.000438975 4.1948e-05 6.5893e-05 3.08025e-05 0.000142804 0.000149381 0.000187342 0.000119948 4.98041e-06 7.77488e-06 0.000131423 6.11301e-05 1.98249e-05 1.60965e-05 2.4832e-05 
0.00015076 6.7427e-05 3.95484e-05 9.91528e-05 0.000125537 0.00022954 0.000150008 0.000180269 0.000163339 1.08315e-05 4.05428e-06 1.9423e-05 2.22454e-05 1.55372e-05 9.32234e-06 2.5268e-05 
0.00013572 0.000108829 0.000146162 0.000100067 3.90472e-05 7.05728e-05 0.000113199 9.87512e-05 0.000164036 0.000167953 2.1568e-05 9.93702e-06 1.94133e-05 9.75971e-05 1.72827e-05 6.54257e-05 
0.000158405 9.52882e-06 2.17927e-05 2.33583e-05 0.000161223 2.15054e-05 0.000207763 1.27029e-05 9.9147e-06 1.10814e-05 3.03501e-05 1.54547e-05 4.42412e-06 6.43557e-06 6.99088e-05 0.00032436 
0.000109829 5.96107e-05 3.97196e-05 3.36886e-05 5.47154e-05 3.86869e-05 0.000144354 0.000103698 0.000169736 1.94252e-05 1.6015e-05 6.69422e-05 7.35802e-06 4.7966e-06 6.25612e-06 1.54406e-05 
5.21069e-05 7.69032e-05 3.11733e-05 7.18718e-05 8.97813e-05 3.83468e-05 9.20871e-05 0.000122928 0.000100404 4.50382e-05 9.87203e-06 2.64647e-05 7.73407e-06 5.95855e-06 4.8538e-06 1.98425e-05 
3.69106e-05 7.15759e-05 0.000183472 6.44598e-05 0.000138685 3.05059e-05 3.66632e-05 6.71803e-05 6.9785e-05 0.00015838 3.23378e-05 3.84809e-05 0.000116346 0.000114597 6.2339e-06 6.0586e-06 
