8.9081e-06 1.26361e-05 9.615e-06 1.26293e-05 1.02464e-05 1.00917e-05 1.08596e-05 1.01044e-05 9.13981e-06 1.00397e-05 1.16647e-05 1.05983e-05 9.46005e-06 7.97753e-06 1.34836e-05 1.20379e-05 
8.48175e-05 7.34507e-05 6.73783e-05 0.000149497 9.6412e-05 5.96047e-05 8.16287e-05 8.58978e-05 6.15389e-05 5.7462e-05 5.6452e-05 0.000102761 6.49635e-05 9.64533e-05 8.47219e-05 8.48182e-05 
3.88405e-05 0.000115152 4.15797e-05 4.28514e-05 3.66231e-05 6.85912e-05 5.4292e-05 7.75836e-05 3.69518e-05 3.99715e-05 5.23263e-05 3.82348e-05 4.89618e-05 3.64488e-05 3.86805e-05 4.18823e-05 
5.02747e-05 6.03146e-05 5.33763e-05 6.02447e-05 6.79302e-05 3.72932e-05 5.24239e-05 6.17547e-05 5.51885e-05 4.32035e-05 9.63188e-05 6.24613e-05 0.000111871 5.20231e-05 0.000126261 5.18194e-05 
9.69995e-05 8.92952e-05 0.000159463 0.000168487 8.2807e-05 0.000150477 7.71607e-05 8.05754e-05 7.16488e-05 8.95734e-05 9.01794e-05 0.000111184 0.000230215 9.80871e-05 0.000167173 6.85302e-05 
4.72941e-05 0.000139464 4.73992e-05 4.89849e-05 6.4911e-05 5.20955e-05 5.6286e-05 6.51581e-05 5.75819e-05 4.23589e-05 6.30058e-05 8.27108e-05 6.07108e-05 4.43682e-05 4.09955e-05 6.69478e-05 
4.14736e-05 5.46817e-05 3.30664e-05 5.40926e-05 3.33146e-05 8.01015e-05 6.34086e-05 5.83476e-05 5.08254e-05 9.89603e-05 6.45085e-05 4.35087e-05 3.6697e-05 3.25384e-05 7.59159e-05 5.56732e-05 
6.48368e-05 4.98805e-05 3.91303e-05 6.02632e-05 6.84638e-05 7.28236e-05 5.69297e-05 7.44813e-05 4.40899e-05 5.26622e-05 9.43583e-05 4.80304e-05 6.94977e-05 6.01053e-05 8.09254e-05 4.82797e-05 
0.000123081 9.36254e-05 6.83943e-05 3.47472e-05 0.000125816 0.000112624 0.000217058 9.72474e-05 0.000169009 2.69309e-05 8.58102e-05 1.59122e-05 0.000152015 2.9587e-05 2.65995e-05 0.000216298 
2.93708e-05 2.32851e-05 9.98885e-05 2.15395e-05 8.57835e-05 2.88206e-05 4.57971e-05 2.79e-05 7.90825e-05 9.55568e-05 0.000106981 2.63943e-05 4.57877e-05 8.62601e-05 5.57075e-05 3.84382e-05 
2.0689e-05 1.75086e-05 1.43526e-05 1.57923e-05 1.64236e-05 1.54149e-05 1.68681e-05 1.45149e-05 1.62541e-05 1.69519e-05 1.60225e-05 1.3864e-05 1.54238e-05 1.828e-05 1.47794e-05 1.53783e-05 
2.2589e-05 1.97e-05 2.21702e-05 2.5779e-05 2.40258e-05 2.12676e-05 2.32715e-05 2.14539e-05 2.46466e-05 2.52436e-05 2.08401e-05 2.3365e-05 2.04259e-05 2.16308e-05 2.03769e-05 3.29096e-05 
1.28084e-05 1.36341e-05 1.35349e-05 1.20491e-05 1.11045e-05 1.3845e-05 1.26369e-05 1.31111e-05 1.88676e-05 1.13469e-05 1.45038e-05 1.16154e-05 1.41168e-05 1.70293e-05 1.28553e-05 1.32964e-05 
1.18556e-05 1.29764e-05 1.39287e-05 1.47411e-05 1.13935e-05 1.61781e-05 1.27231e-05 1.32801e-05 1.14337e-05 9.9143e-06 1.28045e-05 9.94909e-06 1.57426e-05 1.05985e-05 1.25096e-05 1.33624e-05 
1.01388e-05 1.14283e-05 1.07907e-05 9.85495e-06 1.00322e-05 1.44778e-05 1.18856e-05 1.09281e-05 1.01615e-05 1.12951e-05 1.17913e-05 1.27746e-05 1.32134e-05 1.23341e-05 1.1307e-05 1.07164e-05 
2.63785e-05 1.77765e-05 2.14892e-05 1.49347e-05 2.29303e-05 2.22651e-05 1.60723e-05 1.40476e-05 1.47349e-05 1.74032e-05 1.54306e-05 2.21007e-05 2.18811e-05 1.28625e-05 1.65042e-05 1.86658e-05 
