0
2.67862e-07
1.43116e-07
2.32694e-07
3.14073e-07
2.47354e-07
1.58824e-07
2.97942e-07
2.63897e-07
1.02126e-07
2.05983e-07
8.2985e-08
9.98891e-08
7.37501e-08
9.86535e-08
6.29565e-08
8.87989e-08
5.15287e-08
8.28989e-08
6.94438e-08
3.6723e-08
4.98616e-08
5.50051e-08
9.61115e-08
5.70708e-08
1.05679e-07
1.59626e-07
2.06898e-07
3.1358e-07
2.90909e-07
4.60113e-07
2.12533e-07
4.36971e-07
2.87221e-07
3.21907e-07
4.72918e-07
5.25827e-07
6.7816e-07
5.93796e-07
5.50553e-07
1.98237e-07
2.03841e-07
6.43217e-08
1.49395e-07
1.31659e-07
5.77297e-08
8.28813e-08
1.40641e-07
4.8371e-07
4.12386e-07
0
