0
2.67862e-07
-1.24747e-07
8.95784e-08
8.13793e-08
-6.67189e-08
-8.85302e-08
1.39118e-07
-3.40451e-08
-1.61771e-07
1.03857e-07
-1.22998e-07
1.69041e-08
-2.6139e-08
2.49034e-08
-3.5697e-08
2.58423e-08
-3.72702e-08
3.13702e-08
-1.34551e-08
-3.27207e-08
1.31386e-08
5.14346e-09
4.11064e-08
-3.90407e-08
4.86085e-08
5.39467e-08
4.72722e-08
1.06681e-07
-2.26706e-08
1.69204e-07
-2.47579e-07
2.24437e-07
-1.49749e-07
3.46858e-08
1.51011e-07
5.29095e-08
1.52333e-07
-8.43639e-08
-4.32432e-08
-3.52316e-07
5.60381e-09
-1.39519e-07
8.50733e-08
-1.77357e-08
-7.39297e-08
