2.3027e-07
1.43116e-07
2.32694e-07
2.08865e-07
2.47354e-07
9.99649e-08
2.97942e-07
1.98824e-07
9.71699e-08
2.05983e-07
8.2985e-08
8.26523e-08
7.37501e-08
9.86535e-08
6.29565e-08
7.55956e-08
5.15287e-08
8.28989e-08
5.18359e-08
3.60722e-08
4.98616e-08
5.49055e-08
7.34633e-08
5.29542e-08
1.0218e-07
1.34652e-07
8.33734e-08
2.35947e-07
2.55401e-07
3.20762e-07
1.55183e-07
4.36971e-07
2.51861e-07
3.21907e-07
4.72918e-07
3.93352e-07
5.30655e-07
3.80276e-07
5.50553e-07
1.67541e-07
2.03841e-07
6.37078e-08
1.49395e-07
1.02213e-07
5.77297e-08
8.28813e-08
4.84509e-08
2.55527e-07
3.59576e-07
