-0.00277708
-0.00626196
-0.0184591
-0.0202015
-0.0308813
0.025228
0.00767755
0.00941999
-0.0219439
-0.0350127
-0.0289137
-0.0149742
-0.0299691
-0.0306561
-0.0167166
-0.0263852
-0.0271713
0.0146473
0.0163897
0.0181322
0.0111624
0.0190145
0.0198746
-0.034141
-0.0339355
-0.0337992
-0.0329779
-0.0334196
0.0129049
-0.0348842
-0.0348633
-0.0346267
-0.034477
-0.0320289
-0.0323986
-0.0325111
-0.0345523
-0.0344827
-0.0342943
-0.0342082
-0.032774
-0.0330131
-0.0225145
-0.0236864
-0.0254288
-0.0132317
-0.0104988
0.0273555
0.0285868
-0.0114893
0.0330426
0.0324142
0.0314881
0.031404
-0.00392979
-0.0145642
-0.00800441
0.0323105
0.0314454
0.0333156
0.0216171
0.0296893
0.0303293
-0.00451953
0.0332459
-0.00615048
0.032873
-0.00894421
0.00419267
0.00245024
-0.00974685
0.0320717
0.0310068
0.0268444
0.0233595
0.0328835
0.0333414
0.025102
0.0333344
0.0329816
0.0328545
-0.00277708
-0.00103465
-0.00626197
0.0318368
0.00070779
0.0320717
0.00593512
-0.00451953
-0.0149742
-0.034141
-0.0323986
0.0320717
-0.034141
-0.0306561
-0.0219439
0.0181322
-0.0254288
0.0111624
-0.0167166
-0.034141
0.0163897
0.0320717
0.0251019
0.0129049
-0.0323986
0.0146473
-0.034141
0.0320717
-0.034141
-0.0323986
0.00941999
-0.0306561
0.00593512
-0.0323986
-0.0323986
-0.034141
0.0285868
0.0303293
-0.0236864
0.0303293
0.0268444
-0.0334165
-0.0333828
-0.0206802
-0.0219439
0.0306256
-0.0236566
-0.00103465
-0.0327383
-0.0332665
0.0111624
-0.00277708
0.0129049
0.0302451
0.0163897
0.0146473
0.0303293
-0.00451953
-0.00626197
-0.0236864
0.0325988
0.032575
0.0307339
0.0303293
-0.0271713
-0.0254288
0.0326473
0.0326505
0.0303293
-0.018459
-0.0202015
0.0308065
-0.0343624
0.00070779
0.0303094
0.0285868
0.0283892
0.0316044
-0.0344128
-0.0342707
-0.034141
-0.0339002
-0.0339466
-0.0149742
0.0311213
-0.0167166
-0.0178868
-0.0110019
-0.00974685
-0.0340511
-0.0337081
-0.00828928
0.0320717
0.0315284
0.0321755
-0.0132317
-0.0114893
0.0323359
-0.00800441
0.0321174
0.0320745
0.0320717
0.00718878
0.00882639
0.00941999
0.00767755
-0.0303482
-0.0306561
-0.0308756
-0.031778
-0.0322516
0.0198746
0.0181322
-0.0321392
0.0216171
-0.032163
0.00245024
0.0268426
0.0268444
0.024936
0.00463917
0.00593512
0.025102
0.00419267
0.0233595
-0.0289137
-0.0323986
-0.0295533
-0.0291208
0.0320717
0.0320717
-0.0289137
0.00419267
0.0320717
0.00767755
-0.034141
-0.0306561
-0.0184591
-0.034141
-0.0202015
-0.00451953
-0.0114893
0.0303293
-0.00277708
-0.0132317
-0.0323986
0.0320717
-0.0289137
-0.00800441
-0.034141
-0.00103465
-0.0271713
-0.0149742
0.0303293
