0.0362178
0.0362178
0.0370075
0.0370069
0.0309905
0.0327329
0.03489
0.0350046
0.036432
0.001369
0.0339149
0.0362819
0.0327329
0.0312902
0.0365936
0.0344754
0.0343104
0.0349184
0.0349049
0.0346892
0.0348669
0.0344754
0.0342463
0.0160726
0.017051
0.0187934
0.0222783
0.0205358
0.0348383
0.00311144
0.00485388
0.00659632
0.00833876
0.0292481
0.0282529
0.0275056
0.0100812
0.0118236
0.0135661
0.0153085
0.0257632
0.0240207
0.0362178
0.0356199
0.0347522
0.0360448
0.0344754
0.0309905
0.0301105
0.0354294
0.0240207
0.0257632
0.001369
0.00311144
0.0362178
0.0362178
0.0352802
0.00833876
0.00485388
0.0187934
0.034025
0.0292481
0.0283587
0.0362721
0.017051
0.0362178
0.0100812
0.0344754
0.0355758
0.0358981
0.0343119
0.0262843
0.0275056
0.0315856
0.0336093
0.0118236
0.0222783
0.0327807
0.0205358
0.0153085
0.0135661
0.0361258
0.0359389
0.0362047
0.00659632
0.0357902
0.00772883
0.0349482
0.0362178
0.0362178
0.0153085
0.0275056
0.00833877
0.0135661
0.0309905
0.0362178
0.0344754
0.0344754
0.0344754
0.0362178
0.0118236
0.0344754
0.0257632
0.0327329
0.0344754
0.0257632
0.0344754
0.00833877
0.0100812
0.00659632
0.0222783
0.0344754
0.0292481
0.0344754
0.0205358
0.0240207
0.0100812
0.0292481
0.00485388
0.0344754
0.0275056
0.0309905
0.0135661
0.0153085
0.0362178
0.0355852
0.00659632
0.0344754
0.0351608
0.0187934
0.017051
0.0339561
0.0350379
0.0341005
0.00485388
0.033885
0.0340144
0.00443561
0.0349835
0.0354209
0.0344615
0.017051
0.0187934
0.00311144
0.00606704
0.0334513
0.0338688
0.0205358
0.0222783
0.0274812
0.0364137
0.0363917
0.001369
0.001369
0.0351921
0.0275056
0.0290667
0.029248
0.0100812
0.00311144
0.00485388
0.00559215
0.00659632
0.00833877
0.0354196
0.00833876
0.0357904
0.0362178
0.0344754
0.0341163
0.0100812
0.0118236
0.0344754
0.0243569
0.0257632
0.0240207
0.0352798
0.0347487
0.0153085
0.0347067
0.0135661
0.0118236
0.0114757
0.0344754
0.0344754
0.034253
0.0345551
0.0292481
0.02824
0.0275056
0.0257632
0.0240207
0.0334417
0.0338457
0.0222783
0.0333122
0.0205358
0.0351158
0.0309905
0.0309882
0.0327329
0.0344754
0.0343904
0.0326436
0.0345619
0.0333276
0.0330099
0.0196794
0.0309905
0.0327329
0.0118236
0.0135661
0.0327329
0.0344754
0.0240207
0.0344754
0.00485388
0.0275056
0.0362178
0.001369
0.0362178
0.0344754
0.0344754
0.00659632
0.0344754
0.0344754
0.0187934
0.0153085
0.0309905
0.0344754
0.00311144
0.0344754
0.0327329
0.0344754
-0.02651
