2.67862e-07
1.42484e-07
2.16637e-07
3.14073e-07
1.72281e-07
1.58824e-07
2.54305e-07
2.63897e-07
1.02126e-07
1.39757e-07
8.1598e-08
9.98891e-08
5.63902e-08
6.89901e-08
6.00476e-08
8.87989e-08
4.23037e-08
6.15231e-08
6.94438e-08
3.6723e-08
4.23362e-08
5.50051e-08
9.61115e-08
5.70708e-08
1.05679e-07
1.59626e-07
2.06898e-07
3.1358e-07
2.90909e-07
4.60113e-07
2.12533e-07
3.29466e-07
2.87221e-07
2.07267e-07
2.9823e-07
5.25827e-07
6.7816e-07
5.93796e-07
2.12635e-07
1.98237e-07
1.31209e-07
6.43217e-08
1.40013e-07
1.31659e-07
5.21256e-08
4.57687e-08
1.40641e-07
4.8371e-07
4.12386e-07
