1.93729e-15
3.23264e-07
2.71605e-06
4.6003e-06
4.58559e-06
5.88893e-06
6.78361e-06
7.34673e-06
9.09079e-06
1.05165e-05
1.1097e-05
1.10975e-05
1.10325e-05
1.09804e-05
1.27241e-05
1.43397e-05
2.56048e-05
3.53527e-05
3.63215e-05
3.68425e-05
3.71435e-05
3.69981e-05
3.68464e-05
3.66707e-05
3.64366e-05
4.51597e-05
5.02605e-05
5.01631e-05
4.99654e-05
4.97892e-05
4.95699e-05
4.94017e-05
4.92196e-05
4.9284e-05
4.89617e-05
4.86204e-05
4.87338e-05
4.85488e-05
4.81929e-05
4.77988e-05
4.749e-05
4.73837e-05
4.72309e-05
4.71134e-05
5.40152e-05
6.02995e-05
6.02037e-05
6.34457e-05
6.68248e-05
6.97415e-05
7.04662e-05
7.12576e-05
7.25326e-05
7.37915e-05
7.46968e-05
7.63892e-05
7.83658e-05
8.27374e-05
8.35582e-05
8.44961e-05
8.66295e-05
8.89125e-05
9.11982e-05
9.35126e-05
9.4998e-05
9.68149e-05
9.91074e-05
0.000101288
0.000103253
0.000105101
0.000106081
0.000105803
0.000106637
0.000107458
0.000108379
0.00010934
0.000110321
0.000111923
0.00011192
0.000112708
0.000112564
0.000114357
0.000114876
0.000116562
0.000116245
0.000117844
0.000119464
0.000118874
0.00011821
0.000117629
0.000117061
0.000116448
0.000115831
0.000116398
0.000116958
0.000117769
0.000118479
0.000117903
0.000117312
0.000117838
0.000118223
0.000118567
0.000118758
0.000118821
0.000118831
0.000118406
0.000117821
0.000117241
0.000116667
0.000116221
0.000116683
0.000116244
0.000115791
0.000116227
0.000115751
0.000115731
0.000115643
0.00011511
0.000115503
0.000115885
0.000115475
0.000114947
0.000114419
0.000113909
0.000114051
0.000113557
0.000113568
0.000113851
0.000114377
0.000114552
0.000114775
0.000114882
0.000114401
0.000114582
0.000114245
0.000114102
0.000113841
0.000113615
0.000114355
0.000113946
0.000113695
0.000113378
0.000113057
0.000113812
0.000114554
0.000115062
0.000114665
0.00011537
0.00011544
0.000115023
0.00011555
0.000115154
0.000115596
0.000115138
0.000115288
0.000115654
0.000115788
0.000115714
0.000115264
0.000115297
0.000114858
0.000114416
0.000113972
0.00011353
0.000113086
0.000112644
0.000112826
0.000112959
0.000112544
0.000112258
0.000111863
0.000111434
0.00011101
0.00011059
0.000110176
0.000110236
0.000109882
0.000109636
0.0001094
0.00010911
0.000108788
0.000108587
0.000108251
0.000108098
0.000107765
0.000107409
0.00010708
0.000106778
0.000106453
0.000106102
0.000105771
0.000105441
0.000105373
0.00010505
0.000104729
0.000104394
0.000104046
0.000103698
0.000103376
0.00010348
0.000103368
0.000103285
0.000103262
0.000103243
0.00010326
0.00010327
0.000103021
0.000102967
0.000102987
0.000103015
0.000102949
0.000103243
0.000103248
0.000103583
0.0001037
0.000103862
0.00010423
0.000103914
0.000104277
0.00010466
0.00010502
0.000104859
0.000104558
0.000104261
0.000103955
0.00010403
0.000104098
0.000103785
0.000103482
0.000103194
0.000103034
0.000102744
0.00010285
0.000102554
0.000102638
0.000102721
0.000102476
0.000102252
0.000101942
0.000101735
0.000101425
0.000101162
0.00010087
0.000100572
0.000100417
