1.93729e-15
3.23264e-07
2.71605e-06
4.6003e-06
5.52533e-06
6.25217e-06
7.87095e-06
9.34601e-06
9.95364e-06
9.95966e-06
1.71257e-05
1.75068e-05
1.77424e-05
1.79528e-05
1.80604e-05
1.8498e-05
2.03721e-05
2.22299e-05
2.47363e-05
2.71591e-05
2.90192e-05
3.57741e-05
3.90647e-05
4.3156e-05
4.78231e-05
5.3681e-05
5.49764e-05
5.90978e-05
5.98698e-05
6.56196e-05
6.89205e-05
7.41637e-05
7.39669e-05
7.36897e-05
7.34109e-05
7.31267e-05
7.28461e-05
7.56384e-05
7.7989e-05
8.0091e-05
8.17868e-05
8.29542e-05
8.36599e-05
8.30972e-05
8.75606e-05
8.6966e-05
8.63796e-05
