0
1.62303e-07
5.73743e-09
-7.99921e-08
1.71019e-08
-1.32511e-08
1.56771e-08
-5.24938e-08
8.0478e-08
-8.16851e-09
-7.53214e-08
3.30123e-08
3.63432e-08
2.81848e-08
1.45857e-08
1.71713e-07
1.01965e-07
6.80586e-07
-2.80786e-07
7.91769e-07
-1.42212e-07
-1.07881e-07
-6.45234e-07
2.60121e-07
-5.56442e-07
-2.85695e-07
7.29804e-09
-5.41686e-08
-1.74578e-08
-2.9182e-08
2.66184e-08
3.17439e-09
-1.55168e-08
-3.15082e-08
4.91444e-08
-2.64939e-08
-8.47909e-09
-1.67996e-08
1.81106e-08
3.54007e-08
-2.49995e-08
7.11687e-09
-8.93122e-09
2.40582e-09
-2.9893e-08
