0.0328439
0.017247
0.0311109
0.027645
0.0324751
0.025912
0.0327249
0.0328439
0.013781
0.0252523
0.0329045
0.0336975
0.022446
0.0300764
0.024179
0.020713
0.0308142
0.0311109
0.02922
0.029378
0.0273684
0.0329842
0.0330804
0.0334475
0.0325842
0.0313948
0.0321458
0.0326464
0.00511604
0.00338304
0.015514
0.00858203
0.00684903
0.015514
0.0170391
0.017247
0.01898
0.0311074
0.0311109
0.017247
0.01898
0.0316775
0.0328463
0.025912
0.00165005
0.0237065
0.024179
0.022446
0.020713
0.033741
0.010315
0.0329086
0.033509
0.00165005
0.0328439
0.0312522
0.0332962
0.031419
0.0323587
0.0317116
0.033116
0.0333132
0.032923
0.0316463
0.0323406
0.0334224
0.0337857
0.0337512
0.00858203
0.00684903
0.00315161
0.010315
0.012048
0.027645
0.0293458
0.00338304
0.00511604
0.0306327
0.029378
0.013781
0.012048
0.0328439
0.00338304
0.0328439
0.0328439
0.00511604
0.0328439
0.0311109
0.0328439
0.010315
0.00511604
0.00684903
0.00684903
0.00858203
0.0328439
0.00338304
0.024179
0.0328439
0.012048
0.022446
0.0328439
0.0328439
0.0328439
0.025912
0.00858203
0.027645
0.0328439
0.022446
0.029378
0.0323833
0.025912
0.024179
0.0321959
0.0318678
0.0314259
0.0331695
0.0233648
0.027645
0.0289318
0.0300722
0.03071
0.0311109
0.0317068
0.0311829
0.0316811
0.032026
0.0319013
0.0028915
0.00165005
0.00511603
0.025912
0.0257486
0.0328236
0.0323843
0.013781
0.015514
0.013781
0.015514
0.0324819
0.017247
0.01898
0.00338304
0.020713
0.0327299
0.032305
0.024179
0.0216597
0.022446
0.020713
0.0130339
0.0326692
0.0311729
0.0307714
0.0311109
0.0330551
0.0333413
0.0332801
0.0312457
0.027645
0.0315026
0.012048
0.00684903
0.01898
0.017247
0.0156594
0.0294252
0.0301547
0.029378
0.010315
0.0275951
0.032743
0.0325314
0.00165005
0.00338304
0.0326912
0.0328439
0.00511604
0.00858203
0.012048
0.032287
0.0325633
0.010315
0.0328439
0.00877812
0.00858203
0.0334018
0.00684903
0.01898
0.029378
0.015514
0.0311109
0.020713
0.013781
0.017247
0.0311109
0.0311109
0.00165005
0.0328439
0.015514
