0.0166545
-0.0336023
-0.0266703
0.0303483
0.00798953
-0.0314777
0.00625654
0.0045391
0.0329336
-0.0318693
-0.0110734
-0.00240843
-0.033016
0.0270525
-0.0326632
-0.0331311
0.0253195
0.0242248
0.0287854
0.0284633
0.0305184
0.00279055
0.00105756
-0.000675442
0.0149215
0.0114555
0.0131885
0.0166545
-0.0337238
-0.0338036
0.0326192
-0.0339037
-0.0339351
-0.034223
-0.0336023
-0.0335222
-0.0333449
-0.0266703
-0.026652
0.0325757
0.0325931
-0.0249374
0.00452354
0.0313794
-0.0341691
0.0322514
0.0320729
0.0325454
0.0326168
-0.0162724
-0.0337638
-0.0214714
-0.0197384
0.0319787
-0.0216796
0.0235865
-0.00414143
0.0218535
-0.0232043
0.00972253
-0.00587442
-0.00760742
-0.0093404
0.0201205
0.0183875
-0.0128064
-0.0145394
-0.0180054
0.0325563
0.0323887
0.0322514
0.0328425
0.0330521
-0.0309242
-0.0301363
0.0323026
0.032421
-0.0284033
-0.0301143
-0.0341408
-0.0337993
0.00452355
0.0322514
-0.00934041
-0.0214714
-0.0336023
-0.0110734
0.0235865
-0.00587442
-0.0336023
0.0322514
0.0322514
-0.0336023
-0.0336023
0.00105756
-0.0336023
-0.0318693
0.00279055
-0.0336023
0.0322514
-0.00067544
-0.00760742
-0.00414143
0.0305184
0.0322514
0.0287855
-0.00240843
-0.0324619
-0.0296559
0.00452355
-0.030688
-0.0311476
0.00625654
0.00798953
0.00972252
-0.0197384
-0.0318693
-0.0305922
-0.0301363
-0.0284033
-0.0266703
-0.0258337
-0.0249374
0.0114555
0.0131885
0.0149215
0.0166545
-0.0336023
-0.0337746
-0.033191
0.0303753
0.0305184
-0.00240843
-0.000675442
-0.0337548
-0.0336666
0.0324852
0.0323773
0.00279055
0.0323244
0.0322725
-0.0334546
-0.0327166
-0.00760742
0.00105756
0.0314884
0.0322514
0.0321136
0.0323006
-0.0336023
-0.0093404
0.0218535
0.0235865
0.0224067
-0.0128064
-0.0145394
-0.0162724
0.0201205
0.0287516
0.0183875
-0.0333676
-0.0332241
-0.0326209
-0.0328378
-0.0336023
0.0270525
0.0253195
0.0271127
-0.0332358
0.0287854
-0.00414143
-0.00587442
0.0313925
0.0314903
-0.0110734
-0.0118955
0.0319113
0.0322392
0.0326862
-0.0232044
-0.0214714
0.0325648
-0.0205221
0.0322514
-0.0332839
-0.0180054
0.0321825
0.0322514
0.0270525
-0.0336023
0.0114555
0.0322514
-0.0336023
0.0322514
0.0218535
0.0201205
-0.0336023
-0.0128064
0.0322514
