1.27484e-06
3.05521e-06
1.87469e-06
1.79268e-06
1.09824e-05
5.9984e-06
4.39033e-06
1.53578e-06
2.71138e-06
1.097e-06
2.31201e-06
2.44428e-06
2.28071e-06
1.90052e-06
8.95746e-07
1.9347e-06
1.1865e-06
3.95047e-06
1.81228e-06
2.93479e-06
1.67778e-06
3.68186e-06
1.32823e-06
2.46773e-06
2.89554e-06
3.72769e-06
5.81903e-06
5.09413e-06
3.4043e-06
3.25714e-06
1.80617e-06
1.10815e-06
1.20165e-06
4.93958e-06
2.06872e-06
1.33344e-06
1.70199e-06
9.86682e-07
5.73958e-06
3.56338e-06
3.85697e-06
2.65023e-06
1.65671e-06
2.27565e-06
2.56707e-06
1.83364e-06
2.6026e-06
2.94804e-06
2.20858e-06
1.27748e-06
2.0016e-06
1.16397e-06
3.35007e-06
1.7311e-06
2.0893e-06
1.81837e-06
2.26338e-06
5.77257e-06
1.0265e-06
4.39875e-06
2.16721e-06
2.44692e-06
1.21572e-06
1.9018e-06
1.28845e-06
2.66262e-06
1.34893e-06
2.1203e-06
4.46048e-06
7.40342e-06
4.74097e-06
3.10478e-06
