-0.0435202
-0.0418308
-0.0420328
-0.0410363
-0.041229
-0.0424445
-0.0445463
-0.0381292
-0.0440042
-0.0415073
-0.041356
-0.041356
-0.0441936
-0.0325207
-0.044936
-0.0415534
-0.0361335
-0.0359276
-0.0197161
-0.042575
-0.0168278
-0.0317013
-0.0337634
-0.0336223
-0.0200366
-0.0375039
-0.031229
-0.0310861
-0.0334772
-0.033375
-0.0405062
-0.0439192
-0.0420919
-0.0412553
-0.0338659
-0.0306439
-0.0306371
-0.0448189
-0.0335431
-0.0431466
-0.0431724
-0.0430457
-0.0447451
-0.0427998
-0.0419429
-0.0436793
-0.0443904
-0.0452843
-0.0440167
-0.0432737
-0.0448755
-0.0435622
-0.042023
-0.04211
-0.0461373
-0.0199478
-0.0332604
-0.0346205
-0.0462594
-0.044652
-0.0409278
-0.0323954
-0.0449509
-0.0289803
-0.0449739
-0.0419611
-0.0455687
-0.0436244
-0.0459635
-0.0345839
-0.043681
-0.0456277
-0.0436299
-0.046908
-0.0279418
-0.0448028
-0.0396377
-0.03085
-0.0443162
-0.0451473
-0.0430668
-0.0447298
-0.0291854
-0.0445284
-0.0429998
-0.0428571
-0.0448773
-0.0431427
-0.0430781
-0.0427452
-0.0403884
-0.0441464
-0.0445703
-0.0448539
-0.0432627
-0.0437348
-0.0437899
-0.0432824
-0.0423013
-0.0448262
-0.0419934
-0.0404309
-0.0422292
-0.0420439
-0.0451156
-0.0441928
-0.0449175
-0.0414265
-0.0442976
-0.0436464
-0.0451047
-0.0302223
-0.0283099
-0.0431241
-0.0421787
-0.0434777
-0.0436086
-0.0365802
-0.0422135
-0.0296089
-0.0283629
-0.0424973
-0.0452495
-0.0441499
-0.0423139
-0.0441637
-0.043302
-0.0419499
-0.0421011
-0.0292368
-0.0443474
-0.0424129
-0.0433129
-0.0441511
-0.0423196
-0.0428845
-0.043727
-0.0442821
-0.0338096
-0.0458939
-0.0437821
-0.0432575
-0.0428635
-0.0431756
-0.0421344
-0.0461628
-0.0279927
-0.0446435
-0.0441859
-0.0440127
-0.0469226
-0.0426856
-0.044186
-0.0440429
-0.0321987
-0.0290796
-0.0435892
-0.0443901
-0.0438749
-0.0409524
-0.0437199
-0.0406526
-0.0418621
-0.0429203
-0.0416763
-0.0287042
-0.0339728
-0.0314547
-0.0272341
-0.0303218
-0.0416096
-0.0426543
-0.0426646
-0.0307187
-0.0436024
-0.0454881
-0.0432922
-0.0418761
-0.0304813
-0.0402222
-0.04159
-0.0338979
-0.0432861
-0.0359153
-0.0298116
-0.0400681
-0.0444431
-0.0433153
-0.0441337
-0.0433265
-0.0422129
-0.0425439
-0.0430646
-0.0284165
-0.042773
-0.0425597
-0.0440943
-0.0437818
-0.0439516
-0.0433065
-0.0417591
-0.0420127
-0.0450869
-0.0438864
-0.0440277
-0.0432943
-0.0439051
-0.0433569
-0.0446163
-0.0441627
-0.0288446
-0.0429644
-0.0422704
-0.0430164
-0.04396
-0.0421016
-0.0419463
-0.0423573
-0.0438735
-0.04379
-0.0426129
-0.0447642
-0.0435092
-0.0412032
-0.0453759
-0.0303972
-0.0423478
-0.0276158
-0.0420761
-0.0435982
-0.0263524
-0.0285313
-0.0416176
-0.0422403
-0.0422903
-0.0332702
-0.0435196
-0.0289193
-0.0354736
-0.0279383
-0.0449574
-0.0409119
-0.0426858
-0.0427419
-0.042477
-0.0428631
-0.0430644
-0.0414882
-0.0332634
-0.0298257
-0.0401069
-0.0453245
-0.0446355
-0.0431424
-0.0434384
-0.044469
-0.0437459
-0.0420956
-0.0432363
-0.0460581
-0.0411425
-0.0444706
-0.0452105
-0.0442853
-0.0423113
-0.0319324
-0.0288279
-0.0426312
-0.0291733
-0.0410235
-0.0425798
-0.0420313
-0.0428759
-0.0439214
-0.0427112
-0.0422271
-0.0457104
-0.0436165
-0.0431766
-0.0433581
-0.0430253
-0.0443426
-0.0458425
-0.0429904
-0.0447791
-0.0418905
-0.0428164
-0.0425529
-0.0428605
-0.0421563
-0.0429389
-0.0433413
-0.0423673
-0.0448976
-0.0449855
-0.0423592
-0.040186
-0.0429358
-0.0459985
-0.0443835
-0.0433308
-0.0426697
-0.0430529
-0.043166
-0.0442087
-0.0412662
-0.0411517
-0.0437456
-0.041605
-0.0417828
-0.0410542
-0.0427259
-0.0265876
-0.0278352
-0.0437761
-0.0440871
-0.0455005
-0.0428279
-0.0446756
-0.0431007
-0.0436789
-0.0444435
-0.0440285
-0.0439004
-0.0432148
-0.0397898
-0.0419194
-0.0442932
-0.0460719
-0.0343589
-0.0447431
-0.0432854
-0.0429273
-0.0341437
-0.0318987
-0.0260128
-0.0437502
-0.0434041
-0.0427191
-0.0459706
-0.0455293
-0.0439872
-0.0461709
-0.0454251
-0.0439963
-0.0436692
-0.0440476
-0.0451532
-0.043007
-0.0305919
-0.027875
-0.0430164
-0.0428055
-0.0416853
-0.0340279
-0.0397765
-0.0450419
-0.0445914
-0.0422134
-0.0414439
-0.0414486
-0.0427446
-0.0427527
-0.028854
-0.0289539
-0.046169
-0.0434583
-0.0413961
-0.0431415
-0.0420346
-0.04343
-0.0436276
-0.0462215
-0.0304364
-0.0305032
-0.0295695
-0.0257814
-0.0464645
-0.0446816
-0.0429376
-0.0414172
-0.0444928
-0.0443839
-0.04405
-0.0429363
-0.043166
-0.0424373
-0.0354026
-0.0424471
-0.0424079
-0.0434527
-0.0423519
-0.0405079
-0.0448076
-0.0430924
-0.0450102
-0.0441006
-0.0451567
-0.02939
-0.043912
-0.0443378
-0.0450198
-0.039902
-0.0425783
-0.0312928
-0.0438992
-0.0448189
-0.0431554
-0.0430275
-0.0408211
-0.0438333
-0.0414345
-0.0415294
-0.0411686
-0.0421008
-0.0427695
-0.0426171
-0.0423579
-0.0418604
-0.033679
-0.0428805
-0.0440356
-0.0440346
-0.0427043
-0.0430405
-0.0428828
-0.0420849
-0.0439363
-0.0436397
-0.0412756
-0.0335303
-0.0415887
-0.0444612
-0.0410927
-0.0410269
-0.0425501
-0.0435668
-0.0450647
-0.0436621
-0.042707
-0.0446471
-0.0430404
-0.0453719
-0.0438175
-0.0452307
-0.0432239
-0.0350142
-0.0413454
-0.0440676
-0.031883
-0.0398102
-0.040648
-0.043184
-0.042927
-0.0453483
-0.040807
-0.044805
-0.0426039
-0.0439865
-0.0437196
-0.032875
-0.0434982
-0.0443904
-0.04228
-0.0332026
-0.0335212
-0.0288488
-0.0434578
-0.0317949
-0.0421884
-0.0453328
-0.0401454
-0.0436701
-0.0423065
-0.0440778
-0.0421421
-0.0363349
-0.0451786
-0.0424786
-0.0450531
-0.0443364
-0.0352998
-0.0209456
-0.034298
-0.0458719
-0.0436485
-0.0450064
-0.0297221
-0.0436085
-0.0498876
-0.0514939
-0.0453391
-0.0490666
-0.0473007
-0.0490643
-0.0505161
-0.0469782
-0.0537302
-0.0522131
-0.0480197
-0.0513656
