0.93142
0.931482
0.931259
0.931444
0.93142
0.931259
0.931198
0.931556
0.931235
0.931346
0.931469
0.931321
0.931358
0.931407
0.931383
0.93137
0.931198
0.931309
0.931407
0.931395
0.931198
0.931432
0.931346
0.931173
0.931284
0.931222
0.931296
0.931272
0.931074
0.931235
0.931321
0.931309
0.931272
0.931284
0.931185
0.931259
0.931259
0.931173
0.931222
0.93142
0.931259
0.931099
0.931111
0.931222
0.931111
0.931247
0.931086
0.931161
0.931272
0.931383
0.931222
0.931173
0.931222
0.931432
0.931383
0.931321
0.931383
0.931296
0.931247
0.931296
0.931284
0.931432
0.931272
0.931333
0.931358
0.931358
0.931222
0.931296
0.931148
0.931272
0.931296
0.931284
0.931173
0.931247
0.931333
0.931259
0.931432
0.931395
0.931123
0.931099
0.931333
0.931074
0.931173
0.931309
0.931309
0.931358
0.931309
0.931432
0.931333
0.931346
0.931309
0.931086
0.931235
0.931296
0.931346
0.931259
0.931358
0.931272
0.931333
0.931309
0.931198
0.93142
0.931383
0.931346
0.931321
0.931259
0.931099
0.931247
0.931173
0.931111
0.931111
0.931247
0.931222
0.931272
0.931247
0.931173
0.931074
0.931161
0.931136
0.931185
0.931358
0.931235
0.931111
0.931235
0.931012
0.931099
0.93121
0.931136
0.931074
0.931333
0.931012
0.931235
0.931074
0.930926
0.930963
0.931259
0.931482
0.930975
0.931062
0.931198
0.931173
0.931099
0.931123
0.931272
0.931049
0.931309
0.931235
0.931247
0.931383
0.931062
0.931272
0.931259
0.931198
0.931296
0.931272
0.93142
0.931333
0.931198
0.931037
0.930975
0.931049
0.931198
0.931111
0.931235
0.93121
0.931198
0.930988
0.931185
0.931333
0.931185
0.931074
0.931407
0.931222
0.931284
0.931012
0.931235
0.931284
0.931309
0.931469
0.931185
0.931296
0.931296
0.931333
0.93121
0.931222
0.931383
0.931482
0.931444
0.931235
0.931444
0.93121
0.93121
0.931469
0.931259
0.93142
0.931247
0.931074
0.93137
0.931235
0.931247
0.931259
0.931494
0.931432
0.931395
0.931358
0.931235
0.931198
0.931235
0.931037
0.93121
0.931593
0.931296
0.931198
0.93121
0.931333
0.931247
0.931358
0.931173
0.931346
0.931185
0.931284
0.931074
0.931395
0.931259
0.931074
0.931605
0.93142
0.931247
0.931321
0.931235
0.931148
0.931272
0.931062
0.931161
0.931358
0.93121
0.931099
0.931296
0.931099
0.931148
0.931321
0.93121
0.93137
0.931148
0.93121
0.931309
0.931148
0.931222
0.931049
0.931247
0.931111
0.931136
0.93137
0.931173
0.931173
0.930975
0.931086
0.931198
0.931259
0.931222
0.931173
0.931173
0.931
0.931111
0.931395
0.931198
0.931383
0.931457
0.931284
0.931222
0.931272
0.931444
0.931309
0.931148
0.931235
0.931272
0.931358
0.931148
0.931309
0.931235
0.931235
0.931198
0.931346
0.931099
0.931259
0.931494
0.931296
0.931383
0.931395
0.931259
0.931235
0.931432
0.931284
0.931321
0.931358
0.93137
0.93142
0.931395
0.931259
0.931333
0.931124
0.931272
0.931124
0.93137
0.931321
0.931321
0.931444
0.931457
0.931309
0.931383
0.93137
0.931543
0.931482
0.931284
0.931272
0.931395
0.931247
0.931198
0.931272
0.93121
0.931235
0.931395
0.931321
0.931173
0.93121
0.93137
0.93121
0.931222
0.93121
0.931432
0.931185
0.931185
0.931309
0.931222
0.931321
0.931284
0.931185
0.931123
0.931383
0.931321
0.931148
0.931259
0.931173
0.931272
0.93121
0.931321
0.931222
0.93142
0.931086
0.931111
0.931296
0.931136
0.931222
0.931037
0.931049
0.93142
0.931185
0.931272
0.931259
0.931284
0.931235
0.931506
0.931296
0.931482
0.931136
0.931198
0.931173
0.931346
0.931148
0.931198
0.931309
0.931247
0.931259
0.931247
0.931321
0.931444
0.931111
0.931247
0.931259
0.931111
0.931086
0.931148
0.930975
0.931086
0.931198
0.931111
0.931333
0.931148
0.931247
0.931099
0.931284
0.931235
0.931222
0.931333
0.931111
0.931321
0.931123
0.93121
0.931198
0.931407
0.931099
0.931407
0.93137
0.931037
0.931198
0.931321
0.931407
0.931161
0.931296
0.931296
0.931111
0.93121
0.931173
0.931358
0.93121
0.931383
0.931272
0.931086
0.931444
0.93121
0.931037
0.931333
0.931407
0.931259
0.931074
0.931358
0.931284
0.931247
0.93121
0.93142
0.931519
0.931333
0.931556
0.93121
0.931296
0.931185
0.931358
0.931346
0.931123
0.931346
0.931161
0.931049
0.931086
0.931086
0.930914
0.931185
0.931086
0.930963
0.931099
0.930938
0.931037
0.931012
0.931012
0.931025
0.930988
0.931346
0.930877
0.931185
0.930951
0.930889
0.930951
0.930951
0.93084
0.930938
0.930704
0.930716
0.93084
0.93084
0.930926
0.930963
0.930914
0.93084
0.930617
0.930617
0.930704
0.930938
0.930482
0.930642
0.930556
0.930803
0.930753
0.930679
0.930568
0.930765
0.930704
0.93063
0.930753
0.930482
0.930642
0.930272
0.930506
0.930519
0.93058
0.930642
0.930654
0.930654
0.930506
0.930111
0.930259
0.930469
0.930296
