#Model Pair Database File Format
MODEL_PAIR_IDS 1 2
similarity 1
slice_scores 3.19293e-06 5.27472e-06 7.21461e-06 9.94453e-06 1.32014e-05 3.00395e-05 1.70025e-05 3.48724e-05 3.34345e-05 2.00004e-05 2.72141e-05 1.90229e-05 1.84597e-05 1.5379e-05 1.17927e-05 9.77705e-06 7.20697e-06 4.64924e-06 3.455e-06 2.82963e-06 2.56003e-06 2.65846e-06 2.41491e-06 2.83039e-06 2.90177e-06 2.53129e-06 2.96199e-06 
END
MODEL_PAIR_IDS 1 3
similarity 1
slice_scores 5.08422e-05 4.13197e-05 4.08945e-05 4.19721e-05 4.6197e-05 3.90287e-05 4.16428e-05 4.08718e-05 3.14459e-05 2.81057e-05 1.02841e-05 3.63231e-06 1.91533e-06 1.95148e-06 2.03757e-06 2.02152e-06 1.77412e-06 1.6774e-06 1.63561e-06 1.68092e-06 1.89768e-06 1.74283e-06 1.61267e-06 1.51261e-06 1.95898e-06 1.79298e-06 2.2438e-06 
END
MODEL_PAIR_IDS 1 4
similarity 1
slice_scores 9.20051e-05 8.91426e-05 7.89207e-05 8.50619e-05 7.9174e-05 8.51753e-05 8.147e-05 7.74566e-05 7.01199e-05 7.80349e-05 8.68285e-05 8.1336e-05 6.83889e-05 8.94531e-05 8.12029e-05 8.99916e-05 8.28736e-05 7.24374e-05 7.37651e-05 7.70614e-05 7.02948e-05 8.58315e-05 8.03988e-05 9.27903e-05 8.38147e-05 3.88628e-05 1.55762e-05 
END
MODEL_PAIR_IDS 1 5
similarity 1
slice_scores 2.36205e-05 2.84243e-05 2.58132e-05 4.50415e-05 3.4412e-05 2.77046e-05 4.03095e-05 2.38058e-05 2.65007e-05 2.95136e-05 5.75395e-05 6.10209e-05 2.44021e-05 3.95716e-05 4.64563e-05 4.83836e-05 6.01372e-05 5.11397e-05 3.07739e-05 2.56619e-05 4.51311e-05 6.31743e-05 6.43043e-05 6.116e-05 3.68179e-05 2.58883e-05 4.52289e-05 
END
MODEL_PAIR_IDS 1 6
similarity 1
slice_scores 1.83726e-06 1.8106e-06 1.96453e-06 2.22049e-06 2.11704e-06 1.82033e-06 2.44015e-06 2.49355e-06 1.81494e-06 2.17772e-06 3.27019e-06 2.45026e-06 2.36901e-06 3.24471e-06 2.96944e-06 3.19782e-06 2.0793e-06 2.09359e-06 1.98025e-06 2.51446e-06 2.73777e-06 3.13278e-06 2.81393e-06 2.66968e-06 2.57383e-06 2.95131e-06 3.00687e-06 
END
MODEL_PAIR_IDS 1 7
similarity 1
slice_scores 3.87947e-06 3.06575e-06 3.16189e-06 3.08601e-06 3.69388e-06 3.78008e-06 2.83428e-06 3.8098e-06 3.43225e-06 3.04946e-06 2.85379e-06 3.17299e-06 2.82098e-06 2.65646e-06 2.97801e-06 3.15831e-06 2.9676e-06 2.82963e-06 3.96267e-06 2.99753e-06 3.97229e-06 3.80553e-06 3.92051e-06 3.29205e-06 3.34959e-06 3.33944e-06 3.51894e-06 
END
MODEL_PAIR_IDS 1 8
similarity 0
slice_scores 
END
MODEL_PAIR_IDS 1 9
similarity 0
slice_scores 
END
MODEL_PAIR_IDS 2 3
similarity 1
slice_scores 6.31199e-05 5.97954e-05 6.01761e-05 6.15753e-05 8.7099e-05 8.66117e-05 9.61293e-05 8.40066e-05 8.36502e-05 8.90315e-05 7.09337e-05 4.13119e-05 3.51447e-05 2.98657e-05 1.4326e-05 1.11452e-05 8.31087e-06 4.39063e-06 2.49362e-06 1.61318e-06 1.8834e-06 1.76227e-06 1.56361e-06 2.08674e-06 1.82227e-06 1.74728e-06 1.66204e-06 
END
MODEL_PAIR_IDS 2 4
similarity 1
slice_scores 0.000104175 9.88469e-05 9.96572e-05 9.89983e-05 0.000128771 0.000127782 0.000145052 0.000131649 0.000123981 0.000129142 0.00012452 0.00011878 0.000122487 9.13806e-05 0.000103149 0.000116503 8.31795e-05 8.54452e-05 7.1728e-05 7.76977e-05 7.62119e-05 7.86042e-05 6.95275e-05 7.41311e-05 5.14584e-05 1.26328e-05 7.12969e-06 
END
MODEL_PAIR_IDS 2 5
similarity 1
slice_scores 4.43162e-05 5.79059e-05 7.01251e-05 7.87825e-05 9.47795e-05 9.3582e-05 8.41229e-05 9.3235e-05 0.000103204 9.03445e-05 9.74211e-05 0.000105903 0.000101392 7.65416e-05 8.38619e-05 8.39779e-05 6.9301e-05 5.44113e-05 4.53033e-05 3.37128e-05 3.83869e-05 4.19146e-05 3.54892e-05 2.35929e-05 1.8088e-05 1.44541e-05 1.78438e-05 
END
MODEL_PAIR_IDS 2 6
similarity 1
slice_scores 5.85758e-06 9.82371e-06 1.2251e-05 1.74327e-05 3.11312e-05 3.96143e-05 4.84151e-05 4.50985e-05 3.93336e-05 4.17877e-05 4.27268e-05 4.3663e-05 4.26587e-05 3.17962e-05 3.25786e-05 2.05485e-05 1.18146e-05 7.40525e-06 5.59735e-06 3.86268e-06 3.20983e-06 3.07408e-06 2.3953e-06 1.97571e-06 2.11642e-06 1.75349e-06 2.26488e-06 
END
MODEL_PAIR_IDS 2 7
similarity 1
slice_scores 4.19286e-06 4.82309e-06 5.5376e-06 5.60512e-06 6.67207e-06 9.78812e-06 1.04562e-05 1.08227e-05 1.14767e-05 1.13345e-05 1.03955e-05 9.95677e-06 1.15632e-05 1.09758e-05 8.61877e-06 7.6258e-06 5.53788e-06 4.19324e-06 4.56129e-06 5.30844e-06 6.56758e-06 7.84422e-06 8.7625e-06 9.11231e-06 8.94202e-06 7.7973e-06 9.22084e-06 
END
MODEL_PAIR_IDS 2 8
similarity 0
slice_scores 
END
MODEL_PAIR_IDS 2 9
similarity 0
slice_scores 
END
MODEL_PAIR_IDS 3 4
similarity 1
slice_scores 6.42076e-06 8.95325e-06 6.87986e-06 5.6993e-06 6.90934e-06 6.45606e-06 8.0768e-06 7.13164e-06 7.76023e-06 1.68988e-05 4.629e-05 6.09646e-05 5.36123e-05 7.03441e-05 7.04736e-05 7.4835e-05 6.13368e-05 6.83154e-05 5.69256e-05 7.75081e-05 7.65104e-05 7.05452e-05 7.12453e-05 7.54474e-05 6.47224e-05 4.39129e-05 1.00444e-05 
END
MODEL_PAIR_IDS 3 5
similarity 1
slice_scores 3.27984e-05 3.30359e-05 3.67259e-05 3.48235e-05 3.473e-05 3.5784e-05 3.41579e-05 3.15261e-05 1.89153e-05 1.18972e-05 1.27255e-05 1.87537e-05 1.65257e-05 2.02239e-05 2.44733e-05 3.55878e-05 3.07269e-05 2.93649e-05 2.76431e-05 2.09631e-05 5.10613e-05 2.67212e-05 5.8865e-05 4.54565e-05 2.34103e-05 1.88288e-05 2.14797e-05 
END
MODEL_PAIR_IDS 3 6
similarity 1
slice_scores 4.40256e-05 3.53119e-05 3.67157e-05 3.13088e-05 2.99133e-05 3.57479e-05 3.74189e-05 3.12746e-05 2.76428e-05 2.11998e-05 6.87516e-06 2.26813e-06 1.76569e-06 1.94382e-06 2.1491e-06 2.64536e-06 2.40285e-06 2.38034e-06 2.49058e-06 2.45285e-06 2.25232e-06 2.5953e-06 2.6659e-06 2.14505e-06 2.35035e-06 1.95286e-06 3.01688e-06 
END
MODEL_PAIR_IDS 3 7
similarity 1
slice_scores 6.12705e-05 6.02424e-05 5.38099e-05 5.26125e-05 6.00839e-05 5.40759e-05 5.55146e-05 5.36211e-05 5.24081e-05 4.86233e-05 4.17213e-05 1.06283e-05 6.23259e-06 6.44191e-06 6.20909e-06 5.96662e-06 6.43448e-06 4.763e-06 5.01387e-06 4.44067e-06 6.11196e-06 5.78555e-06 5.57551e-06 5.19185e-06 5.50847e-06 4.78298e-06 5.7036e-06 
END
MODEL_PAIR_IDS 3 8
similarity 0
slice_scores 
END
MODEL_PAIR_IDS 3 9
similarity 0
slice_scores 
END
MODEL_PAIR_IDS 4 5
similarity 1
slice_scores 4.32253e-05 4.53118e-05 4.30047e-05 4.05827e-05 3.53149e-05 3.82781e-05 3.55357e-05 3.36152e-05 3.79687e-05 3.95798e-05 3.40486e-05 3.5402e-05 3.87228e-05 4.24445e-05 3.93654e-05 3.50876e-05 3.57254e-05 3.70149e-05 3.38848e-05 3.72549e-05 3.05133e-05 2.83673e-05 2.92917e-05 2.8731e-05 1.24492e-05 6.70744e-06 6.26271e-06 
END
MODEL_PAIR_IDS 4 6
similarity 1
slice_scores 7.98537e-05 7.25907e-05 6.61557e-05 6.68572e-05 5.42649e-05 6.94787e-05 6.79981e-05 6.43828e-05 5.86203e-05 6.61231e-05 6.29023e-05 6.84524e-05 5.84496e-05 5.64176e-05 6.63085e-05 6.37625e-05 6.81602e-05 6.15568e-05 5.45877e-05 6.85687e-05 5.58213e-05 6.09467e-05 5.82612e-05 6.9591e-05 4.8437e-05 1.46283e-05 8.73413e-06 
END
MODEL_PAIR_IDS 4 7
similarity 1
slice_scores 0.000138625 0.000127819 0.000122463 0.000118632 0.000108527 0.000112809 0.000128817 9.8356e-05 0.000101259 0.000108131 0.000106751 0.000118441 0.000102786 0.000107175 0.000112248 0.000123242 0.000122824 0.000113143 0.000121658 0.000121118 0.000105346 0.00011804 0.000142158 0.000119581 0.000113303 8.54726e-05 5.62829e-05 
END
MODEL_PAIR_IDS 4 8
similarity 0
slice_scores 
END
MODEL_PAIR_IDS 4 9
similarity 0
slice_scores 
END
MODEL_PAIR_IDS 5 6
similarity 1
slice_scores 1.52261e-05 1.67555e-05 1.9764e-05 1.80869e-05 1.71045e-05 1.91173e-05 2.1474e-05 1.61248e-05 2.04168e-05 1.80351e-05 2.17334e-05 2.64575e-05 1.45449e-05 1.60378e-05 1.94142e-05 2.12822e-05 2.43317e-05 2.36314e-05 2.24175e-05 1.72956e-05 2.09911e-05 2.18604e-05 2.5573e-05 2.43057e-05 1.96722e-05 1.42379e-05 1.73363e-05 
END
MODEL_PAIR_IDS 5 7
similarity 1
slice_scores 6.30442e-05 7.33815e-05 7.30962e-05 6.42561e-05 5.81718e-05 7.31696e-05 6.64969e-05 5.64084e-05 6.9898e-05 6.81781e-05 7.14562e-05 7.40131e-05 6.96269e-05 6.57769e-05 7.53048e-05 6.31563e-05 7.21596e-05 6.84321e-05 7.22738e-05 7.1618e-05 7.20284e-05 7.0678e-05 7.79583e-05 7.1502e-05 7.82404e-05 6.67358e-05 7.55925e-05 
END
MODEL_PAIR_IDS 5 8
similarity 0
slice_scores 
END
MODEL_PAIR_IDS 5 9
similarity 0
slice_scores 
END
MODEL_PAIR_IDS 6 7
similarity 1
slice_scores 8.287e-06 7.08639e-06 7.08556e-06 8.36868e-06 8.67515e-06 7.44382e-06 8.49234e-06 8.53357e-06 7.34348e-06 7.59457e-06 8.70815e-06 9.4294e-06 8.12087e-06 7.77665e-06 9.06895e-06 1.00199e-05 8.83079e-06 7.02698e-06 9.1295e-06 8.16076e-06 9.81889e-06 1.05486e-05 1.05774e-05 9.14288e-06 1.00921e-05 9.07666e-06 9.21835e-06 
END
MODEL_PAIR_IDS 6 8
similarity 0
slice_scores 
END
MODEL_PAIR_IDS 6 9
similarity 0
slice_scores 
END
MODEL_PAIR_IDS 7 8
similarity 0
slice_scores 
END
MODEL_PAIR_IDS 7 9
similarity 0
slice_scores 
END
MODEL_PAIR_IDS 8 9
similarity 1
slice_scores 1.65183e-06 1.94903e-06 1.59869e-06 1.79128e-06 2.11452e-06 1.52742e-06 1.69535e-06 1.54715e-06 1.7333e-06 1.77917e-06 1.76097e-06 1.56143e-06 1.28631e-06 1.31828e-06 1.55914e-06 1.65674e-06 1.92849e-06 1.84546e-06 1.81933e-06 1.63941e-06 1.65154e-06 1.47899e-06 1.58167e-06 1.36844e-06 1.57314e-06 1.54403e-06 1.89509e-06 2.27997e-06 2.06184e-06 1.97725e-06 1.92429e-06 1.74026e-06 1.49155e-06 1.85649e-06 1.99525e-06 1.9283e-06 2.65482e-06 1.49311e-06 1.34009e-06 1.25929e-06 1.37263e-06 1.09755e-06 1.46408e-06 1.435e-06 2.08805e-06 4.25152e-06 7.62616e-06 1.56007e-05 3.05018e-05 6.24906e-05 7.16246e-05 0.000106512 0.000167328 0.00012366 7.58607e-05 3.62658e-06 2.12385e-06 1.60934e-06 
END
FILEEND
