1.53789e-06
1.47658e-06
1.62855e-06
1.50781e-06
1.48908e-06
1.87256e-06
1.58142e-06
1.45042e-06
1.4042e-06
1.49168e-06
1.3734e-06
1.50942e-06
1.3399e-06
1.23413e-06
1.29149e-06
1.54091e-06
1.43411e-06
1.45029e-06
1.58482e-06
1.38807e-06
1.58699e-06
1.56476e-06
1.4704e-06
1.42756e-06
1.79117e-06
1.34743e-06
1.68662e-06
1.57495e-06
1.64063e-06
1.7628e-06
1.53354e-06
1.70212e-06
1.43523e-06
1.86095e-06
1.76676e-06
1.86719e-06
2.23527e-06
2.39159e-06
1.78391e-06
1.47119e-06
1.41643e-06
1.58469e-06
1.45714e-06
1.55322e-06
2.38181e-06
3.16551e-06
4.50775e-06
5.54599e-06
6.56074e-06
8.24207e-06
9.41849e-06
1.83351e-05
1.71061e-05
6.57052e-06
2.15548e-06
2.20462e-06
2.1899e-06
1.57786e-06
