1.06347e-06
1.00508e-06
1.20797e-06
8.61876e-07
1.06326e-06
1.39493e-06
1.07106e-06
8.68695e-07
1.00497e-06
9.76103e-07
9.06344e-07
1.17454e-06
9.34633e-07
8.99648e-07
9.39469e-07
9.60776e-07
9.76042e-07
9.95855e-07
1.03568e-06
1.06849e-06
9.00429e-07
1.11617e-06
9.3293e-07
1.14492e-06
1.19819e-06
9.87519e-07
9.66829e-07
1.13976e-06
1.16472e-06
1.30732e-06
1.12313e-06
1.19196e-06
1.13137e-06
1.16267e-06
1.09752e-06
1.43722e-06
1.37501e-06
1.85753e-06
1.50125e-06
1.07478e-06
1.08259e-06
1.12835e-06
1.00942e-06
1.07801e-06
1.26929e-06
1.8725e-06
2.20568e-06
3.23627e-06
4.74551e-06
4.68149e-06
6.61481e-06
1.11017e-05
9.15586e-06
4.86111e-06
1.10361e-06
1.61199e-06
1.46565e-06
1.14952e-06
