0.0126386
-0.00421941
0.00507103
0.00589541
-0.00201763
0.0157837
0.0148493
0.0128494
0.009267
0.00920996
0.0126386
-0.000847802
0.00252379
-0.0210774
-0.019504
-0.0177058
-0.0155073
-0.0143342
-0.0109626
-0.00759102
-0.00481632
-0.00421941
-0.0223275
-0.0243493
-0.0244491
-0.0257347
0.009267
-0.024449
0.0160102
-0.000847802
-0.00759102
0.00589541
0.009267
-0.0225035
-0.0210774
-0.0197007
0.0058954
-0.000847801
-0.0177058
-0.00759102
-0.00421941
-0.0160953
-0.0143342
-0.0109626
-0.0100452
0.016886
0.00252379
0.000913307
0.0126386
0.0109303
0.0137195
0.00646009
-0.0251707
-0.0266641
-0.0244491
0.0160102
0.015486
-0.0260015
-0.000847802
-0.0271941
-0.0271831
