0.0072612
0.017376
0.0140044
0.0132542
0.017376
0.000517994
0.00388959
0.0072612
0.0105911
0.0106328
0.00748891
0.0171877
0.0158379
0.00880797
0.0106328
0.0123232
0.0140044
0.0148451
0.0161941
0.0169452
0.017376
0.0174287
0.0072612
0.00388959
0.00372144
0.000517995
0.0106328
0.00388959
0.000517994
0.017376
0.017376
0.0140044
0.0121398
0.0072612
0.00896303
0.0106328
0.0143773
0.0180976
0.0126283
0.0182071
0.0186179
0.0140044
0.0152975
0.0170008
0.017376
0.000517994
0.0164639
0.017376
0.00864583
0.0106328
0.0072612
0.0140044
0.00388959
0.000517995
0.00487438
0.00269491
0.00388959
-0.00622523
-0.025273
-0.00622523
-0.00285362
