1.53789e-06
1.24874e-06
1.346e-06
1.50781e-06
1.39136e-06
1.54157e-06
1.58142e-06
1.45042e-06
1.12607e-06
1.28682e-06
1.3734e-06
1.50942e-06
1.3399e-06
1.14923e-06
1.16196e-06
1.54091e-06
1.43411e-06
1.44497e-06
1.54249e-06
1.28837e-06
1.58699e-06
1.56476e-06
1.4704e-06
1.42756e-06
1.23634e-06
1.34743e-06
1.68662e-06
1.57495e-06
1.49163e-06
1.72508e-06
1.50809e-06
1.52318e-06
1.35919e-06
1.86095e-06
1.76676e-06
1.60517e-06
2.23527e-06
1.80031e-06
1.51643e-06
1.46043e-06
1.40434e-06
1.38456e-06
1.43976e-06
1.55322e-06
2.38181e-06
3.16551e-06
4.50775e-06
5.54599e-06
6.43885e-06
8.24207e-06
9.32249e-06
1.83351e-05
1.71061e-05
3.38461e-06
2.15548e-06
2.09007e-06
2.1899e-06
1.46197e-06
