0
1.95877e-07
2.43141e-08
-7.05081e-08
-1.03429e-08
3.6844e-08
-1.055e-07
6.40617e-08
4.13865e-08
-5.98028e-08
-5.51432e-08
5.09546e-08
1.64728e-08
-5.27962e-08
1.80437e-08
2.82746e-09
-2.60712e-08
-2.69223e-08
6.51247e-08
-8.16626e-09
-4.62385e-08
4.26867e-08
-2.72267e-08
-1.14528e-08
-2.40111e-08
4.0541e-08
-1.62796e-08
-1.29169e-08
1.05439e-08
8.31156e-09
3.06504e-08
-4.43434e-08
3.60722e-08
-1.23576e-08
-2.6169e-08
2.19095e-08
3.97588e-09
8.48446e-09
-4.20091e-08
4.43469e-08
-1.53434e-08
4.31277e-09
1.31908e-08
-2.06802e-08
1.71397e-08
-2.55002e-08
