0.0275946
0.00836673
0.0328386
0.00661875
0.0310906
-0.031837
0.0363345
-0.030089
0.0349731
-0.00386918
-0.0213491
-0.0196011
-0.0178531
-0.0161051
-0.0143571
-0.0126091
-0.0108611
-0.00911315
-0.00736516
-0.00561717
-0.0218994
-0.0021212
-0.000373209
0.00137478
0.034595
0.0346834
0.0350792
0.0351171
0.0354475
0.0358066
-0.0300466
-0.0320673
-0.031837
-0.0315454
-0.0310236
-0.0309182
-0.030845
-0.0306279
-0.0303495
-0.030089
0.0359479
-0.0297907
-0.0292564
-0.028341
-0.0278058
-0.0266969
-0.026593
-0.024845
-0.0244155
-0.0230971
0.0310906
0.0171067
0.0188547
0.0206026
0.0223506
0.0270103
0.0275946
0.0293426
0.0240986
0.0258466
0.0307154
0.0153587
0.0334669
0.0362302
0.0361562
0.0357737
0.0355627
0.035289
0.0351591
0.0346103
0.0326559
0.0328386
0.0345865
0.00312277
0.00487076
0.00528804
0.00661875
0.00836673
0.0101147
0.0118627
0.0136107
-0.0321319
-0.031837
-0.0315723
-0.0314933
-0.031723
-0.0320305
-0.031837
-0.0321907
0.0345865
0.0345865
0.00487076
0.0345865
-0.026593
0.00312277
0.0258466
-0.031837
-0.030089
0.00137478
0.0345865
0.0240986
0.0293426
-0.031837
-0.028341
0.0223506
-0.00911315
-0.000373209
-0.030089
0.0345865
0.0206026
-0.0213491
-0.031837
-0.030089
0.0345865
-0.0318593
0.035458
-0.0108611
-0.0238937
-0.0230971
-0.0213491
-0.0213331
-0.0196011
-0.0178531
-0.0161051
-0.0143571
-0.0126091
-0.0104559
-0.00911315
-0.024845
-0.00769802
-0.00736516
-0.00561717
-0.00386918
-0.0021212
-0.00207279
-0.000373207
0.00137478
-0.030089
-0.031837
-0.0313665
-0.0304207
-0.0305822
-0.0315444
-0.0317884
-0.0315441
-0.0307142
-0.0302079
-0.0301165
-0.0300358
-0.0300031
-0.0297826
-0.0291813
-0.0285789
-0.028341
-0.0280333
-0.0271956
-0.026593
-0.0257458
0.0206026
0.0328386
0.0330031
0.00312277
0.00487076
0.00661875
0.00836673
0.0101147
0.0118627
0.0136107
0.0153587
0.0194212
0.0313241
0.0223506
0.0171067
0.0188547
0.0240986
0.0258466
0.027918
0.0293426
0.0275946
0.0310906
0.0345865
0.0336304
0.0340075
0.0345646
0.0345724
0.0348046
0.0351093
0.0349587
0.0350033
0.0352202
0.034954
0.0349476
0.0348112
0.034227
0.0345865
0.0342952
-0.0021212
-0.030089
0.0275946
0.0188547
-0.00736516
-0.031837
0.0310906
-0.028341
-0.0161051
-0.0108611
0.0328386
-0.030089
-0.00561717
-0.030089
-0.030089
0.0345865
-0.00386918
-0.0143571
0.0345865
0.0171067
0.0258466
0.0118627
0.0345865
0.0351225
-0.0330077
-0.0330356
-0.0108611
