0.0330459
0.0347938
0.0295499
0.0347938
0.0312979
0.00682604
0.015566
0.0243059
0.00158207
0.0355949
0.0349433
0.0353412
0.0356132
0.0359014
0.0361833
0.0360906
0.0358284
0.0357172
0.0357764
0.0358048
0.0347938
0.0353373
0.0352929
0.0352638
0.00333006
0.00507805
0.00682603
0.00857402
0.010322
0.01207
0.0243059
0.01207
0.0130315
0.013818
0.015566
0.017314
0.019062
0.0208099
0.0225579
0.024056
0.013818
0.0260539
0.0278019
0.0289084
0.0295499
0.0312979
0.031418
0.0326813
0.0330459
0.034355
0.0310437
0.0342324
0.0339702
0.0338443
0.0338154
0.0330459
0.0327282
0.032079
0.0339885
0.0338477
0.0312979
0.0342997
0.0278019
0.015566
0.017314
0.019062
0.0208099
0.0225579
0.0243059
0.0260539
0.0295499
0.0291061
0.0260888
0.0350977
0.034859
0.0347938
0.0346569
0.0346403
0.0345688
0.0344454
0.0343367
0.00158207
0.00232808
0.00333006
0.00507805
0.00682603
0.00857402
0.00742717
0.010322
0.00333006
0.00507805
0.0347938
0.0260539
0.0312979
0.0347938
0.0330459
0.00857402
0.0225579
0.0347938
0.00158207
0.0330459
0.0312979
0.01207
0.0278019
0.0330459
0.0347938
0.0347938
0.0208099
0.00682604
0.0330459
0.0347938
0.010322
0.019062
0.00857402
0.00158207
0.017314
0.035005
0.0330459
0.0337141
0.0347851
0.0347938
0.0353689
0.0355037
0.0350465
0.0352027
0.0354937
0.0347938
0.0344369
0.0320909
0.0347938
0.0348672
0.0349791
0.0349748
0.0348013
0.0347938
0.0346697
0.0343872
0.0183313
0.00172027
0.00333006
0.00507805
0.00682604
0.00857402
0.010322
0.01207
0.013818
0.015566
0.017314
0.019062
0.0208099
0.0225579
0.0243059
0.0260539
0.0270012
0.0278019
0.0295499
0.0304313
0.0312979
0.0329652
0.0280696
0.0278019
0.0339196
0.0336663
0.0336914
0.0339071
0.0336199
0.033384
0.0335498
0.0335956
0.0330459
0.0295499
0.0328305
0.0333734
0.0330946
0.0325003
0.0318341
0.0312979
0.0310646
0.0313358
0.0297702
0.00882334
0.00333006
0.00507805
0.00682604
0.00857402
0.010322
0.01207
0.013818
0.015566
0.019062
0.0208099
0.0225579
0.0243059
0.0260539
0.0253198
0.00158207
0.0347938
0.017314
0.0312979
0.0330459
0.0347938
0.00158207
0.0295499
0.0260539
0.0347938
0.0347938
0.0278019
0.015566
0.0347938
0.00682604
0.00507805
0.014692
0.0347938
0.0347938
0.010322
0.0330459
0.0312979
0.0330459
0.0243059
-0.000165917
-0.00540988
-0.00715787
-0.0303579
