-0.0443412
-0.0426179
-0.0406464
-0.0365469
-0.047793
-0.0440964
-0.0482948
-0.0502404
-0.0486356
-0.0381019
-0.0470145
-0.0437869
-0.0434373
-0.0461284
-0.0456323
-0.0422207
-0.0477992
-0.0474543
-0.0374113
-0.0407537
-0.0437749
-0.0404745
-0.0397686
-0.0460268
-0.0456708
-0.0364314
-0.0474295
-0.0318456
-0.0446944
-0.0321131
-0.0452125
-0.0388679
-0.0398684
-0.0468975
-0.0397647
-0.0465857
-0.0427327
-0.0313279
-0.0424744
-0.031126
-0.0362734
-0.0384088
-0.0311987
-0.0397276
-0.0373252
-0.0406112
-0.0384591
-0.0341163
-0.036343
-0.0316237
-0.0382277
-0.0357167
-0.0373808
-0.0317178
-0.0366022
-0.0475055
-0.0465077
-0.0381101
-0.0363855
-0.0480331
-0.0414381
-0.0452796
-0.0455273
-0.0427508
-0.0321993
-0.0345775
-0.0487662
-0.0325709
-0.0436242
-0.0471861
-0.0271046
-0.0480806
-0.0419881
-0.0502317
-0.0465015
-0.0471909
-0.0471762
-0.0384657
-0.0397502
-0.0466331
-0.0444444
-0.0416231
-0.0405131
-0.0485337
-0.0456603
-0.0399509
-0.0488615
-0.0488015
-0.0505232
-0.0505644
-0.0463482
-0.0476656
-0.0436687
-0.0461304
-0.0479289
-0.045336
-0.0461763
-0.0459612
-0.045244
-0.0457096
-0.0491522
-0.0466116
-0.0431527
-0.0459925
-0.0464584
-0.043717
-0.0444792
-0.0467115
-0.0485992
-0.0472451
-0.0609269
-0.0474891
-0.0404564
-0.0434882
-0.0453683
-0.0468274
-0.0488488
-0.0477704
-0.0427923
-0.0482089
-0.0441828
-0.0482617
-0.0496762
-0.0494686
-0.0469702
-0.045129
-0.048239
-0.0438546
-0.0440725
-0.0470089
-0.0457096
-0.0466389
-0.0466027
-0.0467531
-0.0475002
-0.0378415
-0.0484107
-0.0482711
-0.0484931
-0.0423289
-0.0470767
-0.0402126
-0.0472496
-0.0469404
-0.0477805
-0.0479777
-0.059778
-0.0508669
-0.0465212
-0.0485883
-0.0474189
-0.0623966
-0.0476432
-0.0498536
-0.0438165
-0.0494242
-0.0387316
-0.0490714
-0.0464004
-0.0478029
-0.0474793
-0.0491965
-0.0478655
-0.0470705
-0.0491458
-0.0496623
-0.0495277
-0.0488272
-0.0467761
-0.0490871
-0.0516939
-0.0501294
-0.0320662
-0.0310481
-0.0354475
-0.0398796
-0.0342419
-0.0433608
-0.0318099
-0.03081
-0.0348325
-0.0318545
-0.0320147
-0.0309672
-0.0310614
-0.0299735
-0.0168627
-0.0318145
-0.0400166
-0.0335343
-0.0417799
-0.0422857
-0.0403182
-0.0289671
-0.0289204
-0.0336398
-0.0413377
-0.0294256
-0.0287806
-0.0308527
-0.0327305
-0.0282621
-0.0353903
-0.0292186
-0.0394325
-0.0306595
-0.0413281
-0.0476845
-0.0421569
-0.0481765
-0.0463382
-0.0480482
-0.0498227
-0.0491929
-0.0496696
-0.0483776
-0.0477693
-0.0446425
-0.0506589
-0.045595
-0.0472788
-0.0474683
-0.044373
-0.0541517
-0.0472135
-0.0460885
-0.0410901
-0.0436415
-0.0485431
-0.0436141
-0.0484795
-0.0431486
-0.0366991
-0.043593
-0.0429603
-0.0403809
-0.0474046
-0.0353707
-0.0488299
-0.050743
-0.0436759
-0.0459426
-0.0490904
-0.0450891
-0.0377245
-0.0383
-0.0305047
-0.0456006
-0.0373557
-0.0327479
-0.0476892
-0.037934
-0.0463774
-0.0479509
-0.0617675
-0.0477299
-0.0446408
-0.0460379
-0.0373861
-0.0436197
-0.0447816
-0.0422624
-0.0510638
-0.0463284
-0.0488006
-0.0464054
-0.0474341
-0.0414082
-0.0383921
-0.0419571
-0.0460644
-0.0470793
-0.046287
-0.0367192
-0.0497426
-0.0487466
-0.0475061
-0.0366463
-0.0451066
-0.0471757
-0.0462885
-0.0404053
-0.048453
-0.0492459
-0.0487559
-0.0500687
-0.0459148
-0.0466416
-0.0336831
-0.0447008
-0.0442305
-0.0411836
-0.0454362
-0.047192
-0.0471165
-0.0477405
-0.0468883
-0.0372989
-0.0302352
-0.0308153
-0.0486305
-0.0400241
-0.0403896
-0.0595903
-0.0465174
-0.0465338
-0.0377178
-0.0473478
-0.049838
-0.0485772
-0.0536872
-0.0325573
-0.0301811
-0.0322007
-0.0324999
-0.0301466
-0.0437944
-0.0336451
-0.0430812
-0.0340944
-0.0434433
-0.0337838
-0.0302451
-0.0342015
-0.0322268
-0.0337036
-0.0340557
-0.0351248
-0.0330186
-0.0301665
-0.0436172
-0.0361893
-0.0431384
-0.0426874
-0.0291165
-0.0339267
-0.0421593
-0.0406159
-0.0418877
-0.0431429
-0.0354806
-0.042385
-0.044739
-0.031994
-0.0425343
-0.0446227
-0.0329542
-0.0437311
-0.0323525
-0.0354191
-0.032575
-0.0412567
-0.0462725
-0.0430401
-0.0320366
-0.0335959
-0.0358135
-0.0330725
-0.0308215
-0.0340016
-0.0413854
-0.0328689
-0.0409665
-0.0323174
-0.0435792
-0.0336888
-0.0353743
-0.0302535
-0.0415578
-0.0344331
-0.0330187
-0.0331059
-0.0326678
-0.0454714
-0.0329556
-0.0425956
-0.0494413
-0.0500123
-0.0489213
-0.049191
-0.048756
-0.0398273
-0.0656761
-0.0473064
-0.0405264
-0.0659419
-0.046132
-0.0500617
-0.0490794
-0.0490263
-0.0421991
-0.0457758
-0.049163
-0.0432518
-0.0427242
-0.0486632
-0.0443986
-0.0431846
-0.0331883
-0.0407732
-0.0345306
-0.0413569
-0.0455144
-0.0434629
-0.0383459
-0.0402906
-0.0401895
-0.040139
-0.0370482
-0.0442622
-0.0385883
-0.0485953
-0.0511279
-0.0502729
-0.0362771
-0.0346716
-0.0362511
-0.0360211
-0.0486139
-0.0473127
-0.0555525
-0.0532702
-0.0381629
-0.0296563
-0.0389682
-0.0613049
-0.0403445
-0.0375466
-0.0486688
-0.0481801
-0.049287
-0.0442946
-0.0197992
-0.0412088
-0.0508592
-0.0392507
-0.0423556
-0.0495292
-0.0473574
-0.0457689
-0.042416
-0.0469135
-0.0432678
-0.0493468
-0.0460226
-0.0465882
-0.0497473
-0.0457057
-0.0600717
-0.0480841
-0.0456934
-0.0466317
-0.0407772
-0.0480584
-0.0459761
-0.0452916
-0.0357049
-0.0473954
-0.0484125
-0.0380386
-0.048034
-0.0466598
-0.0458565
-0.0471653
-0.0486528
-0.0470327
-0.0417344
-0.0317316
-0.0352773
-0.03332
-0.042667
-0.0505592
-0.0384879
-0.0421788
-0.0483563
-0.0481056
-0.0452339
-0.0428242
-0.045957
-0.0489434
-0.0487133
-0.0455946
-0.0432005
-0.0456536
-0.0455984
-0.0454507
-0.0433402
-0.047416
-0.0481308
-0.0585641
-0.0469877
-0.041493
-0.0465258
-0.0474596
-0.0448509
-0.0447827
-0.0461357
-0.0420512
-0.0463043
-0.0430048
-0.0441627
