0.93142
0.93137
0.931099
0.931148
0.931049
0.931173
0.931395
0.931161
0.931185
0.931148
0.931284
0.931136
0.931086
0.931185
0.931049
0.931198
0.931432
0.931025
0.931247
0.93137
0.931407
0.931568
0.931568
0.931543
0.931667
0.931358
0.931444
0.931642
0.931444
0.93142
0.93142
0.931284
0.931346
0.931272
0.931469
0.931531
0.931593
0.931272
0.931469
0.931593
0.931444
0.931469
0.93121
0.931444
0.931568
0.93137
0.931395
0.931444
0.931309
0.93142
0.931309
0.931222
0.931407
0.931642
0.931383
0.931346
0.931284
0.931519
0.931284
0.931432
0.931346
0.931358
0.931383
0.931185
0.931482
0.93142
0.931259
0.931358
0.931259
0.93142
0.931321
0.931407
0.931309
0.931383
0.931333
0.931333
0.931407
0.93137
0.931395
0.931457
0.931395
0.93137
0.931383
0.931333
0.93163
0.931531
0.931827
0.931531
0.931457
0.931593
0.931519
0.931494
0.93137
0.931432
0.931482
0.931556
0.931383
0.931593
0.931691
0.93179
0.931617
0.931593
0.931296
0.931568
0.931617
0.931605
0.931519
0.931568
0.931432
0.931593
0.931395
0.931617
0.931716
0.93158
0.931568
0.931617
0.931395
0.931519
0.931617
0.931556
0.931679
0.931704
0.931519
0.931519
0.931494
0.931679
0.931556
0.931704
0.931457
0.931667
0.931593
0.931642
0.931815
0.931432
0.931691
0.931519
0.931679
0.931691
0.931543
0.931568
0.931519
0.931654
0.931531
0.931765
0.931679
0.931321
0.93163
0.931272
0.931494
0.931284
0.93142
0.931432
0.931482
0.93142
0.931457
0.931469
0.931358
0.931333
0.931765
0.931494
0.931593
0.931642
0.931728
0.931457
0.931667
0.931407
0.931457
0.931654
0.931543
0.931642
0.931407
0.931617
0.931778
0.93184
0.931531
0.931704
0.93158
0.931963
0.931494
0.931617
0.931914
0.931716
0.931803
0.93184
0.931778
0.93179
0.931827
0.931654
0.931642
0.931667
0.931803
0.931778
0.931753
0.931778
0.931778
0.931704
0.931679
0.931679
0.931679
0.931827
0.931716
0.931543
0.93179
0.931852
0.931815
0.931926
0.931914
0.931679
0.931593
0.931654
0.931704
0.931667
0.931765
0.931704
0.931667
0.931642
0.931741
0.931691
0.931753
0.931827
0.931593
0.931864
0.931778
0.931593
0.93184
0.931617
0.931716
0.931654
0.93163
0.93163
0.931765
0.931778
0.931667
0.931741
0.931654
0.931864
0.931679
0.931642
0.931667
0.93142
0.931728
0.931716
0.931593
0.931827
0.931716
0.931852
0.93179
0.93158
0.931667
0.931568
0.931654
0.931827
0.931617
0.931815
0.931617
0.932325
0.931877
0.931938
0.931765
0.931568
0.931543
0.931679
0.931568
0.931679
0.931593
0.931741
0.931679
0.931827
0.93184
0.93158
0.931556
0.931926
0.931877
0.931753
0.931457
0.931568
0.931827
0.931432
0.931519
0.931667
0.931852
0.931765
0.931679
0.931654
0.931852
0.931593
0.931642
0.931444
0.931803
0.931556
0.931679
0.931728
0.931753
0.931852
0.931691
0.931704
0.931556
0.931593
0.93158
0.931506
0.93158
0.931494
0.93142
0.931543
0.931704
0.931617
0.931506
0.931593
0.93158
0.93142
0.931444
0.931222
0.931309
0.931321
0.93137
0.93137
0.931568
0.93142
0.931506
0.931161
0.931407
0.931173
0.931296
0.931062
0.931296
0.931025
0.931222
0.931198
0.93137
0.931111
0.931259
0.931235
0.931222
0.931148
0.931395
0.931185
0.931272
0.931617
0.931309
0.930975
0.930704
0.930741
0.930642
0.930728
0.930728
0.930803
0.930654
0.930778
0.93058
0.930803
0.930914
0.930741
0.930803
0.930642
0.930716
0.930741
0.930877
0.930778
0.930716
0.930494
0.930543
0.930407
0.930605
0.930778
0.930444
0.930407
0.930383
0.930778
0.930716
0.930568
0.930444
0.930617
0.930605
0.930346
0.930309
0.930704
0.930716
0.930642
0.930642
0.930543
0.930444
0.930333
0.930531
0.930531
0.930654
0.930654
0.930679
0.930494
0.93042
0.930494
0.930704
0.930482
0.930642
0.930691
0.93079
0.930543
0.930556
0.930543
0.930482
0.930803
0.930642
0.930827
0.930803
0.93084
0.93063
0.930679
0.930519
0.930741
0.930901
0.930827
0.930605
0.930716
0.930741
0.930963
0.930951
0.93079
0.931111
0.930963
0.930704
0.930667
0.93063
0.930667
0.930951
0.930728
0.930827
0.930728
0.930556
0.930617
0.930815
0.93058
0.930617
0.930716
0.930667
0.930864
0.930667
0.930654
0.930803
0.930506
0.930728
0.93079
0.930914
0.930728
0.930827
0.930753
0.930852
0.930951
0.930864
0.930753
0.930901
0.930716
0.930753
0.930691
0.930877
0.930679
0.930975
0.930753
0.930852
0.93063
0.930864
0.930163
0.930901
0.931025
0.930938
0.931123
0.930926
0.930988
0.931136
0.931148
0.931
0.930914
0.930963
0.930901
0.931049
0.931086
0.931111
0.930877
0.931148
0.931099
0.931049
0.931148
0.931099
0.931259
0.931185
0.9303
0.931185
0.931099
0.931124
0.93137
0.931296
0.931198
0.931161
0.931247
0.93121
0.931148
0.931099
0.931173
0.931049
0.931284
0.931222
0.931025
0.931321
