2.67832e-15
2.12454e-07
4.29044e-07
5.39365e-07
7.29008e-07
7.43065e-07
1.09488e-06
1.08873e-06
1.09991e-06
1.28221e-06
1.27502e-06
1.26851e-06
1.27835e-06
1.27525e-06
1.29023e-06
1.28464e-06
1.6064e-06
1.75599e-06
2.06696e-06
2.25002e-06
2.25346e-06
2.25711e-06
2.26576e-06
2.266e-06
2.25793e-06
2.25162e-06
2.34348e-06
2.33696e-06
2.33103e-06
2.34813e-06
2.34708e-06
2.43194e-06
2.43312e-06
2.63718e-06
2.80454e-06
2.95464e-06
3.07886e-06
3.17047e-06
3.22693e-06
3.23641e-06
3.22606e-06
3.33887e-06
3.44202e-06
3.51662e-06
3.49975e-06
3.48418e-06
3.62495e-06
3.77651e-06
3.95133e-06
4.04182e-06
4.18748e-06
4.30831e-06
4.46281e-06
4.59289e-06
4.78124e-06
4.87536e-06
4.94361e-06
4.97754e-06
5.02344e-06
5.04578e-06
5.08335e-06
5.17299e-06
5.21743e-06
5.29871e-06
5.32061e-06
5.42397e-06
5.52389e-06
5.74458e-06
5.88552e-06
6.12489e-06
6.13085e-06
6.16771e-06
6.20516e-06
6.42016e-06
6.4284e-06
6.40298e-06
6.41332e-06
6.38781e-06
6.36485e-06
6.34205e-06
6.33732e-06
6.34725e-06
6.3472e-06
6.35823e-06
6.35238e-06
6.5485e-06
6.52241e-06
6.5313e-06
6.51423e-06
6.6156e-06
6.74464e-06
6.77841e-06
6.83254e-06
