0.0358835
0.0306561
0.034141
0.0289137
0.0358835
0.0358835
0.0323986
0.0149742
0.0132317
0.00805302
0.00974685
0.0357011
0.0354966
0.0353196
0.0351417
0.0351983
0.0357917
0.0357985
0.0358835
0.0359942
0.0149742
0.0254288
0.0236864
0.0219439
0.0202015
0.0184591
0.0173429
0.0167166
0.0358911
0.0114893
0.0132317
0.0332878
0.0340207
0.0149093
0.034141
0.0286982
0.0271713
0.0255674
0.03443
0.0343027
0.00277708
0.0132317
0.0114893
0.00974685
0.00800441
0.00626197
0.00451953
0.0132373
0.00103465
0.0349289
0.035099
0.0359804
0.0363191
0.0366847
0.00626197
0.0358835
0.00103465
0.00277708
0.00451953
0.0364489
0.00800441
0.0346932
0.034141
0.035538
0.0358563
0.0344392
0.0348732
0.0289137
0.0167166
0.0149742
0.0276421
0.0254288
0.0263116
0.0289952
0.0308465
0.0306561
0.0202015
0.0306561
0.0246261
0.0236864
0.0219439
0.0221276
0.0322291
0.0323986
0.0338809
0.0304934
0.0289137
0.0192654
0.0184591
0.0271713
0.032864
0.0323986
0.0325538
0.0332377
0.00800441
0.0358835
0.0289137
0.0254288
0.0306561
0.0323986
0.0358835
0.0358835
0.0219439
0.034141
0.034141
0.00626196
0.034141
0.0358835
0.00103465
0.0323986
0.0236864
0.0184591
0.0271713
0.0358835
0.00277709
0.0271713
0.0283306
0.0338539
0.0338552
0.00451953
0.0114893
0.00532065
0.0314335
0.0306561
0.0321754
0.00103465
0.033181
0.0344771
0.034141
0.0132317
0.0171784
0.0257305
0.0254288
0.0149742
0.0167166
0.0324735
0.0271713
0.0284365
0.0184591
0.0202015
0.0271485
0.0300144
0.0219439
0.0254288
0.0236864
0.0228748
0.0289137
0.0333268
0.0345682
0.0350428
0.0348928
0.0348038
0.0289137
0.0346317
0.0353236
0.0301486
0.0306561
0.0312677
0.0323986
0.00800441
0.00974685
0.0338846
0.0355371
0.0352587
0.0358835
0.0132317
0.0358768
0.0355224
0.0354555
0.00626197
0.0342513
0.034141
0.0342248
0.0343121
0.00277708
0.0353528
0.00626197
0.0353418
0.00451953
0.0136528
0.00800441
0.00974685
0.0114893
0.0337731
0.0145458
0.0358835
0.0239325
0.0236864
0.0219439
0.00173588
0.00103465
0.0184591
0.0351974
0.0361533
0.0182491
0.0323986
0.0167166
0.0149742
0.0213927
0.0202015
-0.0111624
-0.0268444
-0.00593512
-0.00767756
-0.032293
-0.0320717
-0.00419267
-0.0146473
-0.0233595
-0.0181322
-0.0323533
-0.0163897
-0.0233595
-0.0216171
-0.0234098
