0.00833876
0.0327329
0.0275056
0.0344754
0.00659632
0.00485388
0.0309905
-0.0317374
0.0379602
-0.0334798
-0.0333311
0.00833877
0.0100812
0.0118236
0.0135661
0.0153085
0.00659632
0.00485388
0.00378068
0.00311144
0.0384458
0.0362896
0.036955
0.0371285
0.0373427
0.0376211
0.0379603
0.0382446
-0.00560077
-0.0330585
-0.0325416
0.0292481
0.0275056
-0.0317374
0.0272816
0.0344754
0.0355212
0.0362178
0.0257632
0.0240207
0.0370836
0.0379589
0.0377176
0.0375017
0.0370535
0.0372257
0.037535
0.0379603
0.0366476
0.0187934
0.017051
-0.00385832
-0.00211588
-0.000373438
-0.0336699
-0.00579206
-0.0339886
-0.0339967
-0.033929
0.001369
-0.0334821
-0.0108281
-0.011937
-0.00908564
-0.0073432
0.0222783
0.0205358
-0.0214008
-0.0310767
-0.0317072
-0.0230252
-0.0258701
-0.0247676
-0.0212827
-0.0195403
-0.0197119
-0.0295077
0.032523
-0.02651
-0.0271506
-0.0283772
-0.0282525
0.0309905
0.0308273
-0.0125705
0.0327329
0.034309
-0.0299949
-0.0303834
-0.0235356
-0.0160554
-0.0180858
-0.0177978
-0.014313
-0.0334798
-0.00560077
-0.0212827
0.0362178
-0.0195403
-0.0177978
-0.00385832
0.00311144
-0.0282525
0.0240207
0.0222783
-0.0334798
0.0257632
-0.00211588
0.0362178
-0.0160554
0.0362178
-0.0299949
-0.0230252
0.001369
-0.0335559
0.0351182
0.0344754
0.0240207
0.0257632
-0.0335517
-0.0326852
-0.0334798
-0.0177978
-0.018855
-0.0160554
-0.033617
-0.014313
-0.0108281
-0.0115378
0.0373048
0.0379603
-0.0247676
-0.0250927
0.0382263
0.0382914
0.0292481
-0.022994
-0.0212827
0.0371994
0.0368975
-0.0230252
-0.0195403
0.0364714
0.0357195
0.0360486
0.0362178
-0.0207188
0.0275056
0.0153085
0.00833876
0.0100812
0.0118236
0.0340409
0.0135661
0.00659632
0.0327329
0.0319136
0.0309905
0.0293748
-0.0332196
-0.0330766
0.0222783
-0.00211588
-0.00385832
0.00135185
-0.0319228
0.001369
0.00311144
0.00485388
0.0365052
0.017051
0.0209
0.0205358
0.0187934
0.0364603
-0.0073432
-0.0333711
-0.00560077
0.036829
-0.0317374
0.0363046
0.0368578
0.0370465
-0.0125705
0.0379603
-0.00142753
-0.02651
-0.026722
-0.0279373
0.0362178
0.0361084
-0.0299274
-0.00908564
-0.000373436
-0.0299949
-0.0156578
-0.030501
-0.0311853
-0.0282525
-0.0290242
0.0362178
0.0327329
0.0362178
0.0362178
0.001369
0.000126675
-0.0348348
-0.0349671
0.0344959
0.0357756
-0.00908564
-0.0349958
-0.0336253
-0.0342601
0.0344754
