1.37505e-06
1.65071e-06
1.4955e-06
6.52884e-07
5.70029e-07
2.87412e-07
1.78533e-07
3.02252e-07
2.46639e-07
1.28984e-07
2.98423e-07
3.61057e-07
2.98246e-07
1.28333e-07
2.08876e-07
2.7499e-07
8.91813e-08
2.0492e-07
2.00347e-07
1.41856e-07
4.99552e-08
9.77913e-08
9.24218e-08
5.81016e-08
5.58701e-08
6.28713e-08
8.72683e-08
5.41605e-08
5.03897e-08
5.2403e-08
5.31458e-08
2.29515e-08
3.45313e-08
7.91177e-08
4.99612e-08
1.4692e-07
2.55408e-07
8.20961e-07
1.7872e-07
2.93969e-07
4.26597e-07
2.84264e-07
4.47692e-07
2.89032e-07
4.83505e-07
1.58713e-07
2.07226e-07
2.54439e-07
2.18525e-07
1.1758e-07
1.2503e-07
1.82533e-07
7.53619e-08
6.75742e-08
4.11892e-08
4.57087e-08
4.56787e-08
2.94928e-07
7.12883e-07
8.25198e-07
