0.25328
0.253319
0.253228
0.253341
0.253293
0.253303
0.253397
0.25327
0.253322
0.253404
0.253364
0.253331
0.253302
0.253203
0.253324
0.253308
0.253356
0.253297
0.253359
0.25326
0.253305
0.253314
0.253273
0.253352
0.253281
0.253258
0.253363
0.253304
0.253338
0.253297
0.253372
0.253361
0.253326
0.253381
0.253346
0.253364
0.253295
0.253323
0.253341
0.253381
0.253328
0.253241
0.253346
0.253287
0.253363
0.253419
0.253303
0.253328
0.253386
0.253373
0.253384
0.25333
0.253374
0.25333
0.253334
0.253355
0.253426
0.253298
0.253269
0.253389
0.253341
0.253331
0.253369
0.253331
0.253215
0.253406
0.253399
0.253333
0.253296
0.253307
0.253321
0.253339
0.253326
0.253392
0.253437
0.253359
0.253301
0.253384
0.253341
0.253406
0.253392
0.253295
0.253403
0.25334
0.253374
0.253345
0.25336
0.25345
0.253432
0.253391
0.253391
0.253383
0.253377
0.253362
0.253415
0.253329
0.253482
0.253374
0.253441
0.253441
0.253458
0.253415
0.253464
0.253333
0.253343
0.253345
0.253356
0.253338
0.253416
0.253388
0.253427
0.253371
0.253396
0.253352
0.253359
0.253347
0.25333
0.253348
0.25334
0.253322
0.253408
0.253328
0.253458
0.253376
0.253314
0.25335
0.253294
0.253406
0.253387
0.253393
0.253313
0.253369
0.253366
0.25332
0.25333
0.253314
0.253374
0.253377
0.253322
0.25342
0.253383
0.253398
0.253282
0.253389
0.253357
0.25337
0.253361
0.253309
0.253384
0.253362
0.253393
0.253378
0.253435
0.253418
0.253303
0.25339
0.253317
0.253378
0.253426
0.253347
0.253434
0.253327
0.253401
0.253373
0.253378
0.253357
0.253336
0.253389
0.253359
0.253372
0.25338
0.253389
0.253413
0.253342
0.253423
0.25337
0.253406
0.253322
0.253424
0.253379
0.253416
0.253357
0.253394
0.253441
0.253417
0.253345
0.253042
0.253351
0.253367
0.253456
0.253487
0.253401
0.253448
0.253411
0.253427
0.253325
0.253427
0.253406
0.253409
0.25347
0.253372
0.253361
0.253672
0.253491
0.253612
0.253539
0.253427
0.253343
0.253406
0.253244
0.253351
0.253266
0.253337
0.253292
0.253318
0.253399
0.253307
0.253267
0.253265
0.253408
0.2534
0.253347
0.253392
0.2533
0.253432
0.25341
0.253271
0.253267
0.253293
0.253279
0.253311
0.253372
0.253342
0.253312
0.253383
0.253374
0.253394
0.253399
0.253331
0.253383
0.253373
0.25335
0.253332
0.25342
0.253371
0.253403
0.253422
0.253333
0.253394
0.253354
0.253362
0.253434
0.253338
0.253396
0.25334
0.253423
0.253297
0.253375
0.253325
0.253309
0.253382
0.253347
0.253282
0.253346
0.253345
0.253437
0.253304
0.253369
0.25333
0.253331
0.253337
0.253241
0.253348
0.253289
0.253442
0.253363
0.253353
0.253303
0.253347
0.253315
0.25335
0.253299
0.25326
0.253269
0.253377
0.253328
0.253288
0.253291
0.253314
0.25335
0.253375
0.253298
0.25334
0.253356
0.253296
0.25338
0.253258
0.253315
0.253347
0.253394
0.253281
0.253325
0.253366
0.253326
0.253327
0.253406
0.253343
0.253366
0.253361
0.253318
0.253432
0.253298
0.253408
0.253335
0.253344
0.253313
0.253299
0.25328
0.253297
0.253368
0.253302
0.253339
0.253333
0.253331
0.25332
0.253299
0.253371
0.253353
0.253399
0.253327
0.253411
0.253377
0.253378
0.253388
0.253264
0.253324
0.253361
0.253298
0.25333
0.253288
0.253371
0.2534
0.253356
0.253282
0.253422
0.253263
0.253298
0.253326
0.253221
0.2533
0.253363
0.253465
0.253303
0.253364
0.253342
0.253322
0.253421
0.25332
0.253314
0.253339
0.253351
0.253275
0.25328
0.253292
0.253351
0.253315
0.253264
0.253249
0.253381
0.253292
0.253322
0.253319
0.253314
0.253317
0.253363
0.253328
0.253393
0.253358
0.253317
0.253373
0.253308
0.253372
0.253315
0.253339
0.253294
0.25339
0.253354
0.253379
0.253307
0.253326
0.253237
0.25331
0.253319
0.253339
0.253365
0.253314
0.253291
0.253347
0.253299
0.253399
0.253294
0.253309
0.253306
0.253347
0.25327
0.25335
0.253327
0.253349
0.253379
0.253347
0.253231
0.253296
0.253324
0.253317
0.253329
0.253209
0.253283
0.253353
0.253337
0.253317
0.253371
0.253316
0.253364
0.25334
0.253345
0.253364
0.253287
0.253358
0.253299
0.253245
0.253353
0.253304
0.253277
0.253317
0.253345
0.25325
0.253338
0.253328
0.253334
0.253268
0.253356
0.253347
0.253446
0.253299
0.253304
0.253367
0.253299
0.253353
0.253382
0.253338
0.25325
0.253315
0.253327
0.253378
0.253341
0.253313
0.253339
0.253306
0.253333
0.253252
0.253278
0.253318
0.253365
0.253308
0.253282
0.253273
0.253313
0.253356
0.253291
0.253242
0.253307
0.253302
0.253306
0.253363
0.253413
0.253307
0.253381
0.253299
0.253288
0.253313
0.253245
0.253291
0.253278
0.253248
0.253281
0.253391
0.253297
0.253424
0.253367
0.253307
0.253305
0.253316
0.25338
0.253366
0.253348
0.253345
0.253306
0.253324
0.253294
0.253357
0.253294
