1.60833e-06
1.21617e-06
1.40613e-06
1.41167e-06
1.57579e-06
1.53738e-06
1.64911e-06
1.32809e-06
1.27388e-06
1.2419e-06
1.16251e-06
1.31064e-06
1.21133e-06
1.26763e-06
1.35458e-06
1.40743e-06
1.30443e-06
1.34092e-06
1.27701e-06
1.20944e-06
1.15806e-06
1.30721e-06
1.34926e-06
1.05106e-06
1.31771e-06
1.29494e-06
1.25007e-06
1.44099e-06
1.44022e-06
1.40573e-06
1.58893e-06
1.42129e-06
1.45479e-06
1.66963e-06
1.81437e-06
1.45282e-06
1.93436e-06
1.28601e-06
1.48919e-06
1.43291e-06
1.48051e-06
1.28565e-06
1.43168e-06
1.29223e-06
1.47778e-06
1.63779e-06
1.74491e-06
2.97164e-06
3.41057e-06
3.83309e-06
4.03718e-06
6.18422e-06
1.05743e-05
1.31424e-05
2.04179e-05
1.47557e-05
3.5055e-06
2.01139e-06
2.1993e-06
