0.537954
1.12048
1.61793
2.35057
2.90181
3.47182
4.29678
4.94748
5.5439
6.12751
6.58201
7.10609
7.5719
8.06534
8.40702
8.72302
9.0836
9.26258
9.39849
9.53061
9.6227
9.72078
9.86144
9.96936
10.0778
10.2152
10.3139
10.4517
10.5627
10.6776
10.8001
10.8827
10.9254
10.954
10.9746
10.9938
11.015
11.015
11.0284
11.0291
11.0366
11.0293
11.0195
11.0188
11.0224
11.0159
11.0184
11.0198
11.0264
11.0398
11.0391
11.0304
11.0163
11.0166
11.0234
11.0291
11.0295
11.0216
11.0224
11.0286
11.0347
11.0372
11.0357
11.0375
11.0343
11.0343
11.0332
11.0263
11.027
11.0288
11.035
11.035
11.0328
11.0332
11.0343
11.035
11.035
11.035
11.0389
11.0382
11.0321
11.0314
11.031
11.0321
11.0339
11.04
11.0335
11.04
11.0382
11.036
11.031
11.031
11.0298
11.031
11.031
11.0316
11.0328
11.036
11.0364
11.0364
11.0303
11.0316
11.0305
11.0292
11.0298
11.0292
11.036
11.0342
11.036
11.0305
11.0316
11.036
11.0298
11.0356
11.0283
11.0338
11.0338
11.0305
11.0371
11.036
11.0371
11.0364
11.0353
11.036
11.0432
