0
0.000487875
0.000487875
0.000487875
0.000487875
0.00123933
0.00123933
0.00123933
0.00123933
0.00123933
0.00123933
0.00123933
0.00123933
0.0019124
0.0019124
0.0019124
0.00208218
0.00208218
0.00208218
0.00208218
0.00219599
0.00219599
0.00219599
0.00219599
0.0022349
0.00227442
0.00227442
0.00227442
0.00227442
0.0023289
0.0023289
0.0023289
0.0023289
0.0023289
0.0023289
0.0023289
0.0023289
0.0023289
0.0023289
0.0023696
0.0023696
0.0023696
0.00237088
0.00237088
0.00237088
0.00237088
0.00237088
0.00237088
0.00237088
0.00237088
0.00237088
0.00237088
0.00237088
0.00237088
0.00237088
0.00237088
0.00237088
0.00237088
0.00237088
0.00237088
0.00237088
0.00237088
0.00237088
0.00237088
0.00237088
0.00237155
0.00237155
0.00237155
0.00237155
0.00237084
0.00237084
0.00237084
0.00237084
0.00237084
0.00237084
0.00237084
0.00237084
0.00237084
0.00237084
0.00237084
0.00237084
0.00237084
0.00237084
0.00237084
0.00237084
0.00237084
0.00237084
0.00237084
0.00237084
0.00237084
0.00237084
0.00237084
0.00237084
0.00237084
0.00237084
0.00237084
0.00237084
0.00237084
0.00237084
0.00237084
0.00237084
0.00237084
0.00237084
0.00237084
0.00237084
0.00237084
0.00237084
0.00237084
0.00237084
0.00237084
0.00237084
0.00237084
0.00237084
0.00237084
0.00237084
0.00237084
0.00237084
0.00237084
0.00237084
0.00237084
0.00237152
0.00237152
0.00237152
0.00237152
0.00237152
