0.00938416
0.00938416
0.00938416
0.00625
0.007
0
0.007
0
0
0
0.00938416
0
0.007
0.0098995
0.007
0.007
0.007
0
0.007
0
0.007
0.0117074
0.007
0.014
0.007
0.00938416
0.0098995
0.00625
0
0
0
0
0
0
0.007
0.007
0.0098995
0
0
0.007
0
0
0.0098995
0.0098995
0.007
0.00938416
0.00938416
0
0.007
0.014
0.007
0
0
0.0117074
0.00938416
0.00625
0.00625
0.00938416
0
0
0.007
0.007
0.007
0
0.00938416
0.00938416
0
0.007
0.0098995
0.0098995
0
0.0098995
0.007
0.0117074
0.00625
0.00625
0.007
0
0.007
0.014
0.007
0.007
0.00938416
0.00625
0.00625
0.007
0
0.0098995
0.007
0.007
0.00938416
0.00938416
0.0153317
0.00625
0.00938416
0.00625
0.007
0.007
0.0098995
0
0.00625
0.00938416
0.00625
0.00625
0.00625
0
0.007
0.007
0
0.0117074
0.0117074
0.00938416
0.00938416
0.00625
0.00625
0
0
0
0.0098995
0.00625
0.0117074
0.00625
0.00625
0.00938416
0.00938416
0.00625
0.0098995
0.007
0.00625
0.00625
0.00938416
0.00625
0.00625
0.00625
0.00625
0.007
0.007
0.00938416
0
0.00938416
0.00938416
0.00625
0.00625
0.00625
0.00625
0.00625
0.00938416
0
0
0.00625
0.00625
0.00625
0.00625
0.00625
0.00625
0.00625
0.007
0.00625
0
0.00938416
0.00938416
0.00625
0.00938416
0.00938416
0.00938416
0.007
0.00938416
0.00625
0.00625
0.0117074
0.0117074
0.00938416
0.00625
0.00625
0.00938416
0
0.007
0.00938416
0.00938416
0.00938416
0.00938416
0.00938416
0.00625
0.00938416
0.00938416
0.00938416
0.00938416
0.00625
0.00938416
0.00938416
0.0125
0.0143265
0.0143265
0.00625
0.00938416
0.00938416
0.00625
0.00625
0.00625
0.0143265
0.00625
0.0125
0.00625
0.00625
0.00625
0.00938416
0.00938416
0.00625
0.0117074
0.00625
0.00625
0.00625
0.00625
0.00938416
0.00625
0.00625
0.00625
0.00625
0.00625
0.00938416
0.00938416
0.00625
0.0125
0.0117074
0.00625
0.00625
0.00625
0.00938416
0.00625
0.00938416
0.0159452
0.0125
0.0143265
0.00625
0.00625
0.00625
0.00625
0.00938416
0.00938416
0.0125
0.0143265
0.0125
0.0143265
0.00625
0.00625
0.0143265
0.00625
0.00625
0.0125
0.0125
0.0143265
0.0143265
0.0143265
0.00625
0.00938416
0.00625
0.0143265
0.0125
0.0125
0.0125
0.0143265
0.0143265
0.00625
0.00938416
0.00625
0.0159452
0.0143265
0.0125
0.0143265
0.0125
0.0125
0.0125
0.0125
0.0125
0.0143265
0.0125
0.0143265
0.00625
0.094011
0.188152
0.354037
0.484853
0.64916
0.890255
1.05237
1.16518
1.26813
1.27686
1.25755
1.27442
1.30341
1.31705
1.29229
1.27923
1.26132
1.26623
1.26
1.2414
1.21793
1.21665
1.2216
1.23857
1.23178
1.21931
1.20181
1.19509
1.2112
1.31211
1.43222
1.60321
1.89293
2.14282
2.40593
2.66959
3.04323
3.34119
3.71101
3.92187
4.13722
4.44305
4.65124
4.8276
5.04219
5.1803
5.29355
5.404
5.46522
5.51758
5.58177
5.62896
5.67713
5.73149
5.77278
5.82701
5.88616
5.92805
5.96915
6.02966
6.07743
6.12519
6.16208
6.17497
6.18121
6.18153
6.18756
6.18756
6.18747
6.1938
6.20024
6.20659
6.20648
6.21261
6.2061
6.21234
6.21251
6.20648
6.20703
6.20057
6.20618
6.2133
6.21954
6.21973
6.21315
6.21295
6.21885
6.21918
6.21918
6.21909
6.21954
6.22587
6.22597
6.22018
6.22597
6.22678
6.22578
6.22587
6.22597
6.22542
6.22552
6.22607
6.22632
6.22632
6.22632
6.22678
6.22632
6.22632
6.22642
6.23255
6.23255
6.23255
6.2321
6.23255
6.23302
6.22678
6.22678
6.22688
6.22678
6.23255
6.23302
6.23255
6.23265
6.23311
6.23265
6.23302
6.23302
6.22678
6.23348
6.23348
6.23302
6.23925
6.23935
6.23925
6.23972
6.23292
6.23311
6.23348
6.23348
6.23348
6.23972
6.23348
6.23972
6.23972
6.23348
6.23348
6.23348
6.23406
6.23302
6.23925
6.23972
6.23982
6.23982
6.23982
6.24029
