0.0117074
0.0221359
0.0221359
0.0156525
0.019799
0.019799
0.0252389
0.019799
0.0252389
0.0156525
0.019799
0.0260012
0.0221359
0.0252389
0.019799
0.019799
0.0221359
0.0156525
0.0156525
0.019799
0.020762
0.0260012
0.0260012
0.020762
0.0252389
0.019799
0.0221359
0.0156525
0.0098995
0.0156525
0.0168542
0.020762
0.0230014
0.0252389
0.019799
0.0252389
0.0156525
0.019799
0.0156525
0.0168542
0.0221359
0.0156525
0.0252389
0.0221359
0.019799
0.019799
0.0156525
0.0156525
0.0168542
0.019799
0.020762
0.020762
0.0260012
0.0260012
0.0252389
0.0156525
0.0098995
0.0098995
0.0168542
0.0168542
0.0230014
0.0260012
0.030349
0.019799
0.019799
0.019799
0.0156525
0.0168542
0.0168542
0.0156525
0.0168542
0.0260012
0.030349
0.0252389
0.019799
0.0252389
0.0156525
0.0168542
0.0168542
0.0168542
0.0230014
0.0230014
0.031305
0.0252389
0.0098995
0.0098995
0.0156525
0.0168542
0.0168542
0.0168542
0.0168542
0.0260012
0.0260012
0.019799
0.0156525
0.019799
0.020762
0.0168542
0.020762
0.0230014
0.0252389
0.0296985
0.0252389
0.019799
0.019799
0.0156525
0.0156525
0.020762
0.0168542
0.020762
0.0260012
0.020762
0.0117074
0.0156525
0.0168542
0.019799
0.0117074
0.0168542
0.0168542
0.0230014
0.030349
0.020762
0.019799
0.0168542
0.019799
0.020762
0.0230014
0.0219103
0.0230014
0.0230014
0.030349
0.0260012
0.020762
0.019799
0.020762
0.0260012
0.020762
0.020762
0.020762
0.0260012
0.030349
0.0260012
0.0168542
0.019799
0.020762
0.020762
0.020762
0.020762
0.0168542
0.0260012
0.020762
0.020762
0.0230014
0.0260012
0.020762
0.0168542
0.020762
0.0219103
0.0295307
0.020762
0.020762
0.0168542
0.0168542
0.0117074
0.0168542
0.0168542
0.0168542
0.020762
0.0260012
0.0230014
0.0221359
0.021
0.0260012
0.0260012
0.020762
0.020762
0.0260012
0.020762
0.0260012
0.030349
0.0260012
0.020762
0.0117074
0.0168542
0.0281647
0.0230014
0.0260012
0.0260012
0.0260012
0.0260012
0.020762
0.020762
0.0168542
0.020762
0.020762
0.020762
0.0260012
0.020762
0.020762
0.020762
0.0260012
0.020762
0.020762
0.020762
0.0230014
0.0230014
0.030349
0.0260012
0.020762
0.020762
0.0168542
0.0117074
0.0168542
0.0168542
0.0168542
0.0260012
0.0260012
0.0168542
0.020762
0.0168542
0.0168542
0.0117074
0.0168542
0.020762
0.020762
0.0319228
0.030349
0.020762
0.020762
0.0117074
0.0168542
0.0168542
0.0168542
0.0281647
0.0254214
0.0230014
0.0260012
0.0260012
0.020762
0.0230014
0.0260012
0.0168542
0.0168542
0.0230014
0.0319228
0.0319228
0.0260012
0.0260012
0.020762
0.0230014
0.0200312
0.0159452
0.0168542
0.0168542
0.020762
0.0260012
0.020762
0.0260012
0.020762
0.0230014
0.020762
0.0281647
0.0200312
0.0234147
0.0234147
0.020762
0.0230014
0.0260012
0.0168542
0.0234147
0.0168542
0.0200312
0.0200312
0.0244387
0.0337083
0.0281647
0.0322219
0.0168542
0.114657
0.255719
0.237026
0.177536
0.131404
0.0688422
0.157178
0.336109
0.452116
0.479858
0.480674
0.53788
0.58559
0.608195
0.601671
0.585129
0.58676
0.613489
0.613489
0.600429
0.584304
0.589272
0.602267
0.634338
0.629492
0.616358
0.592754
0.597156
0.615987
0.692366
0.770528
0.864404
1.01638
1.15782
1.30478
1.50173
1.65856
1.81218
2.01768
2.14594
2.26143
2.42363
2.53465
2.64639
2.77911
2.86929
2.93948
3.00818
3.05072
3.09642
3.14339
3.18073
3.20033
3.22619
3.25075
3.28038
3.3294
3.36615
3.39136
3.42243
3.45914
3.49496
3.52389
3.53044
3.52525
3.52548
3.52762
3.52735
3.52796
3.52715
3.52176
3.53304
3.53924
3.53947
3.54002
3.54597
3.54597
3.55106
3.54575
3.53401
3.52981
3.53649
3.54805
3.54656
3.54625
3.53924
3.54625
3.55245
3.55358
3.55327
3.54738
3.54722
3.54758
3.54138
3.54185
3.54151
3.54822
3.55947
3.55947
3.56598
3.55929
3.55391
3.55424
3.55342
3.54805
3.54923
3.5546
3.55378
3.5546
3.56011
3.56598
3.56516
3.55929
3.55414
3.55414
3.54794
3.54832
3.5546
3.5546
3.55997
3.56502
3.56582
3.55997
3.55997
3.55997
3.56034
3.56034
3.55579
3.55496
3.56034
3.56034
3.56654
3.56819
3.56079
3.55997
3.56699
3.56699
3.56116
3.56154
3.56193
3.56072
3.56034
3.56692
3.56072
3.56692
3.56654
3.56736
3.56699
3.56819
3.57355
3.57274
3.57355
3.57355
3.56731
3.56773
