0.000190296
0.000190296
0.00024696
0.00024696
0.00044994
0.00044994
0.00044994
0.00044994
0.00044994
0.00044994
0.000662193
0.000662193
0.000662193
0.000662193
0.000862121
0.000862121
0.000862121
0.000862121
0.00118746
0.00118746
0.00118746
0.00118746
0.00146248
0.00146248
0.00163975
0.00163975
0.00163975
0.00163975
0.00163975
0.00183688
0.00183688
0.00183688
0.00183688
0.00198676
0.00198676
0.00198676
0.00198676
0.00203778
0.00203778
0.00203778
0.00203778
0.00210462
0.00210462
0.00210462
0.00210462
0.00213119
0.00213119
0.00213119
0.00213119
0.00213119
0.00213119
0.0021563
0.0021563
0.0021563
0.0021563
0.00215773
0.00215773
0.00215773
0.00215773
0.00215773
0.00215773
0.00215773
0.00215773
0.00215917
0.00215917
0.00215917
0.00215917
0.00215059
0.00215059
0.00215059
0.00215059
0.00215059
0.00215059
0.00215059
0.00213987
0.00213987
0.00213987
0.00213987
0.00213772
0.00213772
0.00213772
0.00213772
0.00213772
0.00213772
0.00213772
0.00213772
0.00213772
0.00213772
0.00213772
0.00213772
0.00213772
0.00213772
0.00213772
0.00213772
0.00213772
0.00213772
0.00213772
0.00213772
0.00213772
0.00213772
0.00213772
0.00213772
0.00213772
0.00213772
0.00213987
0.00213987
0.00213987
0.00213987
0.00213987
0.00213987
0.00213987
0.00213987
0.00213987
0.00213987
0.00213987
0.00213987
0.00213987
0.00213987
0.00213987
0.00213987
0.00213987
0.00213987
0.00213987
0.00213987
0.00213987
0.00213987
0.00213987
0.00213987
0.00213987
0.00213987
0.00213987
0.00213987
0.00213987
0.00213987
0.00213987
0.00213987
0.00213987
0.00213987
0.00213987
