1.04359
1.4443
1.54288
1.66887
1.77275
1.9317
2.0514
2.15883
2.26069
2.42669
2.52561
2.73687
2.96913
3.14494
3.32853
3.66863
3.95947
4.26464
4.65311
4.98573
5.33706
5.77769
6.08053
6.4033
6.9252
7.33414
7.86121
8.31738
8.52134
8.78473
9.06674
9.23703
9.38909
9.56648
9.68619
9.80593
9.96124
10.0668
10.1631
10.2225
10.2819
10.3682
10.4342
10.4925
10.5562
10.6228
10.669
10.7213
10.7378
10.751
10.7631
10.7731
10.7814
10.7857
10.7824
10.7879
10.789
10.7896
10.7962
10.7945
10.7995
10.7984
10.7984
10.8006
10.7968
10.7886
10.7676
10.7561
10.7467
10.7374
10.7313
10.7308
10.7292
10.7275
10.7292
10.7286
10.7286
10.7275
10.7275
10.7286
10.7281
10.7265
10.7297
10.7297
10.7292
10.7286
10.7286
10.7292
10.7292
10.7286
10.727
10.727
10.727
10.7292
10.7336
10.7292
10.733
10.7254
10.733
10.7397
10.7452
10.7473
10.7473
10.7544
10.7528
10.7534
10.7518
10.7489
10.7566
10.7528
10.7528
10.7595
10.7512
10.7583
10.7512
10.7518
10.7518
10.7468
10.7462
10.7512
10.7534
10.7595
10.7595
10.755
10.7528
10.7528
10.7523
10.7561
10.7533
10.7507
10.7512
10.7557
10.7583
10.7507
10.7528
10.7523
10.7544
10.7518
10.7528
