0
0.014
0.007
0.0117074
0.007
0.007
0.007
0.00938416
0.007
0.00938416
0.00938416
0.007
0.007
0.007
0.007
0.007
0.00625
0.00938416
0.00938416
0
0.00625
0.007
0
0.007
0.0098995
0.0098995
0.0098995
0
0.00938416
0.00625
0.0117074
0
0
0.007
0
0
0.007
0.0098995
0.0098995
0.00938416
0.0098995
0.0098995
0.007
0
0.007
0.0098995
0.007
0.0098995
0.00938416
0.007
0.007
0.00625
0.007
0.007
0.0098995
0.0098995
0.007
0.007
0.00938416
0.00938416
0.007
0
0.0098995
0.0098995
0.0098995
0.007
0.00938416
0.0117074
0.00938416
0.00938416
0.00625
0
0
0.007
0.007
0
0
0.007
0.007
0.0117074
0.007
0
0.007
0.007
0.0117074
0.0117074
0.0117074
0.00938416
0.0117074
0.014
0.014
0.007
0.0098995
0.0098995
0.00938416
0.0117074
0.0219103
0.0168542
0.0153317
0.0098995
0.007
0.007
0.007
0.0098995
0.007
0.0117074
0.00938416
0.0117074
0.00938416
0.00938416
0.00938416
0.00938416
0.00625
0.00938416
0.014
0.00938416
0.00938416
0.0117074
0.0168542
0.00938416
0.00938416
0.007
0.007
0.0098995
0.0117074
0.0168542
0.00625
0.00938416
0.007
0.00625
0.007
0.007
0.014
0.00938416
0.00938416
0.0168542
0.0117074
0.00625
0.0117074
0.0117074
0.00938416
0
0.007
0.00938416
0.00938416
0.00938416
0.00938416
0.00938416
0.00938416
0.0117074
0.00938416
0
0
0
0.00938416
0.00938416
0.0117074
0.0117074
0.0117074
0.00938416
0.007
0.007
0.007
0.007
0.0156525
0.0153317
0.0117074
0.0117074
0.00938416
0.00938416
0.007
0.00938416
0
0
0.007
0.00938416
0.00938416
0.0117074
0.0117074
0.0117074
0.00938416
0.007
0.00938416
0.0153317
0.00938416
0.00938416
0.0117074
0.00938416
0.0117074
0.0117074
0.00938416
0.00625
0
0.00938416
0.007
0.00938416
0.00938416
0.0168542
0.00938416
0.0117074
0.00625
0.00625
0.00938416
0.00625
0.00938416
0.00938416
0.00938416
0.0168542
0.0153317
0.00938416
0.00938416
0.00938416
0.00938416
0.007
0.00938416
0.00938416
0.0153317
0.00938416
0.0117074
0.0117074
0.00625
0.00938416
0.007
0.0098995
0.0117074
0.0117074
0.0153317
0.0153317
0.0168542
0.0117074
0.00938416
0.007
0.007
0.0098995
0.0117074
0.0153317
0.0153317
0.00938416
0.0117074
0.0117074
0.00625
0.007
0.007
0.00625
0.00938416
0.00938416
0.00938416
0.00625
0.00938416
0.0153317
0.00938416
0.0117074
0.0117074
0.00625
0.0153317
0.0117074
0.0117074
0.00938416
0.0117074
0.00625
0.00625
0.00625
0.0153317
0.007
0.00625
0.00938416
0.0117074
0.00938416
0.00938416
0.00938416
0.00625
0.00938416
0.00625
0.00938416
0.00938416
0.00938416
0.0153317
0.0168542
0.0117074
0.00625
0.0098995
0
0.007
0.00938416
0.0168542
0.0168542
0.0153317
0.0168542
0.00938416
0.00938416
0.007
0.007
0.00938416
0.00938416
0.0153317
0.00938416
0.0168542
0.0168542
0.00938416
0.00625
0.00625
0
0.0117074
0.0168542
0.0153317
0.0117074
0.00938416
0.0153317
0.0117074
0.00625
0.0098995
0.00938416
0.00938416
0.0117074
0.0117074
0.0117074
0.00938416
0.00625
0
0.0117074
0.00625
0.0117074
0.00938416
0.0117074
0.0187683
0.0117074
0.0153317
0.00625
0
0.0117074
0.00938416
0.00938416
0.0117074
0.0153317
0.0117074
0.0117074
0.00938416
0.0117074
0.00938416
0.0098995
0.00625
0.00625
0.00938416
0.0153317
0.0117074
0.0117074
0.00625
0.00938416
0.007
0.0117074
0.0168542
0.00938416
0.0153317
0.00938416
0.00938416
0.0168542
0.00938416
0.021
0.0153317
0.00938416
0.0117074
0.00938416
0.0153317
0.00625
0.00938416
0.00938416
0.00938416
0.00625
0.014
0.0117074
0.0117074
0.0117074
0.0117074
0.00938416
0.00625
0.00938416
0
0.00625
0.007
0.0117074
0.00938416
0.00938416
0.00938416
0.0117074
0.00625
0.007
0.0117074
0.0117074
0.014
0.007
0.0153317
0.0153317
0.0168542
0.0153317
0.00938416
0.0098995
0.007
0.007
0.014
0.0168542
0.0153317
0.00938416
0.020762
0.0153317
0.0153317
0.014
0.007
0.00938416
0.0098995
0.00938416
0.0153317
0.0168542
0.0153317
0.0117074
0.007
0.007
0
0.00938416
0.00938416
0.0153317
0.0168542
0.00938416
0.00938416
0.00938416
0.0098995
0.0098995
0
0.0098995
0.0153317
0.0156525
0.0168542
0.0117074
0.0098995
0.00938416
0.007
0.007
0.007
0.00938416
0.00938416
0.0153317
0.0219103
0.0168542
0.0153317
0.00625
0
0.014
0.0153317
0.00938416
0.00938416
0.00938416
0.0153317
0.00938416
0.00625
0.007
0.0117074
0.00938416
0.00938416
0.0117074
0.00938416
0.00938416
0.00938416
0.00938416
0.00938416
0.00938416
0
0.00938416
0.0153317
0.0168542
0.00938416
0.00938416
0.0168542
0.007
0.0098995
0.0098995
0.00938416
0.0117074
0.0168542
0.0153317
0.0153317
0.0117074
0.0168542
0.0168542
0.00938416
0.0117074
0.0117074
0.0117074
0.00938416
0.0168542
0.0117074
0.0117074
0.00625
0.0117074
0.00625
0.00938416
0.00938416
0.0117074
0.0117074
0.00938416
0.0117074
0.0117074
0.0117074
0.00938416
0.00938416
0.00938416
0.00938416
0.0168542
0.00938416
0.00938416
0.0117074
0.00625
0.00938416
0.0117074
0.007
0.0117074
0.0117074
0.0168542
0.00938416
0.0187683
0.0143265
0.0159452
0.00938416
0.00938416
0.00938416
0.0117074
0.0268887
0.133104
0.29682
0.385404
0.569813
0.791469
0.969203
1.17124
1.34382
1.44557
1.47255
1.49861
1.50949
1.52067
1.53213
1.54317
1.54448
1.55231
1.55929
1.55902
1.56633
1.5675
1.56017
1.56043
1.56575
1.56659
1.5708
1.58368
1.58481
1.61507
1.65891
1.70432
1.73197
0.0200312
1.74541
1.75668
1.76331
1.76331
1.76388
1.76843
1.75509
1.70885
1.66001
1.6183
1.5647
1.50678
1.47517
1.42581
1.39651
1.41022
1.45893
1.50084
1.55647
1.63529
1.69637
1.76431
1.87595
1.96312
2.05702
2.18235
2.28932
2.40237
2.54731
2.64865
2.76184
2.93835
3.07711
3.20985
3.36046
3.46815
3.54968
3.63206
3.68869
3.73924
3.79587
3.83961
3.87755
3.92234
3.95407
3.97337
4.00371
4.02861
4.05427
4.07373
4.08649
4.10566
4.11876
4.13665
4.15532
4.17349
4.17411
4.17425
4.17425
4.17349
4.17971
4.18644
4.18708
4.18581
4.18581
4.19266
4.19183
4.19255
4.19216
4.19901
4.20511
4.20523
4.21071
4.22378
4.21819
4.21863
4.22485
4.2255
4.23117
4.2375
4.23686
4.24308
4.23686
4.2375
4.23804
4.24438
4.24372
4.24245
4.24297
4.2375
4.2375
4.24361
4.25049
4.24984
4.2491
4.24308
4.24931
4.24931
4.25007
4.24995
4.25617
4.25542
4.25542
4.25542
4.24857
4.24984
4.25617
4.26175
4.26187
4.26239
4.26239
4.26228
4.26787
4.26787
4.26102
4.26102
4.26113
4.26239
4.26861
4.26861
4.26861
4.26787
4.26861
4.26735
4.26735
4.26798
4.26747
4.26873
4.26861
4.2742
4.27296
4.27358
4.27358
4.2742
4.26798
4.26798
4.27358
4.27432
4.27432
4.27358
4.27347
4.27347
4.27969
4.2798
4.28042
4.28054
