0.00625
0.00938416
0.0117074
0.00938416
0.00938416
0.0153317
0.0098995
0.007
0.0098995
0.014
0.00938416
0.0117074
0.00938416
0.0117074
0.00938416
0.00938416
0.007
0.00938416
0.007
0.0098995
0.0098995
0.00625
0.00938416
0.00625
0.00938416
0.0117074
0.0098995
0.007
0.0098995
0.007
0.00938416
0.00625
0.0117074
0.00625
0.0117074
0.0168542
0.0098995
0.007
0.007
0.00938416
0.00938416
0.0117074
0.00938416
0.00938416
0.00938416
0.00938416
0.007
0.007
0.00625
0.00625
0.00938416
0.0117074
0.0117074
0.0117074
0.00938416
0.00938416
0.0117074
0
0.0117074
0.00938416
0.00938416
0.00938416
0.00938416
0.00938416
0.00938416
0.00625
0.0098995
0.00625
0.00938416
0.00938416
0.00938416
0.00938416
0.0117074
0.00938416
0.00938416
0.0168542
0.00938416
0.00625
0.00625
0.00938416
0.0117074
0.0159452
0.0143265
0.00938416
0.00938416
0.007
0.00938416
0.00625
0.00938416
0.00938416
0.0117074
0.0117074
0.0117074
0.00938416
0.00625
0.00938416
0.00938416
0.00938416
0.00938416
0.00938416
0.0143265
0.0159452
0.0143265
0.00938416
0.0168542
0.0117074
0.0168542
0.00938416
0.00938416
0.00625
0.0117074
0.00938416
0.0143265
0.0143265
0.00938416
0.00938416
0.0117074
0.00625
0.00938416
0.00625
0.0117074
0.0143265
0.0143265
0.0125
0.00625
0.00938416
0.00938416
0.0117074
0.0117074
0.0117074
0.00938416
0.0159452
0.0125
0.0143265
0.0125
0.00625
0.00938416
0.0153317
0.00625
0.00938416
0.00938416
0.0159452
0.00938416
0.00625
0.00938416
0.00625
0.00938416
0.0117074
0.0143265
0.0143265
0.0159452
0.0143265
0.0143265
0.0153317
0.0153317
0.00938416
0.00938416
0.00938416
0.00938416
0.0143265
0.0125
0.0159452
0.0143265
0.0117074
0.00938416
0.0117074
0.00625
0.0125
0.0159452
0.0117074
0.0159452
0.0143265
0.00625
0.00938416
0.00938416
0.00938416
0.00625
0.00625
0.0159452
0.0125
0.0125
0.0159452
0.0117074
0.00938416
0.00625
0.00625
0.00938416
0.0143265
0.0143265
0.0159452
0.0125
0.0143265
0.00938416
0.00938416
0.0117074
0.00938416
0.0125
0.0143265
0.0143265
0.0187683
0.0143265
0.0159452
0.0159452
0.00938416
0.00625
0.00938416
0.0117074
0.00938416
0.0159452
0.0125
0.0143265
0.0143265
0.00938416
0.0153317
0.00938416
0.00625
0.0125
0.0143265
0.0159452
0.0143265
0.0143265
0.0187683
0.0143265
0.0117074
0.00938416
0.0117074
0.0143265
0.0143265
0.0143265
0.0143265
0.0159452
0.0159452
0.0117074
0.00938416
0.0117074
0.0187683
0.0143265
0.0159452
0.0159452
0.0143265
0.0187683
0.0143265
0.00938416
0.0168542
0.0117074
0.00938416
0.0159452
0.0143265
0.0143265
0.0143265
0.0159452
0.0143265
0.0117074
0.0117074
0.0159452
0.0159452
0.0159452
0.0125
0.0143265
0.0159452
0.0187683
0.0117074
0.00938416
0.00938416
0.0143265
0.0143265
0.0159452
0.0159452
0.0159452
0.0159452
0.0159452
0.0153317
0.00625
0.0143265
0.0159452
0.0159452
0.0159452
0.0159452
0.0159452
0.0159452
0.0143265
0.00625
0.0159452
0.0159452
0.0125
0.0143265
0.0143265
0.0143265
0.0143265
0.0125
0.0143265
0.0159452
0.0159452
0.00938416
0.0125
0.0143265
0.0143265
0.0143265
0.0187683
0.0143265
0.0143265
0.0143265
0.0143265
0.0143265
0.0125
0.0143265
0.0159452
0.0187683
0.0187683
0.00938416
0.0159452
0.00938416
0.0125
0.0159452
0.0159452
0.0143265
0.0159452
0.0143265
0.0125
0.0143265
0.0125
0.0143265
0.0159452
0.0143265
0.0159452
0.0159452
0.0143265
0.0143265
0.0143265
0.0187683
0.0159452
0.0143265
0.0187683
0.0143265
0.0143265
0.0234001
0.0143265
0.0159452
0.0143265
0.0143265
0.0143265
0.0159452
0.0143265
0.0143265
0.0212029
0.0187683
0.0200312
0.0159452
0.0117074
0.0117074
0.0159452
0.0143265
0.0159452
0.0143265
0.0143265
0.0200141
0.0143265
0.0143265
0.0143265
0.0143265
0.0143265
0.0159452
0.0143265
0.0159452
0.0159452
0.0143265
0.0143265
0.0143265
0.0143265
0.0143265
0.0143265
0.0143265
0.0125
0.0143265
0.0200312
0.0212029
0.0143265
0.0143265
0.0187683
0.0159452
0.0159452
0.0187683
0.0159452
0.0143265
0.0212029
0.0143265
0.0200141
0.0200141
0.0143265
0.0159452
0.00938416
0.0159452
0.0159452
0.0125
0.0143265
0.0159452
0.0143265
0.0125
0.0159452
0.0125
0.0143265
0.0143265
0.0143265
0.0159452
0.0143265
0.0159452
0.0159452
0.0187683
0.0143265
0.0143265
0.0143265
0.0159452
0.0143265
0.0143265
0.0212029
0.0244246
0.0187683
0.0187683
0.0125
0.0143265
0.0159452
0.0143265
0.0143265
0.0200141
0.0200141
0.0200141
0.0200141
0.0159452
0.0125
0.0125
0.0143265
0.0143265
0.0125
0.0143265
0.0125
0.0200141
0.0200141
0.0143265
0.0143265
0.0159452
0.0159452
0.0125
0.0159452
0.0200141
0.0200141
0.0200141
0.0212029
0.0143265
0.0187683
0.0143265
0.0143265
0.0143265
0.0159452
0.0143265
0.0200141
0.0212029
0.0143265
0.0187683
0.0143265
0.0125
0.0143265
0.0143265
0.0159452
0.0212029
0.0212029
0.01875
0.0143265
0.0143265
0.0125
0.0143265
0.0143265
0.0159452
0.0143265
0.0200141
0.0200141
0.0200141
0.0212029
0.0187683
0.0143265
0.0159452
0.0159452
0.0143265
0.0200141
0.0234001
0.0200141
0.0200141
0.0200141
0.0159452
0.0234147
0.0159452
0.0143265
0.0159452
0.0143265
0.0212029
0.0234001
0.0212029
0.0200312
0.0159452
0.0159452
0.0159452
0.0187683
0.0187683
0.0200141
0.0200141
0.0212029
0.0212029
0.0200141
0.0143265
0.0143265
0.0125
0.0143265
0.0143265
0.0200141
0.01875
0.0200141
0.0234001
0.0159452
0.0159452
0.0143265
0.0143265
0.0212029
0.0200141
0.0212029
0.0200141
0.0200141
0.0187683
0.0159452
0.0143265
0.0125
0.0212029
0.0200141
0.0200141
0.0212029
0.0212029
0.0200141
0.0234001
0.0143265
0.0143265
0.0159452
0.0200141
0.0200141
0.0200141
0.0212029
0.0234001
0.0200141
0.0314414
0.0290097
0.0212029
0.0212029
0.0212029
0.0212029
0.0200141
0.0200141
0.0200141
0.0200141
0.0212029
0.0143265
0.0200141
0.01875
0.0212029
0.0200141
0.0268887
0.0268887
0.01875
0.025
0.0947896
0.233149
0.329566
0.423925
0.523452
0.672404
0.784317
0.908194
0.977134
1.05198
1.1517
1.22616
1.30784
1.38926
1.50165
1.62688
1.77114
1.9661
2.11002
2.34173
2.51688
2.67999
2.87998
3.04891
3.23656
3.50498
3.7048
3.93554
4.08481
4.2098
4.31596
4.42175
4.49023
4.5524
4.60843
4.68295
4.74543
4.79526
4.84515
4.87649
4.90759
4.94519
4.97643
5.00744
5.04482
5.06982
5.09471
5.11347
5.12597
5.13828
5.1447
5.15086
5.15086
5.15086
5.15105
5.15096
5.15095
5.1572
5.1572
5.16346
5.16357
5.16355
5.16345
5.1573
5.1573
5.15105
5.12596
5.10712
5.10096
5.10079
5.09453
5.08837
5.08232
5.08222
5.08212
5.08222
5.08212
5.08204
5.08204
5.08212
5.08221
5.08221
5.08212
5.08204
5.08203
5.08212
5.08222
5.08222
5.08856
5.08839
5.08847
5.08829
5.08222
5.08212
5.08846
5.08203
5.08829
5.08837
5.09462
5.09471
5.09491
5.09481
5.09481
5.09462
5.09462
5.09462
5.09445
5.10079
5.10087
5.10078
5.10087
5.10079
5.10087
5.10087
5.10078
5.10087
5.10079
5.10087
5.10087
5.10097
5.10087
5.10106
5.10097
5.09471
5.09481
5.09481
5.10087
5.10097
5.10108
5.10106
5.10108
5.10087
5.10106
5.10096
5.09462
5.09481
5.09481
5.10087
5.10096
