0.000341986
0.000341986
0.000341986
0.000341986
0.000578988
0.000578988
0.000578988
0.000578988
0.00101889
0.00101889
0.00101889
0.00101889
0.00120201
0.00120201
0.00120201
0.00148288
0.00148288
0.00148288
0.00148288
0.00148288
0.00148288
0.00165636
0.00165636
0.00165636
0.00165636
0.00208196
0.00208196
0.00208196
0.00208196
0.00214521
0.00214521
0.00214521
0.00214521
0.00214521
0.00214521
0.0021849
0.0021849
0.0021849
0.0021849
0.00226205
0.00226205
0.00226205
0.00226205
0.00229031
0.00229031
0.00231503
0.00231503
0.00231503
0.00231503
0.00231503
0.00231503
0.00233832
0.00233832
0.00233832
0.00233832
0.00238129
0.00238129
0.00238129
0.00238129
0.00239888
0.00239888
0.00239888
0.00239888
0.00239888
0.0024207
0.0024207
0.0024207
0.0024207
0.00246358
0.00246358
0.00246358
0.00246358
0.00248536
0.00248536
0.00248536
0.00248536
0.00248536
0.00249449
0.00249449
0.00249449
0.00249449
0.00249449
0.00249449
0.00249449
0.00249449
0.00249236
0.00249236
0.00249236
0.00249236
0.00249236
0.00249236
0.00249236
0.00249236
0.00249236
0.00249236
0.00249236
0.00249236
0.00249236
0.00249236
0.00249236
0.00249236
0.00249236
0.00249236
0.00249236
0.00249236
0.00249376
0.00249376
0.00249376
0.00249376
0.00249376
0.00249376
0.00249376
0.00249376
0.00249376
0.00249376
0.00249376
0.00249376
0.00249376
0.00249376
0.00249376
0.00249376
0.00249376
0.00249376
0.00249376
0.00249376
0.00249376
0.00249376
0.00249376
0.00249376
0.00249376
0.00249376
0.00249376
0.00249376
0.00249376
0.00249376
0.00249376
0.00249376
0.00249376
0.00249306
0.00249306
0.00249306
0.00249306
0.00249306
0.00249306
0.00249306
0.00249306
0.00249306
0.00249306
0.00249306
0.00249306
0.00249306
0.00249306
0.00249306
0.00249306
0.00249306
0.00249306
0.00249306
0.00249306
0.00249306
0.00249306
0.00249306
0.00249306
0.00249306
0.00249306
0.00249306
