0.54169
0.652088
0.74016
0.825829
0.954737
1.09065
1.24047
1.47137
1.65043
1.88456
2.2464
2.52985
2.8258
3.2547
3.58117
3.91571
4.30071
4.58319
4.89816
5.30772
5.62968
5.94135
6.39585
6.74947
7.07981
7.37254
7.4626
7.60551
7.73803
7.83035
7.91049
8.0189
8.07669
8.10907
8.20635
8.28165
8.35892
8.48101
8.56813
8.63944
8.70813
8.752
8.79343
8.8587
8.91174
8.97083
9.04135
9.09349
9.14102
9.18602
9.23819
9.29208
9.3629
9.41515
9.47629
9.54193
9.58759
9.64074
9.67358
9.75321
9.80362
9.86907
9.92458
9.97055
10.0256
10.0716
10.1187
10.1861
10.2497
10.2957
10.3706
10.4031
10.4276
10.4386
10.457
10.4607
10.4587
10.4595
10.4572
10.4548
10.4545
10.4477
10.4519
10.4491
10.4499
10.4479
10.4488
10.4468
10.4399
10.4387
10.4312
10.4312
10.4373
10.4343
10.4301
10.4309
10.4301
10.429
10.4198
10.4198
10.4179
10.4171
10.4168
10.4237
10.4318
10.4307
10.4296
10.4224
10.4216
10.4224
10.4205
10.4216
10.4194
10.4202
10.4194
10.4194
10.4184
10.4114
10.4122
10.4125
10.4114
10.4101
10.4101
10.4101
10.4101
10.4101
10.409
10.4082
10.409
10.408
10.408
10.4072
10.408
10.4069
10.4061
10.4072
10.408
10.4
10.3989
10.3989
10.3981
10.3992
10.4051
10.404
10.404
10.3979
10.3969
10.3969
10.3958
10.3889
10.394
10.395
10.3958
10.3977
10.3977
10.3905
10.3895
10.3887
10.3879
10.3879
10.3868
10.3877
10.393
10.3877
10.3897
