0.0098995
0.007
0.0098995
0.007
0.007
0.007
0.0098995
0.007
0.007
0.007
0.007
0.0098995
0.0156525
0.0098995
0.0156525
0.0098995
0.007
0.014
0
0
0.007
0.0098995
0.0156525
0.014
0.007
0.014
0.007
0.007
0.007
0.007
0.0098995
0.0156525
0.014
0.0156525
0.014
0.0221359
0.014
0.007
0.007
0.0156525
0.0098995
0.0098995
0.007
0.007
0.0098995
0.00938416
0.00938416
0
0.007
0.007
0.014
0.0156525
0.007
0.0156525
0.0098995
0.00625
0.014
0.007
0.0156525
0.007
0.007
0.007
0.007
0.00938416
0.00938416
0.00938416
0.0117074
0.007
0
0.007
0.0098995
0.0098995
0.0153317
0.0153317
0.020762
0.0117074
0.00938416
0.007
0.0098995
0.007
0
0.007
0.00938416
0.0153317
0.0117074
0.00938416
0.007
0.0098995
0.0098995
0.0098995
0.0156525
0.014
0.0168542
0.00938416
0.00938416
0.0168542
0.00938416
0.00938416
0
0.007
0
0.00938416
0.00938416
0.00938416
0.0117074
0.0117074
0.00938416
0.007
0.007
0.007
0.0156525
0.00938416
0.00938416
0.0153317
0.00938416
0.0153317
0.0117074
0.00938416
0.007
0
0
0.0117074
0.00938416
0.00625
0.00938416
0.00938416
0.00625
0.00625
0.00625
0
0.014
0.00938416
0.0117074
0.00938416
0.00938416
0.00938416
0.00938416
0.00938416
0.00625
0.0098995
0.0117074
0.0117074
0.00938416
0.0153317
0.00938416
0.00938416
0.0168542
0.0153317
0.0098995
0.00938416
0.00625
0.00938416
0.00938416
0.0117074
0.00938416
0.00938416
0.00938416
0.0117074
0.0156525
0.0117074
0.0153317
0.0153317
0.00938416
0.0159452
0.0117074
0.00938416
0.00938416
0.00938416
0.00938416
0.00938416
0.0168542
0.00938416
0.00938416
0.0117074
0.00938416
0.00938416
0.00938416
0.00938416
0.0153317
0.00938416
0.00938416
0.00938416
0.00938416
0.00938416
0.0117074
0.00938416
0.00938416
0.00938416
0.00625
0.00938416
0.0117074
0.00625
0.00938416
0.00938416
0.0125
0.00625
0.00625
0.00938416
0.00625
0.00938416
0.0117074
0.0117074
0.0143265
0.0153317
0.0187683
0.0168542
0.00938416
0.00938416
0.0153317
0.00938416
0.00625
0.0117074
0.00938416
0.00625
0.0125
0.00938416
0.00938416
0.0117074
0.0117074
0.0117074
0.00938416
0.0117074
0.00938416
0.0125
0.0117074
0.00625
0.00625
0.00625
0.00625
0.00625
0.00938416
0.0159452
0.0159452
0.0143265
0.0143265
0.00625
0.00625
0.00938416
0.00938416
0.0117074
0.00938416
0.0143265
0.00625
0.0125
0.0125
0.00625
0.00625
0.00938416
0.00625
0.00938416
0.00938416
0.00938416
0.0117074
0.0143265
0.0117074
0.00625
0.00938416
0.00625
0.00938416
0.00938416
0.0168542
0.00938416
0.0159452
0.0143265
0.0159452
0.00938416
0.00938416
0.0168542
0.00938416
0.00938416
0.00625
0.0143265
0.0125
0.0159452
0.00625
0.00625
0.0117074
0.00938416
0.00938416
0.00938416
0.00938416
0.00938416
0.0187683
0.0125
0.0143265
0.0125
0.00625
0.00625
0.00625
0.0153317
0.0153317
0.0125
0.0143265
0.0143265
0.00625
0.0143265
0.0143265
0.0117074
0.0117074
0.0153317
0.0143265
0.0187683
0.0187683
0.0143265
0.0143265
0.00625
0.00625
0.00625
0.00938416
0.0117074
0.00625
0.0143265
0.0143265
0.0143265
0.0143265
0.0143265
0.00938416
0.0153317
0.00625
0.0117074
0.0159452
0.0159452
0.0187683
0.0143265
0.0143265
0.0200312
0.0153317
0.0117074
0.00938416
0.0117074
0.0159452
0.0187683
0.0143265
0.0143265
0.0187683
0.0143265
0.0143265
0.00938416
0.00625
0.0117074
0.0125
0.00938416
0.0143265
0.0143265
0.0159452
0.0143265
0.00625
0.00938416
0.00938416
0.0117074
0.0143265
0.0143265
0.0143265
0.0187683
0.0143265
0.00625
0.00938416
0.00938416
0.00625
0.00625
0.0125
0.0143265
0.0125
0.0159452
0.0159452
0.00938416
0.0117074
0.00938416
0.00938416
0.00938416
0.00938416
0.0143265
0.0159452
0.0159452
0.0143265
0.0125
0.00938416
0.00938416
0.0117074
0.0143265
0.0125
0.0143265
0.0143265
0.0143265
0.0143265
0.0143265
0.0125
0.0125
0.0143265
0.0159452
0.0143265
0.0143265
0.0159452
0.0125
0.0159452
0.0143265
0.0143265
0.0117074
0.00938416
0.0125
0.00625
0.00938416
0.0187683
0.0143265
0.0143265
0.0125
0.0125
0.00938416
0.00938416
0.00625
0.00625
0.00938416
0.0143265
0.0125
0.0143265
0.0159452
0.0125
0.0159452
0.00625
0.0125
0.0159452
0.0143265
0.0200312
0.0159452
0.0143265
0.0125
0.0143265
0.0143265
0.00938416
0.00938416
0.0143265
0.0143265
0.0187683
0.0143265
0.0143265
0.0143265
0.0143265
0.00938416
0.00938416
0.0125
0.00938416
0.0159452
0.0143265
0.0143265
0.0143265
0.0143265
0.0125
0.0143265
0.0143265
0.0143265
0.0159452
0.0143265
0.0159452
0.0125
0.0143265
0.0143265
0.0159452
0.0159452
0.0159452
0.00938416
0.0143265
0.0143265
0.0143265
0.0143265
0.0143265
0.0125
0.0125
0.0125
0.00938416
0.00938416
0.0125
0.0125
0.0125
0.0125
0.0159452
0.0143265
0.0125
0.0143265
0.0159452
0.0125
0.0143265
0.0143265
0.0200312
0.0159452
0.0143265
0.0143265
0.0143265
0.0143265
0.0143265
0.00625
0.0125
0.0187683
0.0143265
0.0143265
0.0125
0.01875
0.0125
0.0143265
0.00938416
0.00938416
0.0125
0.0159452
0.0159452
0.0159452
0.0143265
0.0143265
0.0143265
0.0125
0.0125
0.0159452
0.0143265
0.0143265
0.01875
0.0212029
0.0200141
0.0143265
0.0187683
0.0159452
0.0143265
0.0143265
0.0143265
0.0212029
0.01875
0.0200141
0.0125
0.0125
0.01875
0.0125
0.0159452
0.0159452
0.0125
0.0200141
0.0200141
0.01875
0.0200141
0.0125
0.0143265
0.0125
0.0159452
0.0159452
0.0244246
0.0200141
0.0200141
0.0200141
0.01875
0.0125
0.0212029
0.0143265
0.0143265
0.0143265
0.0200141
0.01875
0.01875
0.0200141
0.0200141
0.0200141
0.0143265
0.0200312
0.0143265
0.0546809
0.148115
0.264715
0.436658
0.557015
0.739786
0.831959
0.900789
1.01084
1.08719
1.18128
1.28914
1.46521
1.60882
1.82033
1.99008
2.21121
2.35643
2.50196
2.6623
2.87215
3.03863
3.19813
3.42688
3.61135
3.78857
3.91531
4.01931
4.08012
4.1515
4.19922
4.22935
4.28865
4.33823
4.36221
4.41268
4.46702
4.51444
4.56348
4.62419
4.65996
4.69728
4.73322
4.76389
4.78816
4.82429
4.85542
4.89835
4.93015
4.95456
4.98571
5.00943
5.04066
5.07075
5.10763
5.13872
5.16898
5.20639
5.23085
5.24295
5.29222
5.32297
5.348
5.38551
5.41004
5.435
5.47212
5.49658
5.53355
5.57108
5.59576
5.62046
5.65167
5.66415
5.67689
5.68965
5.68974
5.68984
5.69021
5.6905
5.6906
5.6905
5.69674
5.69089
5.69713
5.69753
5.69763
5.69826
5.69845
5.69845
5.69931
5.69888
5.69888
5.69888
5.69888
5.70545
5.70599
5.70599
5.70644
5.70021
5.69976
5.70077
5.70067
5.70067
5.70057
5.7069
5.71268
5.71314
5.71314
5.7136
5.70727
5.70737
5.70785
5.70775
5.70785
5.71419
5.71408
5.71408
5.71408
5.71408
5.71408
5.71408
5.70833
5.70785
5.70833
5.70844
5.71517
5.71506
5.70893
5.71506
5.71506
5.71506
5.71556
5.70905
5.70882
5.71556
5.71556
5.71567
5.71607
5.71618
5.70994
5.70984
5.70984
5.70994
5.71607
5.71618
5.71607
5.71607
5.71607
5.71618
5.71722
5.71046
5.71058
5.71659
5.71722
5.71722
5.7167
5.71618
5.71722
5.71712
5.71712
5.71197
5.71099
5.71722
5.71765
5.72399
