0.0098995
0.0098995
0.007
0.0156525
0.014
0.0098995
0.0117074
0.0098995
0.007
0.007
0
0.007
0
0.0098995
0
0
0.007
0.007
0.014
0.007
0.007
0.0098995
0.0098995
0.007
0.0098995
0.0156525
0.007
0.0156525
0.0156525
0
0.007
0.007
0.007
0.007
0.014
0.0153317
0.007
0.0156525
0.007
0.007
0.0156525
0.0098995
0.007
0.00938416
0.0117074
0.0098995
0.0098995
0.0156525
0.0098995
0
0.007
0.014
0.007
0.007
0.007
0
0.0098995
0.007
0
0.007
0.007
0.007
0.007
0.0098995
0.0156525
0.019799
0.0156525
0.014
0.007
0.007
0.014
0.0098995
0.0098995
0.0156525
0.0098995
0.007
0.0098995
0
0.007
0.014
0.014
0.0156525
0.0156525
0.014
0.0098995
0.007
0.00938416
0.0117074
0.00938416
0.007
0.0098995
0.007
0.0098995
0.007
0.007
0.007
0.0098995
0.007
0.0117074
0.014
0.007
0.007
0.007
0.007
0.0098995
0.014
0.0098995
0.007
0.00938416
0.0117074
0.007
0.0098995
0.0156525
0.0098995
0.0156525
0.007
0.00938416
0.0117074
0.0117074
0.0168542
0.0168542
0.0098995
0.0252389
0.007
0.0098995
0.00938416
0.00938416
0.00938416
0.00938416
0.014
0.014
0.007
0.007
0.007
0.00625
0.0117074
0.0117074
0.0117074
0.0153317
0.00938416
0.0098995
0
0
0.007
0.0153317
0.0098995
0.0117074
0.0153317
0.0098995
0.0098995
0.007
0
0.007
0.007
0
0.00938416
0.0098995
0.0168542
0.014
0
0
0.007
0.0156525
0.00938416
0.00938416
0.00938416
0.00625
0.0117074
0.0117074
0.007
0.0098995
0.00625
0.0153317
0.00625
0.00938416
0.0117074
0.0117074
0.0168542
0.014
0.0156525
0.007
0.0098995
0.00938416
0.00938416
0.00625
0.0117074
0.00938416
0.00938416
0.00625
0.00625
0
0
0
0.0117074
0.0117074
0.00625
0.00938416
0.007
0.00938416
0.00938416
0.00625
0
0.007
0.00938416
0.00938416
0.00938416
0.00938416
0.0117074
0.0098995
0.007
0.0153317
0.0098995
0.0117074
0.0117074
0.0117074
0.00938416
0.00938416
0.0098995
0
0.0098995
0.007
0.0098995
0.00625
0.00938416
0.00938416
0.00625
0
0.007
0.0098995
0
0
0.007
0.0117074
0.00938416
0.00938416
0.00625
0.0117074
0.007
0.007
0
0.007
0.00938416
0.00938416
0.00625
0.00625
0.00938416
0.0117074
0.007
0.0117074
0.00938416
0
0.0098995
0.00938416
0.00938416
0.00938416
0.00938416
0.0117074
0.0156525
0.00938416
0.007
0.007
0.00625
0.0117074
0.00625
0.00938416
0.00938416
0.0117074
0.00938416
0.0098995
0.00938416
0.0098995
0.00938416
0.00938416
0.0168542
0.00938416
0.0117074
0.0117074
0.00625
0.0153317
0.00625
0.0117074
0.0153317
0.00938416
0.00938416
0.0125
0.00938416
0.00938416
0.0117074
0.0117074
0.0117074
0.00938416
0.00938416
0.0117074
0.00938416
0.0125
0.00938416
0.0117074
0.007
0.0117074
0.0117074
0.0117074
0.00938416
0.00625
0.0117074
0.00625
0.00938416
0.00625
0.00938416
0.0117074
0.0117074
0.00938416
0.0117074
0.0153317
0.00938416
0.0117074
0.0168542
0.00938416
0.00938416
0.0117074
0.0153317
0.0117074
0.00938416
0.00938416
0.0117074
0.0168542
0.00938416
0.00938416
0
0.00625
0.00625
0.00938416
0.00938416
0.0125
0.00625
0.0117074
0.00625
0.0117074
0.00938416
0.00938416
0.00938416
0.00625
0.00938416
0.0143265
0.00938416
0.00938416
0.00938416
0.00938416
0.0117074
0.00938416
0.00938416
0.00938416
0.0125
0.0117074
0.0143265
0.00938416
0.00938416
0.00938416
0.00625
0.00938416
0.00938416
0.00938416
0.0117074
0.0143265
0.0117074
0.00938416
0.0153317
0.00625
0.00938416
0.00625
0.00625
0.0143265
0.00938416
0.00625
0.00938416
0.00938416
0.00938416
0.00938416
0.00625
0.00938416
0.00938416
0.00625
0.00625
0.0143265
0.0153317
0.0117074
0.0117074
0.00938416
0.0117074
0.0153317
0.0117074
0.0143265
0.0143265
0.00938416
0.00625
0.0168542
0.00938416
0.0153317
0.00938416
0.00625
0.00625
0.00625
0.00938416
0.0117074
0.0153317
0.00938416
0.0117074
0.0117074
0.00938416
0.00625
0.00625
0.00938416
0.00938416
0.0117074
0.0168542
0.00938416
0.0117074
0.00625
0.00938416
0.00938416
0.00625
0.00625
0.00938416
0.0153317
0.00938416
0.00938416
0.00938416
0.00625
0.0125
0.00625
0.00625
0.00625
0.0117074
0.00625
0.00938416
0.00938416
0.0117074
0.0153317
0.0153317
0.0117074
0.0125
0.00938416
0.00938416
0.0153317
0.0117074
0.0117074
0.0168542
0.0153317
0.00625
0.0125
0.0143265
0.0125
0.00938416
0.00938416
0.00938416
0.00625
0.00938416
0.0143265
0.0117074
0.0143265
0.00938416
0.00625
0.0153317
0.0117074
0.0117074
0.0117074
0.00938416
0.0187683
0.00625
0.0143265
0.0143265
0.00938416
0.00625
0.00938416
0.00938416
0.00625
0.0153317
0.0153317
0.00938416
0.0143265
0.00625
0.0143265
0.00938416
0.0143265
0.00938416
0.00625
0.00938416
0.0117074
0.0117074
0.0159452
0.0143265
0.0159452
0.0125
0.00938416
0.0117074
0.0117074
0.00938416
0.0143265
0.0143265
0.0125
0.0159452
0.00938416
0.00938416
0.00625
0.00938416
0.0125
0.0143265
0.00625
0.0159452
0.0159452
0.0117074
0.00625
0.00938416
0.00625
0.0125
0.0159452
0.0125
0.0143265
0.00625
0.00625
0.0117074
0.0117074
0.00938416
0.00938416
0.00625
0.0117074
0.0143265
0.0125
0.0143265
0.00938416
0.00938416
0.00938416
0.0117074
0.0117074
0.00938416
0.0159452
0.0159452
0.0143265
0.0187683
0.00938416
0.0117074
0.00625
0.0125
0.0125
0.00938416
0.051923
0.128098
0.228886
0.353934
0.381807
0.402507
0.434315
0.483428
0.519277
0.533833
0.546033
0.575631
0.612328
0.661063
0.709214
0.731794
0.711676
0.680783
0.621593
0.58455
0.554193
0.56473
0.612682
0.686481
0.756019
0.823821
0.925154
1.00048
1.08173
1.20645
1.30799
1.40391
1.50818
1.58122
1.66696
1.78373
1.88393
1.9772
2.1101
2.21214
2.30381
2.3752
2.43363
2.46071
2.49936
2.5175
2.54976
2.57026
2.59693
2.60449
2.62903
2.67923
2.71466
2.75153
2.77719
2.7851
2.80463
2.82374
2.83602
2.85446
2.87397
2.8935
2.90647
2.93828
2.9567
2.97474
2.99357
3.01269
3.02498
3.04449
3.06469
3.08382
3.10156
3.11962
3.12647
3.15932
3.17814
3.19766
3.22601
3.24447
3.26422
3.27824
3.29736
3.31179
3.33706
3.3555
3.36674
3.39134
3.39786
3.40574
3.41151
3.41698
3.42381
3.42451
3.41803
3.41292
3.41439
3.41439
3.41439
3.41365
3.42158
3.42848
3.42667
3.42461
3.42639
3.42639
3.42639
3.42793
3.42897
3.42388
3.42388
3.42467
3.42897
3.42976
3.43671
3.4359
3.43407
3.43407
3.43487
3.43407
3.43567
3.43649
3.43649
3.43119
3.43733
3.43649
3.44181
3.44101
3.44101
3.44795
3.44877
3.44858
3.44534
3.4462
3.43904
3.44329
3.44245
3.44245
3.4496
3.45677
3.45677
3.45658
3.45045
3.45029
3.45045
3.4513
3.4513
3.4513
3.45233
3.45029
3.45744
3.45831
3.45934
3.45643
3.45744
3.45658
3.45744
3.45934
3.45218
3.4592
3.4573
3.45818
3.4573
3.4592
3.45744
3.46272
3.46357
3.46444
3.46533
3.46521
3.46613
3.459
3.4601
3.45908
3.46533
3.46533
3.47058
3.47146
3.47045
3.47135
3.46623
