0.0400281
0.0406356
0.0327805
0.0320244
0.0327805
0.0349509
0.0327805
0.0327805
0.0327805
0.0327805
0.0349509
0.0327805
0.0400281
0.0376505
0.0320244
0.261964
0.52943
0.769669
1.01969
1.38455
1.67424
1.97268
2.29162
2.72835
3.06631
3.53797
3.8897
4.24059
4.57089
5.03897
5.40376
5.80842
6.08519
6.41206
6.86452
7.22366
7.55056
7.85991
8.28719
8.60895
8.99569
9.19994
9.34582
9.46
9.60387
9.69549
9.78257
9.89395
9.96844
10.0357
10.1101
10.1515
10.2001
10.2609
10.316
10.3914
10.4528
10.4889
10.5162
10.5294
10.5312
10.5355
10.5383
10.5444
10.5444
10.5435
10.5444
10.5453
10.5444
10.5515
10.5506
10.5524
10.5524
10.5524
10.5533
10.5454
10.5454
10.5444
10.5586
10.5604
10.5623
10.5604
10.5604
10.5595
10.5543
10.5543
10.5543
10.5614
10.5604
10.5613
10.5614
10.5623
10.5543
10.5552
10.5552
10.5561
10.5561
10.557
10.5571
10.558
10.558
10.5571
10.5509
10.551
10.55
10.55
10.5552
10.557
10.5552
10.5614
10.558
10.558
10.5538
10.5528
10.55
10.5519
10.5562
10.5571
10.5509
10.5528
10.5519
10.5519
10.5519
10.5519
10.5467
10.5519
10.5571
10.5528
10.5538
10.5538
10.5528
10.5467
10.5467
10.5467
10.5476
10.5485
10.5538
10.5538
10.5477
10.5486
10.5477
10.5486
10.5476
10.5495
10.5486
10.5486
10.5486
10.5495
10.5486
10.5495
