0.000100755
0.000100755
0.000100755
0.000100755
0.000100755
0.000160803
0.000160803
0.000160803
0.000160803
0.000305765
0.000305765
0.000305765
0.000305765
0.000514722
0.000514722
0.000430808
0.000430808
0.000430808
0.000430808
0.000715855
0.000715855
0.000924241
0.000924241
0.000924241
0.000924241
0.00112957
0.00112957
0.00112957
0.00112957
0.00140658
0.00140658
0.00140658
0.00140658
0.00140658
0.00159943
0.00159943
0.00159943
0.00175801
0.0019897
0.0019897
0.0019897
0.0019897
0.0019897
0.00213952
0.00213952
0.00213952
0.00213952
0.00220897
0.00220897
0.00220897
0.00220897
0.00228376
0.00228376
0.00228376
0.00228376
0.00230131
0.00230131
0.00230131
0.00230131
0.00230131
0.00230131
0.00233147
0.00233147
0.00233147
0.00233147
0.00233217
0.00233217
0.00233217
0.00233217
0.00233145
0.00233145
0.00233145
0.00233145
0.00233145
0.00233145
0.00233145
0.00233145
0.00233145
0.00233145
0.00233145
0.00233145
0.00233145
0.00233145
0.00233285
0.00233285
0.00233285
0.00233285
0.00233285
0.00233285
0.00233285
0.00233285
0.00233285
0.00233285
0.00233285
0.00233285
0.00233285
0.00233285
0.00233216
0.00233216
0.00233216
0.00233216
0.00233216
0.00233216
0.00233216
0.00233216
0.00233216
0.00233216
0.00233216
0.00233216
0.00233216
0.00233216
0.00233216
0.00233216
0.00233216
0.00233216
0.00233216
0.00233216
0.00233216
0.00233216
0.00233216
0.00233216
0.00233216
0.00233216
0.00233216
0.00233216
0.00233216
0.00233216
0.00233216
0.00233216
0.00233216
0.00233216
0.00233216
0.00233216
0.00233216
0.00233216
0.00233216
0.00233216
0.00233216
0.00233216
0.00233216
0.00233216
0.00233216
0.00233216
0.00233216
0.00233216
0.00233216
0.00233216
0.00233216
0.00233216
0.00233216
