0.007
0.00625
0.00938416
0.00938416
0.00625
0.00625
0.00938416
0.00938416
0.007
0
0.014
0.00938416
0.00938416
0.0117074
0.00625
0.00625
0.00938416
0.00625
0.0098995
0
0
0.0117074
0.00625
0.00625
0.00625
0
0
0
0.007
0.00625
0.00625
0.00938416
0.00938416
0.00625
0.00938416
0.00625
0.00625
0.00625
0.00938416
0.00938416
0.0117074
0.00625
0.00625
0.00625
0
0.007
0.007
0.007
0.00625
0.00938416
0.00625
0.0117074
0.00625
0.00938416
0.00938416
0
0.007
0.00938416
0.00938416
0.00625
0.00625
0.00625
0.00938416
0.00938416
0.0117074
0.00625
0
0.00625
0.00625
0.00625
0.0117074
0.00625
0.00625
0.00625
0.00938416
0.00938416
0
0.00938416
0.00625
0.00625
0.00938416
0.00625
0.00625
0.00625
0.00625
0.00625
0.0117074
0.00938416
0.00625
0.00938416
0.0117074
0.00938416
0.00625
0.00625
0.0117074
0.00938416
0.00625
0.00938416
0.00625
0.00625
0.00938416
0.0125
0.00938416
0.00938416
0.00625
0.00938416
0.0117074
0.007
0.00938416
0.0117074
0.00625
0.0125
0.0125
0.00625
0.00625
0.00625
0
0.00625
0.00625
0.0117074
0.0125
0.0143265
0.0125
0.00625
0.00625
0.00938416
0.0117074
0.00938416
0.00625
0.00625
0.0143265
0.00938416
0.0159452
0.0143265
0.00938416
0.0117074
0.0117074
0.00938416
0.00625
0.0125
0.0159452
0.0143265
0.0125
0.00625
0.00938416
0.00625
0.00625
0.00625
0.00938416
0.0143265
0.0143265
0.0125
0.0125
0.00938416
0.00938416
0.00938416
0.0117074
0.0125
0.0125
0.00625
0.0125
0.0143265
0.0117074
0.00625
0.00938416
0.00625
0.00938416
0.00938416
0.0125
0.0125
0.0143265
0.0143265
0.0125
0.00625
0.00625
0.00938416
0.00938416
0.00938416
0.0159452
0.0125
0.0159452
0.0143265
0.0159452
0.00938416
0.0187683
0.0117074
0.00938416
0.00938416
0.0125
0.0143265
0.0143265
0.0125
0.0125
0.0159452
0.00625
0.00625
0.00625
0.0125
0.0125
0.0143265
0.0143265
0.0125
0.0125
0.00625
0.00625
0.00625
0.00625
0.00625
0.0125
0.0143265
0.0125
0.0159452
0.0143265
0.0143265
0.00625
0.00625
0.0125
0.0125
0.0143265
0.0143265
0.0143265
0.0143265
0.0143265
0.0143265
0.0117074
0.00625
0.00625
0.0143265
0.00938416
0.0143265
0.0125
0.0143265
0.0143265
0.0125
0.0143265
0.00938416
0.00938416
0.00625
0.0143265
0.0143265
0.0143265
0.0143265
0.0125
0.0125
0.00625
0.00625
0.00625
0.0125
0.0125
0.0125
0.0143265
0.0143265
0.0125
0.0143265
0.0143265
0.0125
0.0125
0.0125
0.0143265
0.0125
0.0143265
0.0159452
0.0143265
0.0143265
0.0125
0.0125
0.0159452
0.0143265
0.0125
0.0125
0.0200141
0.0159452
0.0125
0.0159452
0.0159452
0.00938416
0.0125
0.0143265
0.0125
0.0125
0.01875
0.0200141
0.0143265
0.0143265
0.0125
0.0143265
0.0125
0.0125
0.0143265
0.0143265
0.0200141
0.0200141
0.0159452
0.0143265
0.00938416
0.0143265
0.0143265
0.0143265
0.0125
0.0200141
0.01875
0.0143265
0.0125
0.0143265
0.0125
0.0143265
0.0143265
0.0143265
0.0143265
0.01875
0.0200141
0.0159452
0.0143265
0.0143265
0.0143265
0.0143265
0.0143265
0.0159452
0.0159452
0.0125
0.0200141
0.0143265
0.0143265
0.0143265
0.0159452
0.0125
0.0125
0.0143265
0.0143265
0.01875
0.01875
0.0143265
0.0159452
0.0125
0.0143265
0.0143265
0.0125
0.0159452
0.0143265
0.0200141
0.0125
0.0143265
0.0143265
0.0143265
0.0143265
0.0125
0.0125
0.01875
0.0125
0.01875
0.01875
0.0200141
0.0125
0.0143265
0.0143265
0.0125
0.0143265
0.0143265
0.0200141
0.0200141
0.0200141
0.01875
0.01875
0.0143265
0.0125
0.0125
0.0143265
0.0200141
0.0200141
0.0200141
0.0200141
0.0234001
0.0143265
0.0159452
0.0159452
0.0159452
0.0200141
0.01875
0.0200141
0.0200141
0.0143265
0.0200141
0.0125
0.0143265
0.0125
0.0143265
0.01875
0.0200141
0.0212029
0.0200141
0.0212029
0.0212029
0.0125
0.0143265
0.0143265
0.01875
0.01875
0.0200141
0.01875
0.0200141
0.0200141
0.01875
0.01875
0.0125
0.0125
0.01875
0.01875
0.01875
0.01875
0.01875
0.0212029
0.0212029
0.0200141
0.0143265
0.0200141
0.0125
0.01875
0.01875
0.0200141
0.0200141
0.0200141
0.0187683
0.0143265
0.01875
0.0200141
0.01875
0.0200141
0.01875
0.01875
0.0212029
0.01875
0.0200141
0.0200141
0.01875
0.0200141
0.0200141
0.0200141
0.0200141
0.01875
0.0234001
0.01875
0.01875
0.01875
0.01875
0.01875
0.01875
0.025
0.025
0.025
0.01875
0.01875
0.0200141
0.0200141
0.0200141
0.0259615
0.0259615
0.0259615
0.0259615
0.025
0.025
0.00938416
0.0490312
0.106179
0.197925
0.270483
0.34862
0.420834
0.479091
0.54334
0.569198
0.57717
0.575427
0.572288
0.568383
0.559737
0.55388
0.547001
0.54803
0.581188
0.622644
0.680919
0.75972
0.873396
0.971873
1.07079
1.20832
1.33379
1.50892
1.6538
1.81746
2.02464
2.18268
2.34182
2.55155
2.71788
2.87
3.04367
3.19614
3.34961
3.52274
3.72684
3.87323
4.06395
4.20309
4.33496
4.46803
4.54113
4.59055
4.64392
4.71002
4.75148
4.81162
4.84059
4.87077
4.89367
4.92836
4.95865
5.00038
5.02369
5.04718
5.07681
5.10589
5.11893
5.12994
5.13061
5.13616
5.14238
5.14794
5.14794
5.15483
5.15483
5.15543
5.1555
5.16099
5.16165
5.16172
5.16172
5.16655
5.17349
5.1741
5.17404
5.1741
5.17349
5.17965
5.17971
5.17899
5.18587
5.18587
5.19204
5.19204
5.19209
5.18587
5.18587
5.19209
5.18654
5.19276
5.19209
5.19209
5.19832
5.19893
5.19898
5.19893
5.19898
5.19898
5.19893
5.19898
5.19898
5.20454
5.2052
5.2052
5.20515
5.2052
5.20515
5.20449
5.19893
5.20454
5.2046
5.21142
5.21137
5.21137
5.21204
5.20587
5.2052
5.20587
5.2052
5.21142
5.21137
5.21076
5.21142
5.2121
5.21142
5.21142
5.21142
5.21137
5.21142
5.21137
5.21759
5.21759
5.21698
5.21698
5.21832
5.21832
5.21764
5.21764
5.21764
5.21693
5.21693
5.21764
5.21764
5.21764
5.21764
5.21764
5.21764
5.21764
