0.007
0.0098995
0.0117074
0.0117074
0.0117074
0.0153317
0.0153317
0.014
0.0098995
0.0153317
0.0168542
0.0117074
0.0117074
0.00625
0.00938416
0.00938416
0.0153317
0.014
0.007
0.0117074
0.0156525
0.0098995
0.0117074
0.00938416
0.00938416
0.0153317
0.0153317
0.0098995
0.0156525
0.0168542
0.014
0.00938416
0.00938416
0.00938416
0.0153317
0.0153317
0.014
0.0156525
0.0098995
0.0168542
0.0117074
0.0168542
0.0117074
0.0117074
0.0117074
0.0219103
0.0153317
0.0153317
0.0156525
0.0117074
0.0117074
0.0168542
0.0117074
0.0153317
0.0117074
0.014
0.00938416
0.007
0.00938416
0.00938416
0.00625
0.0117074
0.00938416
0.0219103
0.014
0.0098995
0.0098995
0.007
0.007
0.0168542
0.0153317
0.0153317
0.0168542
0.0153317
0.0156525
0.014
0.0156525
0.0168542
0.0156525
0.0168542
0.0168542
0.0153317
0.0168542
0.0117074
0.0117074
0.014
0.0168542
0.007
0.0098995
0.0117074
0.020762
0.0168542
0.00938416
0.0117074
0.0153317
0.00938416
0.007
0.0098995
0.0098995
0.020762
0.0168542
0.0117074
0.00938416
0.0168542
0.00938416
0.0156525
0.0168542
0.0168542
0.0117074
0.0117074
0.0168542
0.0153317
0.00938416
0.00938416
0.0153317
0.00938416
0.0153317
0.007
0.0153317
0.00938416
0.00625
0.0117074
0.00938416
0.0168542
0.014
0.0153317
0.00938416
0.007
0.0153317
0.0168542
0.0153317
0.00938416
0.0153317
0.0168542
0.0168542
0.0153317
0.0098995
0.0156525
0.0117074
0.0117074
0.00938416
0.00938416
0.0117074
0.0153317
0.0153317
0.0168542
0.0230014
0.0153317
0.0168542
0.0117074
0.00938416
0.0117074
0.00938416
0.00938416
0.00938416
0.0153317
0.0156525
0.0098995
0.0117074
0.0168542
0.0117074
0.0153317
0.0153317
0.0156525
0.014
0.0153317
0.0168542
0.0117074
0.007
0.007
0.0117074
0.0098995
0.00938416
0.0153317
0.0260012
0.0098995
0.0168542
0.014
0.0168542
0.0117074
0.0168542
0.00938416
0.0098995
0.0153317
0.007
0.007
0.0156525
0.00938416
0
0.0168542
0.0117074
0.00938416
0.00938416
0.00938416
0.0168542
0.0219103
0.0168542
0.020762
0.0168542
0.0117074
0.00938416
0.0117074
0.00938416
0.0153317
0.0153317
0.0168542
0.020762
0.0156525
0.0168542
0.00938416
0.00938416
0.00938416
0.00625
0.00938416
0.0153317
0.0168542
0.0117074
0.020762
0.0117074
0.020762
0.00938416
0.0117074
0.00938416
0.0168542
0.0153317
0.0168542
0.0117074
0.0168542
0.0117074
0.0117074
0.0153317
0.00938416
0.0153317
0.0168542
0.0244387
0.0230014
0.0168542
0.0168542
0.0117074
0.0117074
0.0117074
0.0143265
0.0159452
0.0143265
0.0230014
0.0117074
0.0168542
0.0168542
0.0168542
0.0117074
0.0143265
0.0159452
0.0143265
0.0153317
0.0168542
0.0168542
0.00625
0.00938416
0.0159452
0.0143265
0.0168542
0.00938416
0.0117074
0.0153317
0.0230014
0.0117074
0.0168542
0.0168542
0.0168542
0.0117074
0.00938416
0.00938416
0.0219103
0.0153317
0.0117074
0.0168542
0.0117074
0.0200312
0.0117074
0.0143265
0.0230014
0.0230014
0.0153317
0.0168542
0.0117074
0.0153317
0.0168542
0.0200312
0.0200312
0.0143265
0.00938416
0.0117074
0.0117074
0.00938416
0.00625
0.00938416
0.0117074
0.0168542
0.00938416
0.0159452
0.0187683
0.0168542
0.0295307
0.0168542
0.0230014
0.0168542
0.0117074
0.0159452
0.0168542
0.0168542
0.0143265
0.0219103
0.0153317
0.0168542
0.00938416
0.00938416
0.0117074
0.0159452
0.0159452
0.0159452
0.0143265
0.0153317
0.0117074
0.0117074
0.0159452
0.0159452
0.0187683
0.00938416
0.0187683
0.0200312
0.0219103
0.0117074
0.0168542
0.0168542
0.0159452
0.0200312
0.0143265
0.0159452
0.0187683
0.0168542
0.0230014
0.0153317
0.00938416
0.0117074
0.020762
0.0200312
0.0159452
0.0159452
0.0200312
0.0187683
0.0187683
0.0153317
0.00938416
0.0125
0.0117074
0.0125
0.0159452
0.0187683
0.0143265
0.0200312
0.0187683
0.0117074
0.0200312
0.0117074
0.0159452
0.0200312
0.0143265
0.0159452
0.0244387
0.0244387
0.0187683
0.0153317
0.0153317
0.0168542
0.0143265
0.0143265
0.0159452
0.0143265
0.0200312
0.0153317
0.0254214
0.0168542
0.0200312
0.0143265
0.0159452
0.0200312
0.0143265
0.0143265
0.0143265
0.0159452
0.00938416
0.0143265
0.0159452
0.0200312
0.0159452
0.0143265
0.0143265
0.0143265
0.0187683
0.0244387
0.0168542
0.0200312
0.0117074
0.0159452
0.0159452
0.0143265
0.0187683
0.0187683
0.0200312
0.0200312
0.0143265
0.0200312
0.0187683
0.0200312
0.0159452
0.0187683
0.0159452
0.0143265
0.0187683
0.0244387
0.0254214
0.0168542
0.0143265
0.0125
0.0159452
0.0244246
0.0200141
0.0159452
0.0200141
0.0143265
0.0187683
0.0234001
0.0159452
0.114657
0.198744
0.3044
0.406869
0.558467
0.63815
0.671742
0.69886
0.724203
0.73604
0.730152
0.727833
0.725406
0.729554
0.730956
0.738869
0.743365
0.739486
0.746411
0.742997
0.74052
0.734668
0.744011
0.743068
0.752879
0.756908
0.7628
0.749011
0.715867
0.6704
0.635563
0.579975
0.541997
0.504857
0.467752
0.438431
0.429291
0.420627
0.433655
0.433655
0.43338
0.42819
0.422911
0.420525
0.422911
0.449551
0.48655
0.535822
0.600638
0.686331
0.76162
0.839863
0.93391
1.02627
1.14373
1.23095
1.3261
1.41639
1.52968
1.61818
1.70781
1.81498
1.89192
1.96072
2.06248
2.13544
2.22499
2.33381
2.41026
2.49307
2.59891
2.67453
2.74357
2.79976
2.82429
2.8499
2.88922
2.92445
2.94965
2.97531
2.98149
2.99478
3.02004
3.03819
3.05694
3.06959
3.1006
3.12534
3.13652
3.13652
3.13868
3.13868
3.13895
3.13772
3.14486
3.13842
3.14558
3.14584
3.14558
3.15079
3.15751
3.15132
3.15037
3.14514
3.14514
3.14514
3.15229
3.15105
3.15229
3.15751
3.15655
3.15751
3.15628
3.15751
3.15105
3.15724
3.15821
3.15821
3.15751
3.15848
3.15821
3.15821
3.16466
3.16317
3.16414
3.15795
3.15821
3.16414
3.15724
3.15751
3.16466
3.15848
3.16369
3.16369
3.16439
3.16414
3.16414
3.16537
3.16466
3.16564
3.15946
3.1578
3.16466
3.16439
3.16414
3.16512
3.16612
3.16564
3.16961
3.17017
3.16398
3.16466
3.15975
3.16466
3.17058
3.16637
3.16537
3.17058
3.17183
3.17156
3.17085
3.16564
3.16537
3.16439
3.17032
3.1713
3.17058
3.17058
3.17058
3.17058
3.17085
3.16988
3.16369
3.16439
3.17113
3.17156
3.17183
3.17183
3.17703
3.16961
3.1758
