2.0193
2.11601
2.21696
2.3544
2.46985
2.61837
2.74001
2.87687
3.01324
3.18873
3.33473
3.54368
3.72612
3.91589
4.16369
4.36161
4.57525
4.85544
5.08891
5.33589
5.65439
5.95426
6.16886
6.60152
7.04162
7.3933
7.75384
8.17126
8.40477
8.61634
8.75334
8.8624
8.97309
9.10615
9.19884
9.29399
9.42882
9.52883
9.65217
9.71554
9.84235
9.93385
10.0616
10.1605
10.2534
10.379
10.4573
10.5423
10.6753
10.7617
10.8871
10.9647
11.0062
11.0363
11.0477
11.0598
11.0551
11.0516
11.0503
11.0546
11.0546
11.0612
11.0637
11.0654
11.0637
11.0596
11.0536
11.0619
11.0596
11.0579
11.0501
11.0533
11.0527
11.051
11.0593
11.0587
11.0576
11.0544
11.0516
11.0421
11.0416
11.0404
11.0476
11.0542
11.0536
11.0542
11.0547
11.0525
11.049
11.049
11.0473
11.0496
11.0473
11.0451
11.0451
11.0463
11.0468
11.048
11.0451
11.0473
11.0396
11.0379
11.0391
11.0451
11.0417
11.04
11.0417
11.0417
11.0357
11.0357
11.0357
11.0334
11.0412
11.0423
11.0406
11.0406
11.0323
11.0357
11.0361
11.0301
11.0345
11.0306
11.0278
11.0312
11.0395
11.0361
11.0306
11.0295
11.0312
11.0257
11.0235
11.024
11.0267
11.0284
11.0251
11.0328
11.0284
11.0322
11.0262
11.0279
11.0223
11.0218
11.0196
