0.000235871
0.000235871
0.000235871
0.000235871
0.000482675
0.000482675
0.000482675
0.000482675
0.000763192
0.000988889
0.000988889
0.000988889
0.000988889
0.00114854
0.00114854
0.00114854
0.00114854
0.00114854
0.00134159
0.00134159
0.00134159
0.00134159
0.00165958
0.00165958
0.00165958
0.00165958
0.00194304
0.00194304
0.00194304
0.00194304
0.00214745
0.00214745
0.00214745
0.00214745
0.00222543
0.00222543
0.00222543
0.00222543
0.00233213
0.00233213
0.00233213
0.00233213
0.00237732
0.00237732
0.00237732
0.00237732
0.00237732
0.00237732
0.00243356
0.00247348
0.00247348
0.00247348
0.00247348
0.00251266
0.00251266
0.00251266
0.00253258
0.00253258
0.00253258
0.00253258
0.00253406
0.00253406
0.00253406
0.00253406
0.00253406
0.00253406
0.00253406
0.00253406
0.00253553
0.00253553
0.00253553
0.00253553
0.00253553
0.00253553
0.00253553
0.00253553
0.00253553
0.00253553
0.00253553
0.00253553
0.00253553
0.00253553
0.00253553
0.00253553
0.00253553
0.00253553
0.00253553
0.00253701
0.00253701
0.00253701
0.00253701
0.00253701
0.00253701
0.00253701
0.00253701
0.00253701
0.00253701
0.00253701
0.00253701
0.00253701
0.00253701
0.00253701
0.00253701
0.00253701
0.00253701
0.00253701
0.00253701
0.00253701
0.00253701
0.00253701
0.00253701
0.00253701
0.00253701
0.00253701
0.00253701
0.00253701
0.00253701
0.00253701
0.00253701
0.00253701
0.00253701
0.00253701
0.00253701
0.00253701
0.00253701
0.00253701
0.00253701
0.00253701
0.00253701
0.00253701
0.00253701
0.00253701
0.00253701
0.00253701
0.00253701
0.00253701
0.00253701
0.00253701
0.00253701
0.00253701
0.00253701
0.00253701
0.00253701
