0.0098995
0.0098995
0.0098995
0.007
0.00625
0.00938416
0.00938416
0.00938416
0.0098995
0.007
0.007
0.0098995
0.0098995
0.007
0.00938416
0.0153317
0.00938416
0.00938416
0.007
0.0098995
0.007
0.007
0.007
0.00938416
0.00938416
0.00625
0.00938416
0.0117074
0.0117074
0.0098995
0.0156525
0.0098995
0.007
0.00938416
0.0117074
0.0168542
0.0117074
0.00938416
0.007
0.007
0.0098995
0.0098995
0.007
0.00625
0.00625
0.0117074
0.00938416
0.0117074
0.0117074
0.0153317
0.007
0.0098995
0.0117074
0.00938416
0.00938416
0.00938416
0.0117074
0.0117074
0.00938416
0.007
0.007
0.00625
0.00625
0.0117074
0.00938416
0.0117074
0.0168542
0.0117074
0.0098995
0.014
0.007
0.007
0.0117074
0.0168542
0.0117074
0.0117074
0.0153317
0.00938416
0.0098995
0.0117074
0.0168542
0.0117074
0.00938416
0.00938416
0.0117074
0.00625
0.00625
0.007
0
0.0098995
0.00938416
0.00938416
0.00938416
0.0117074
0.0117074
0.00625
0.00938416
0.00938416
0.00938416
0.00938416
0.00938416
0.00938416
0.00938416
0.00938416
0.0117074
0.0168542
0.0117074
0.0117074
0
0.007
0.00938416
0.00938416
0.00938416
0.0143265
0.0159452
0.00938416
0.0168542
0.0117074
0.00938416
0.00938416
0.0153317
0.0117074
0.0153317
0.0153317
0.0117074
0.0153317
0.0117074
0.00938416
0.0098995
0.00938416
0.00938416
0.00938416
0.0117074
0.0143265
0.0143265
0.0117074
0.0168542
0.0117074
0.0117074
0.00938416
0.00938416
0.00938416
0.0159452
0.00625
0.0187683
0.0153317
0.0117074
0.0117074
0.0117074
0.00938416
0.0117074
0.0117074
0.00938416
0.0200312
0.0143265
0.0117074
0.00938416
0.0117074
0.00938416
0.00938416
0.0117074
0.0117074
0.0159452
0.0143265
0.0117074
0.00938416
0.00625
0.00938416
0.00938416
0.0117074
0.00938416
0.0187683
0.0159452
0.0200312
0.0117074
0.0117074
0.00938416
0.00938416
0.00938416
0.00938416
0.0143265
0.0159452
0.0143265
0.0143265
0.0143265
0.0117074
0.0117074
0.00938416
0.00625
0.0117074
0.0143265
0.0159452
0.0143265
0.00938416
0.0153317
0.00938416
0.0117074
0.00938416
0.0187683
0.0143265
0.0143265
0.0159452
0.0187683
0.0200312
0.0168542
0.0117074
0.0153317
0.00938416
0.00938416
0.0117074
0.0187683
0.0187683
0.0143265
0.0200312
0.0153317
0.0153317
0.00938416
0.0117074
0.00625
0.0143265
0.00938416
0.0143265
0.0143265
0.0143265
0.0117074
0.0153317
0.0153317
0.0117074
0.0159452
0.0143265
0.0143265
0.0143265
0.0159452
0.0200312
0.0200312
0.0117074
0.00938416
0.00938416
0.00938416
0.0143265
0.0159452
0.0159452
0.0159452
0.0159452
0.0200312
0.00938416
0.0153317
0.0153317
0.00938416
0.0143265
0.0159452
0.0159452
0.0187683
0.0159452
0.0143265
0.0159452
0.00938416
0.0159452
0.0159452
0.0159452
0.0187683
0.0159452
0.0187683
0.0187683
0.0153317
0.0143265
0.0159452
0.0159452
0.0159452
0.0143265
0.0125
0.0212029
0.0143265
0.0200312
0.0200312
0.00938416
0.00938416
0.0143265
0.0153317
0.0187683
0.0143265
0.0143265
0.0143265
0.0187683
0.0168542
0.0219103
0.0143265
0.0159452
0.0143265
0.0143265
0.0187683
0.0159452
0.0159452
0.0159452
0.0168542
0.0143265
0.0187683
0.0159452
0.0159452
0.0143265
0.0143265
0.0200312
0.0200312
0.0168542
0.0117074
0.0187683
0.0117074
0.0159452
0.0143265
0.0143265
0.0143265
0.0143265
0.0153317
0.00938416
0.00938416
0.0143265
0.0143265
0.0159452
0.0200312
0.0143265
0.0159452
0.0187683
0.00938416
0.0117074
0.00938416
0.0125
0.0125
0.0125
0.0143265
0.0143265
0.0143265
0.0159452
0.0143265
0.0117074
0.0153317
0.0159452
0.0159452
0.0159452
0.0159452
0.0143265
0.0143265
0.0159452
0.0200312
0.0143265
0.0143265
0.0143265
0.0159452
0.0143265
0.0187683
0.0200312
0.0143265
0.0159452
0.0159452
0.0159452
0.0159452
0.0143265
0.0187683
0.0187683
0.0187683
0.0159452
0.0143265
0.0200312
0.0200312
0.0153317
0.0159452
0.0143265
0.0143265
0.0200312
0.0200312
0.0159452
0.0200312
0.00938416
0.0117074
0.0143265
0.0143265
0.0125
0.0143265
0.0159452
0.0159452
0.0159452
0.0200312
0.0200312
0.0187683
0.0159452
0.0143265
0.0143265
0.0159452
0.0125
0.0159452
0.0143265
0.0187683
0.0187683
0.0187683
0.0143265
0.0159452
0.0200312
0.0159452
0.0200141
0.0143265
0.0200312
0.0187683
0.0143265
0.0143265
0.0200312
0.0143265
0.0187683
0.0187683
0.0143265
0.01875
0.0125
0.0143265
0.0168542
0.0159452
0.0159452
0.0159452
0.0143265
0.0143265
0.0187683
0.0200141
0.0244246
0.0200312
0.0187683
0.0200312
0.0159452
0.0159452
0.0200312
0.0143265
0.0244246
0.0244246
0.0187683
0.0200312
0.0159452
0.0143265
0.0143265
0.0125
0.0159452
0.0187683
0.0159452
0.0200312
0.0159452
0.0143265
0.0143265
0.0143265
0.0143265
0.0159452
0.0125
0.0234001
0.0234001
0.0244246
0.0234001
0.0187683
0.0143265
0.0143265
0.0187683
0.0200141
0.0200141
0.0200141
0.0234001
0.0200312
0.0200312
0.0159452
0.0187683
0.0159452
0.0143265
0.0200141
0.0212029
0.0234001
0.0234001
0.0244246
0.0187683
0.0143265
0.0143265
0.0143265
0.0125
0.0159452
0.0200141
0.0234001
0.0234001
0.0143265
0.0143265
0.0143265
0.0187683
0.0143265
0.0159452
0.0212029
0.0234001
0.0200141
0.0234001
0.0244246
0.0200141
0.0143265
0.0143265
0.0143265
0.0200141
0.0200141
0.0212029
0.0143265
0.120593
0.300348
0.442134
0.579068
0.778346
0.921818
1.06698
1.287
1.46123
1.62626
1.74876
1.83228
1.91275
2.03027
2.12458
2.24044
2.33182
2.43371
2.56932
2.68522
2.8072
2.96589
3.12153
3.22349
3.4371
3.64563
3.8195
3.99458
4.20651
4.32094
4.39896
4.48613
4.54587
4.59832
4.66069
4.70756
4.77037
4.81718
4.86421
4.92858
4.95618
5.02746
5.07606
5.13612
5.18286
5.22443
5.28457
5.32619
5.36808
5.4339
5.48217
5.54367
5.58585
5.61001
5.62304
5.62926
5.63608
5.64251
5.64323
5.64956
5.65028
5.65711
5.65638
5.6626
5.66333
5.66493
5.66493
5.66482
5.66482
5.67115
5.678
5.67888
5.679
5.67279
5.67267
5.67422
5.67344
5.67344
5.679
5.679
5.67977
5.68056
5.68122
5.6811
5.68043
5.68122
5.68043
5.68056
5.68755
5.68743
5.68755
5.68823
5.68835
5.68214
5.68835
5.68835
5.68916
5.68835
5.68823
5.68835
5.69443
5.69456
5.68835
5.68835
5.68916
5.68903
5.68916
5.6901
5.68929
5.68997
5.69631
5.69618
5.69605
5.69687
5.69631
5.69093
5.69093
5.69093
5.69631
5.69713
5.69713
5.69796
5.69713
5.69796
5.69176
5.69079
5.69079
5.697
5.69713
5.697
5.6981
5.6981
5.69894
5.69274
5.6919
5.69176
5.69176
5.69079
5.69796
5.69796
5.69796
5.69867
5.69796
5.69979
