0
0
0.00938416
0.00625
0.00625
0.00625
0.00938416
0
0
0.007
0.00625
0.00938416
0.00938416
0.00625
0.00938416
0.007
0.0153317
0.0098995
0.00938416
0.00938416
0.00625
0.007
0.00625
0.0117074
0.00938416
0.0117074
0.0117074
0.007
0
0.00938416
0.00938416
0.0117074
0.00625
0.00625
0.00938416
0.00938416
0.00938416
0
0.007
0.00938416
0.00938416
0.00625
0.0117074
0.0117074
0.00938416
0.0168542
0.0117074
0.00938416
0.007
0.00938416
0.00938416
0.00625
0.00625
0.00938416
0.00938416
0.00938416
0.0117074
0.00938416
0.00938416
0.00938416
0.0117074
0.00625
0.00625
0.0117074
0.00938416
0.00938416
0.00938416
0.0168542
0.014
0
0.00938416
0.00625
0.0117074
0.0143265
0.00625
0.00938416
0.0117074
0.00938416
0.00625
0.00625
0.00938416
0.0117074
0.00625
0.00625
0.0143265
0.0143265
0.0168542
0.0153317
0.00938416
0.00625
0.00625
0.00938416
0.00938416
0.00938416
0.00625
0.00938416
0.0117074
0.0159452
0.00625
0.00938416
0.00625
0.00938416
0.00625
0.00625
0.0143265
0.00938416
0.00938416
0.0159452
0.00625
0.00938416
0.00938416
0.00938416
0.0143265
0.0159452
0.00625
0.0143265
0.0143265
0.0143265
0.00625
0.0117074
0.0168542
0.0117074
0.00625
0.00625
0.0125
0.0159452
0.0117074
0.0117074
0.00938416
0.00625
0.00625
0.00938416
0.0143265
0.0125
0.00938416
0.0153317
0.0117074
0.00625
0.00938416
0.00938416
0.00625
0.0143265
0.00938416
0.0125
0.0143265
0.00938416
0.0117074
0.0117074
0.00938416
0.00938416
0.0143265
0.00938416
0.00938416
0.00625
0.0143265
0.0117074
0.00938416
0.00938416
0.00938416
0.0153317
0.00938416
0.0143265
0.0125
0.0187683
0.0143265
0.00625
0.00938416
0.0117074
0.00938416
0.0143265
0.0159452
0.0200312
0.0125
0.0125
0.0143265
0.00625
0.00625
0.00938416
0.00938416
0.00625
0.0143265
0.0125
0.0125
0.0143265
0.0200312
0.0143265
0.00938416
0.00938416
0.00625
0.0159452
0.0143265
0.0125
0.0143265
0.0159452
0.0117074
0.00938416
0.00938416
0.0125
0.0159452
0.0125
0.0143265
0.0143265
0.00938416
0.0153317
0.0159452
0.00938416
0.00938416
0.0159452
0.00938416
0.0143265
0.0143265
0.0143265
0.0143265
0.0200312
0.0159452
0.00625
0.00625
0.00625
0.0125
0.0125
0.0125
0.0125
0.0143265
0.0143265
0.0159452
0.0117074
0.0117074
0.0117074
0.0200312
0.0200312
0.0159452
0.0143265
0.0143265
0.0143265
0.0125
0.00938416
0.00938416
0.0159452
0.0125
0.0143265
0.0125
0.0143265
0.0200312
0.0159452
0.0125
0.00625
0.0125
0.0143265
0.0143265
0.0125
0.0125
0.0143265
0.0187683
0.0143265
0.00938416
0.0143265
0.0125
0.0125
0.0143265
0.0125
0.0159452
0.0143265
0.0143265
0.0143265
0.00938416
0.0143265
0.0143265
0.0125
0.0125
0.0143265
0.0200312
0.0143265
0.0159452
0.00938416
0.0125
0.0143265
0.0159452
0.0143265
0.0143265
0.0125
0.0125
0.0143265
0.0143265
0.0143265
0.0143265
0.0143265
0.0143265
0.0143265
0.0143265
0.0143265
0.0143265
0.0143265
0.0143265
0.0125
0.0143265
0.0143265
0.0143265
0.0143265
0.0125
0.0125
0.0159452
0.0159452
0.0159452
0.0159452
0.0159452
0.0143265
0.0143265
0.0159452
0.0159452
0.0143265
0.0143265
0.0125
0.00625
0.0125
0.0125
0.0125
0.0143265
0.0125
0.0143265
0.0125
0.0143265
0.0143265
0.0143265
0.0143265
0.0143265
0.0143265
0.0125
0.0125
0.0125
0.0143265
0.0143265
0.0143265
0.0143265
0.0125
0.0125
0.0125
0.0143265
0.0125
0.0159452
0.0143265
0.0143265
0.0143265
0.0143265
0.00938416
0.0159452
0.0143265
0.0125
0.0143265
0.0159452
0.0143265
0.0143265
0.0143265
0.0143265
0.0125
0.0125
0.0143265
0.0143265
0.0159452
0.0143265
0.0159452
0.0143265
0.0125
0.0143265
0.0125
0.0159452
0.0143265
0.0200141
0.01875
0.0143265
0.0200312
0.0187683
0.0159452
0.0143265
0.0125
0.0125
0.0159452
0.0143265
0.01875
0.0125
0.0187683
0.0143265
0.0125
0.0143265
0.0143265
0.0143265
0.0143265
0.0125
0.0200141
0.0212029
0.0187683
0.0159452
0.0125
0.0143265
0.0143265
0.0143265
0.0143265
0.0125
0.01875
0.0200141
0.0159452
0.0159452
0.0143265
0.0143265
0.0125
0.0125
0.0125
0.0143265
0.0200141
0.0244246
0.0159452
0.0159452
0.0187683
0.0143265
0.01875
0.0143265
0.0159452
0.0143265
0.0143265
0.0200141
0.0200141
0.0200141
0.0187683
0.0187683
0.0159452
0.0125
0.0143265
0.0143265
0.0143265
0.0143265
0.0234001
0.0143265
0.0200141
0.0159452
0.0143265
0.0143265
0.0159452
0.0159452
0.0125
0.0143265
0.01875
0.0159452
0.0143265
0.0143265
0.0125
0.0143265
0.0125
0.0143265
0.0125
0.0234001
0.0200141
0.0143265
0.0212029
0.0234001
0.0159452
0.0143265
0.0125
0.0200141
0.0200141
0.0200141
0.0200141
0.0200141
0.0200141
0.0200141
0.0200141
0.01875
0.0159452
0.0125
0.0143265
0.0688422
0.133529
0.26766
0.520926
0.744549
0.991022
1.24719
1.61754
1.85457
1.96385
2.03039
2.06315
2.09301
2.12308
2.13653
2.14653
2.15269
2.15439
2.16017
2.17007
2.17461
2.19131
2.20052
2.21394
2.22009
2.21677
2.21951
2.22407
2.21222
2.16947
2.12251
2.03817
1.97549
1.91622
1.83974
1.79062
1.7284
1.64949
1.59831
1.59378
1.61366
1.65181
1.70506
1.78459
1.84284
1.90435
1.9759
2.04204
2.10157
2.19597
2.26557
2.3555
2.44614
2.57096
2.70154
2.80413
2.90937
3.01644
3.11574
3.16913
3.21772
3.24887
3.2801
3.31683
3.35971
3.39564
3.42101
3.45338
3.48285
3.5134
3.55794
3.58868
3.61845
3.66154
3.69403
3.72653
3.75026
3.77489
3.80565
3.84178
3.86642
3.89643
3.91495
3.92191
3.92888
3.93586
3.94285
3.94204
3.94904
3.94369
3.94287
3.93756
3.94373
3.94373
3.95075
3.96221
3.96302
3.96307
3.95691
3.95691
3.96227
3.96923
3.96923
3.97091
3.96394
3.96653
3.96653
3.96663
3.97098
3.97546
3.97546
3.97546
3.97626
3.97795
3.97714
3.9834
3.9834
3.97736
3.97906
3.97894
3.97894
3.9841
3.98938
3.98858
3.99482
3.99482
3.99046
3.98615
3.98615
3.98536
3.98444
3.99059
3.99662
3.99662
3.99675
3.99675
3.99768
3.99675
3.99584
3.99598
3.99675
3.9923
3.99753
3.99845
4.00383
4.00461
4.00999
4.00999
4.00291
4.00368
4.00291
4.00461
4.01076
4.00554
4.00477
4.00477
4.00477
4.01092
4.00922
4.00847
4.01431
4.01522
4.01614
4.01614
4.01632
4.01092
4.01111
4.00325
4.01111
4.01016
4.01614
4.01708
4.01632
