0.000126872
0.000126872
0.000158377
0.000208346
0.000258366
0.000258366
0.00028
0.000358636
0.000453866
0.000518001
0.000518001
0.000518001
0.000518001
0.000716059
0.000716059
0.000716059
0.000931222
0.000931222
0.000931222
0.000931222
0.00120071
0.00120071
0.00120071
0.00120071
0.00139691
0.00139691
0.00139691
0.00139691
0.00139691
0.00159945
0.00159945
0.00159945
0.00187265
0.00208124
0.00208124
0.00208124
0.00227836
0.00227836
0.00227836
0.00254087
0.00254087
0.00254087
0.00254087
0.00254087
0.00254087
0.00274335
0.00274335
0.00274335
0.00274335
0.00290135
0.00290135
0.00290135
0.0033497
0.0033497
0.0033497
0.0033497
0.00347454
0.00347454
0.00347454
0.00347454
0.00347454
0.00367474
0.00367474
0.00367474
0.00367474
0.00384564
0.00384564
0.00384564
0.00384564
0.00416419
0.00416419
0.00416419
0.00416419
0.00428071
0.00428071
0.00428071
0.00428071
0.00428071
0.00428071
0.00433
0.00433
0.00433
0.00433
0.004386
0.004386
0.004386
0.00440924
0.00440924
0.00440924
0.00443443
0.00443443
0.00443443
0.00445629
0.00445629
0.00445629
0.00445629
0.00445629
0.00447804
0.00447804
0.00447804
0.00447804
0.00450307
0.00450307
0.00450307
0.00450307
0.00452479
0.00452479
0.00452479
0.00452479
0.00457224
0.00457224
0.00457224
0.00457224
0.00458849
0.00458849
0.00458849
0.00460599
0.00460599
0.00460599
0.00460599
0.00460599
0.00460599
0.00464511
0.00464511
0.00464511
0.00464511
0.00466392
0.00466392
0.00466392
0.00466392
0.00468957
0.00468957
0.00471183
0.00471183
0.00471183
0.00471183
0.00472453
0.00472453
0.00472453
0.00472453
0.00472453
0.00472453
0.00472453
0.004771
0.004771
0.004771
0.00479376
0.00479376
0.00479376
0.00480586
0.00480586
0.00480586
0.00480586
0.00480586
0.00480586
0.00480586
0.00480586
0.00480586
0.0048072
0.0048072
0.0048072
0.0048072
0.0048072
0.00480507
0.00480507
0.00480507
0.00480507
0.00480507
0.00480507
0.00480507
0.00480507
0.00480507
0.00480641
0.00480641
0.00480641
0.00480641
0.00480641
0.00480641
0.00480641
0.00480641
0.00480641
0.00480641
0.00480641
0.00480641
0.00480641
0.00480641
0.00480641
0.00480641
0.00480641
0.00480641
0.00480641
0.00480641
0.00480641
0.00480641
0.00480641
0.00480641
0.00480641
0.00480641
0.00480641
0.00480776
0.00480776
0.00480776
0.00480776
0.00480776
0.00480776
0.00480776
0.00480776
0.00480776
0.00480776
0.00480776
0.00480776
0.00480776
0.00480776
0.00480776
0.00480776
0.00480776
0.00480776
0.00480776
0.00480776
0.00480776
0.00480776
0.00480776
0.00480776
0.00480776
0.00480776
0.00480776
0.00480776
0.00480776
0.00480776
0.00480776
0.00480776
0.00480776
0.00480776
0.00480776
0.00480776
0.00480776
0.00480776
0.00480776
0.00480776
0.00480776
