0
0.007
0.007
0.007
0.0098995
0.0098995
0.007
0.007
0.0156525
0.0156525
0.0098995
0.0156525
0.0098995
0.0098995
0.007
0.014
0.007
0.007
0.0098995
0.014
0.019799
0.007
0.019799
0.007
0.0221359
0.0156525
0.0156525
0.014
0.007
0.007
0.007
0.0168542
0.0117074
0.0098995
0.019799
0.0156525
0.0098995
0.007
0.007
0.0117074
0.0117074
0.0117074
0.0156525
0.0168542
0.0117074
0.007
0.007
0.0098995
0.00625
0.00938416
0.00625
0.00938416
0.00938416
0.0153317
0.0117074
0.0098995
0.0156525
0.0156525
0.0098995
0.0098995
0.0156525
0.00938416
0.0117074
0.0117074
0.0156525
0.007
0.014
0.0153317
0.0117074
0.0117074
0.00938416
0.0168542
0.00625
0.0153317
0.0168542
0.0156525
0.007
0.00625
0.0117074
0.00938416
0.00938416
0.0168542
0.0117074
0.00938416
0.00938416
0.00938416
0.00938416
0.00938416
0.00625
0.0159452
0.0168542
0.0117074
0.00938416
0
0.00938416
0.00938416
0.00938416
0.00938416
0.00938416
0.00938416
0.020762
0.00938416
0.0117074
0.00938416
0.00938416
0.00938416
0.0168542
0.0117074
0.0168542
0.0153317
0.0168542
0.0230014
0.0156525
0.020762
0.020762
0.0117074
0.0153317
0.0153317
0.0153317
0.0200312
0.0230014
0.0221359
0.0153317
0.0153317
0.0117074
0.00938416
0.0153317
0.0168542
0.00938416
0.0153317
0.00938416
0.0117074
0.00625
0.00625
0.0143265
0.0143265
0.0125
0.00625
0.0117074
0.0117074
0.0153317
0.0117074
0.00625
0.00938416
0.0125
0.0143265
0.0168542
0.0153317
0.0153317
0.0168542
0.0117074
0.00938416
0.0168542
0.0153317
0.0159452
0.0125
0.0159452
0.0281647
0.0168542
0.0153317
0.0230014
0.00938416
0.0117074
0.0143265
0.0159452
0.0200312
0.0143265
0.0168542
0.0153317
0.0153317
0.0153317
0.00938416
0.00938416
0.0159452
0.0159452
0.0143265
0.0143265
0.0159452
0.0125
0.0187683
0.0200312
0.0153317
0.0143265
0.00938416
0.0143265
0.0159452
0.0200312
0.00938416
0.0159452
0.0200312
0.0159452
0.0117074
0.0125
0.00625
0.0187683
0.0200312
0.0143265
0.0159452
0.0159452
0.0125
0.0200312
0.0143265
0.0159452
0.0187683
0.0187683
0.0187683
0.0200312
0.0143265
0.0187683
0.00938416
0.0117074
0.0143265
0.0143265
0.0143265
0.0159452
0.0187683
0.0244387
0.0219103
0.0168542
0.0153317
0.0168542
0.0143265
0.0187683
0.0143265
0.0143265
0.0143265
0.0159452
0.0143265
0.0159452
0.0200312
0.0200312
0.0159452
0.0125
0.0234001
0.0200141
0.0159452
0.0187683
0.0143265
0.0153317
0.0200312
0.0143265
0.0143265
0.0143265
0.0159452
0.0143265
0.0143265
0.0187683
0.0187683
0.0153317
0.0187683
0.0200312
0.0200312
0.0143265
0.0143265
0.0143265
0.0125
0.0200312
0.0200312
0.0187683
0.0187683
0.0159452
0.0143265
0.0143265
0.0244246
0.0159452
0.0159452
0.0143265
0.0143265
0.0168542
0.0143265
0.0143265
0.0159452
0.0212029
0.0212029
0.0200312
0.0143265
0.0143265
0.0143265
0.0200312
0.0143265
0.0159452
0.0159452
0.0212029
0.0244246
0.0187683
0.0143265
0.0159452
0.0200312
0.0143265
0.0143265
0.0143265
0.0187683
0.0159452
0.0143265
0.0200312
0.0159452
0.0200312
0.0187683
0.0200141
0.0234001
0.0244246
0.0200141
0.0143265
0.0200141
0.0187683
0.0244387
0.0244387
0.0187683
0.0200141
0.0212029
0.0200141
0.0200141
0.0234001
0.0244246
0.0143265
0.0200312
0.0187683
0.0143265
0.0234001
0.0200141
0.0212029
0.0244246
0.0281525
0.0234001
0.0244246
0.0187683
0.0143265
0.0143265
0.0143265
0.01875
0.0212029
0.0200141
0.0143265
0.0212029
0.0143265
0.0143265
0.0187683
0.0200312
0.0200312
0.0244246
0.0159452
0.0200141
0.0212029
0.0200141
0.0281525
0.0244387
0.0187683
0.0143265
0.0200141
0.0200141
0.0200141
0.0234001
0.0336981
0.0281525
0.0234001
0.0200312
0.0143265
0.0143265
0.0143265
0.0212029
0.0212029
0.0290097
0.0234001
0.0281525
0.0272683
0.0143265
0.0143265
0.0159452
0.0234001
0.0200141
0.0200141
0.0212029
0.0200141
0.0212029
0.0244246
0.0200312
0.0159452
0.01875
0.0212029
0.0244246
0.0200141
0.0234001
0.0200141
0.0234001
0.0244246
0.0200141
0.0234001
0.0281525
0.0290097
0.0212029
0.0234001
0.0234001
0.0212029
0.0200312
0.0200312
0.0212029
0.0212029
0.0200141
0.0212029
0.0244246
0.0268887
0.0281525
0.0200141
0.0200141
0.0200141
0.0244246
0.0244246
0.0244246
0.0286531
0.0268887
0.0234001
0.0234001
0.0294958
0.0212029
0.0290097
0.0294958
0.0286531
0.0294958
0.0326497
0.0333916
0.0336981
0.0281525
0.0294958
0.0200141
0.0234001
0.0234001
0.0286531
0.0326497
0.0382957
0.0320244
0.0259615
0.0326497
0.0286531
0.0259615
0.0259615
0.025
0.025
0.0268887
0.0320244
0.0342427
0.0349509
0.0294958
0.007
0.0355246
0.0803383
0.11637
0.168559
0.242924
0.291534
0.353949
0.446156
0.529352
0.607241
0.711621
0.803966
0.892423
1.00865
1.10782
1.20808
1.34161
1.45098
1.56363
1.70633
1.81567
1.92725
2.08063
2.20033
2.30995
2.47528
2.60435
2.71408
2.87809
3.01478
3.14733
3.31146
3.45032
3.59919
3.78295
3.91547
4.06447
4.2472
4.35163
4.47683
4.67602
4.83176
4.97239
5.17732
5.33331
5.50221
5.63506
5.78015
5.89332
6.05687
6.15037
6.32359
6.49584
6.62774
6.77816
6.98431
7.11409
7.22351
7.40535
7.53481
7.66873
7.83753
7.93396
8.04063
8.17153
8.28172
8.39047
8.50727
8.5468
8.56777
8.58328
8.60189
8.60532
8.63668
8.64277
8.6623
8.6843
8.70459
8.71942
8.74671
8.76902
8.77851
8.79793
8.81054
8.82567
8.84613
8.86739
8.89405
8.92381
8.93372
8.94916
8.97767
9.00024
9.01728
9.04152
9.0748
9.09192
9.11801
9.13682
9.15435
9.18167
9.20227
9.22542
9.26
9.27956
9.2969
9.31601
9.33825
9.35565
9.37667
9.39593
9.42247
9.43886
9.46472
9.47928
9.5089
9.5302
9.57107
9.59308
9.61165
9.63761
9.66167
9.68671
9.71086
9.73797
9.77004
9.79771
9.827
9.84189
9.86383
9.89407
9.92686
9.95356
10.0047
10.0294
10.0444
10.0699
10.0903
10.1231
10.1628
10.1883
10.2092
10.2117
10.2139
10.2117
10.2095
10.2025
10.1975
10.1956
10.1823
10.1751
10.166
10.1613
10.1591
10.1541
10.1458
10.1437
10.1333
10.1286
10.1182
10.1182
10.1167
10.1114
10.1092
10.1114
10.1064
10.1035
10.0938
10.0885
10.0834
10.0767
10.0795
10.0717
10.0663
10.0684
10.0609
10.0588
10.0567
10.0492
10.0492
10.0388
10.0417
10.0292
10.0313
10.0321
10.0292
10.0167
10.0167
10.0113
10.0071
10.0046
10.0018
9.99888
9.99966
10.0022
9.99888
9.99888
9.99428
9.99218
9.98471
9.97975
9.97975
9.97517
9.97767
9.97725
9.97437
9.96978
9.96771
9.96275
9.95736
9.95736
9.95529
9.95323
9.95529
9.95529
9.95241
9.94496
9.94245
9.9375
9.93005
9.93005
9.92511
9.92306
9.92511
9.92717
9.928
9.91972
9.92056
9.91767
9.91023
9.91023
9.91107
9.91023
9.90734
9.91023
