0.0098995
0.0098995
0.0117074
0.00938416
0.00938416
0.00938416
0.00938416
0.00938416
0.007
0.00938416
0.0098995
0.0098995
0.0117074
0.0117074
0.00938416
0.0117074
0.00938416
0.007
0.007
0
0.007
0.007
0.00938416
0.00625
0.00938416
0.0117074
0.007
0
0
0.014
0.007
0
0.00938416
0.0117074
0.0153317
0.0117074
0.0117074
0.0098995
0.014
0
0.0098995
0
0.00938416
0.0117074
0.0168542
0.00938416
0.0168542
0.0098995
0.0098995
0.007
0.007
0.0098995
0
0.007
0
0.007
0.007
0.007
0.007
0.007
0.007
0.007
0.00938416
0.00938416
0.00938416
0.014
0.0098995
0.007
0.007
0
0.007
0.007
0.0168542
0.00938416
0.007
0.0098995
0.007
0
0.0098995
0.0098995
0.00625
0.00938416
0.0153317
0.00625
0.007
0.007
0
0.0098995
0.0098995
0.007
0.0098995
0.00938416
0.0117074
0.007
0.007
0.0098995
0.0098995
0.007
0.0098995
0.007
0.007
0.007
0.0098995
0.014
0.007
0.0098995
0.0098995
0.007
0
0.00938416
0.0117074
0.0117074
0.007
0.014
0
0.007
0
0.0098995
0.007
0.0098995
0.007
0.007
0.007
0.0098995
0.007
0.00938416
0.0098995
0.00938416
0.007
0.007
0.007
0.007
0.007
0.0098995
0.007
0.007
0.0098995
0.0098995
0.007
0.007
0.0098995
0.0098995
0.0098995
0.0098995
0.007
0.0098995
0.007
0.0098995
0.0098995
0.0098995
0
0.007
0.007
0.007
0.0117074
0.0098995
0.0153317
0.007
0.0098995
0.0156525
0.0098995
0.0098995
0.014
0.007
0.014
0.00938416
0.0153317
0.0098995
0.0098995
0
0.0098995
0.007
0.007
0.014
0.0117074
0.0117074
0.0117074
0.007
0.0098995
0.0098995
0
0.007
0.007
0.0117074
0.00938416
0.00938416
0.007
0.007
0.007
0
0.0098995
0.0098995
0.0117074
0.007
0.0117074
0.0117074
0.0117074
0.007
0.0098995
0.0098995
0.0098995
0.0098995
0.007
0.00938416
0.00938416
0.0117074
0.0117074
0.0098995
0.0156525
0.0098995
0.0098995
0.007
0.007
0.0098995
0.007
0.00625
0.007
0.0098995
0.0098995
0.007
0.007
0.007
0.007
0.0117074
0.00938416
0.0117074
0.0098995
0.0156525
0.0156525
0.014
0.0153317
0.0153317
0.00938416
0.00938416
0.0168542
0.0168542
0.007
0
0.0098995
0.0098995
0.0098995
0.007
0.00625
0.00938416
0.00938416
0.00938416
0.0168542
0.007
0.0098995
0.0098995
0.0098995
0.00938416
0.00938416
0.0153317
0.0168542
0.0117074
0.00938416
0.0117074
0.0156525
0.014
0.0168542
0.0156525
0.0117074
0.0117074
0.00938416
0.007
0.0098995
0
0.0098995
0.00938416
0.00938416
0.0117074
0.00938416
0.0117074
0.00938416
0.00938416
0.007
0.0156525
0.0098995
0.00938416
0.0156525
0.0117074
0.0117074
0.0168542
0.0117074
0.0098995
0.007
0.007
0.0156525
0.007
0.00938416
0.00938416
0.0117074
0.00938416
0.0153317
0.007
0.0098995
0.0098995
0.0098995
0.0156525
0.00938416
0.0117074
0.00938416
0.0117074
0.0168542
0.0117074
0.0098995
0.007
0.007
0.00938416
0.00938416
0.00938416
0.00938416
0.00938416
0.0117074
0.007
0
0.007
0.007
0.007
0.0117074
0.00938416
0.0117074
0.00625
0.00938416
0.0168542
0.0168542
0.0117074
0.00938416
0.0117074
0.0153317
0.0117074
0.0153317
0.0117074
0.0117074
0.0117074
0.00625
0.00938416
0.0117074
0.0168542
0.0168542
0.00938416
0.00938416
0.00938416
0.0117074
0.0168542
0.0153317
0.0098995
0.00938416
0.0153317
0.0117074
0.0117074
0.0117074
0.0153317
0.00938416
0.00938416
0.00938416
0.0117074
0.0168542
0.0117074
0.0168542
0.00938416
0.00938416
0.0117074
0.0117074
0.00938416
0.0153317
0.00938416
0.00938416
0.0153317
0.00938416
0.00938416
0.0117074
0.0117074
0.00938416
0.0117074
0.00938416
0.00625
0.0117074
0.00938416
0.00938416
0.0143265
0.0200312
0.0143265
0.0125
0.00938416
0.0117074
0.00938416
0.00938416
0.00938416
0.0117074
0.0159452
0.0117074
0.0200312
0.0143265
0.00938416
0.0117074
0.020762
0.0168542
0.0168542
0.0143265
0.0159452
0.0187683
0.007
0.0234001
0.0429796
0.0716327
0.104825
0.132685
0.166641
0.190279
0.226337
0.271773
0.307768
0.326834
0.328357
0.338203
0.33661
0.33661
0.333365
0.331523
0.326477
0.322779
0.324671
0.321105
0.319639
0.321105
0.321702
0.323373
0.321702
0.321702
0.313089
0.316746
0.314107
0.311835
0.309548
0.315351
0.308122
0.308122
0.308122
0.306847
0.301906
0.306847
0.317653
0.328058
0.335479
0.352579
0.366369
0.379681
0.396468
0.418791
0.440401
0.474321
0.498729
0.542657
0.572516
0.603978
0.636266
0.689366
0.722777
0.777023
0.820254
0.860817
0.925791
0.968096
1.01791
1.06427
1.13047
1.18438
1.2406
1.28922
1.34665
1.40945
1.48339
1.53796
1.62717
1.69132
1.75897
1.82016
1.90708
1.97413
2.02376
2.10408
2.17698
2.25572
2.35371
2.42762
2.53449
2.61195
2.6759
2.74082
2.79801
2.85296
2.94949
3.01577
3.07763
3.14852
3.24331
3.3239
3.38806
3.46996
3.53415
3.59834
3.68713
3.75551
3.81179
3.87911
3.92979
3.98018
4.05636
4.1
4.12496
4.14244
4.15285
4.16004
4.1718
4.17511
4.18638
4.1904
4.1971
4.20982
4.21608
4.22697
4.24038
4.25087
4.25639
4.26345
4.28055
4.28613
4.2993
4.31184
4.31719
4.32662
4.342
4.35349
4.36679
4.38037
4.39006
4.40373
4.4096
4.42127
4.43508
4.44697
4.45487
4.47088
4.48291
4.49693
4.50298
4.51107
4.52324
4.52935
4.54367
4.55014
4.56427
4.58266
4.59509
4.60132
4.60975
4.61796
4.63246
4.64535
4.65766
4.67068
4.69097
4.70372
4.71844
4.73962
4.74411
4.7654
4.76994
4.78342
4.79837
4.81035
4.82589
4.83958
4.85874
4.88047
4.89183
4.90228
4.90702
4.92823
4.95162
4.96317
4.97778
4.9905
4.9905
4.99648
4.98974
4.99014
4.9849
4.9849
4.98416
4.97628
4.97628
4.97555
4.97482
4.96812
4.97074
4.96214
4.96214
4.95616
4.95545
4.94877
4.95068
4.94877
4.94877
4.94808
4.94808
4.93952
4.9421
4.93544
4.93544
4.93477
4.93477
4.93477
4.93286
4.92747
4.92812
4.92747
4.92214
4.92023
4.92149
4.9155
4.92149
4.92084
4.91768
4.91295
4.91423
4.90762
4.9038
4.90824
4.90633
4.90762
4.90824
4.9057
4.9057
4.89972
4.90102
4.89373
4.89373
4.89503
4.89311
4.89373
4.89311
4.89503
4.89311
4.89383
4.88844
4.88592
4.88592
4.87802
4.87802
4.87993
4.87862
4.87802
4.87993
4.87993
4.87935
4.87528
4.87336
4.87144
4.87336
4.87336
4.87278
4.87278
4.86679
4.86679
4.86622
4.86622
4.86622
4.86024
4.86081
4.86622
4.86622
4.86375
4.86024
4.85968
4.85968
