0.00938416
0.0098995
0.0098995
0
0
0
0.007
0.007
0.014
0.0117074
0.0117074
0.007
0.007
0.007
0.007
0.00625
0.007
0.007
0.007
0.007
0.007
0.007
0
0.007
0
0
0
0
0.014
0.0156525
0.00938416
0.007
0.00625
0
0.007
0.007
0.007
0.007
0.007
0.007
0.0098995
0.007
0.007
0.007
0.007
0
0.0098995
0.007
0.0098995
0.007
0.00625
0
0
0.00625
0
0.007
0.0098995
0.007
0.0098995
0
0
0
0.007
0
0
0.00938416
0.007
0.0156525
0.0098995
0.007
0
0.0098995
0.007
0.007
0.007
0.007
0
0.0098995
0.0098995
0.007
0.007
0
0
0.014
0.007
0
0.007
0.0098995
0.0156525
0.007
0.007
0.007
0
0
0.007
0.007
0.0098995
0.0098995
0.0098995
0
0.007
0
0.0098995
0.007
0
0.007
0.00625
0.0098995
0
0.0098995
0.007
0
0
0.00938416
0.00625
0.00625
0
0.007
0.007
0.0156525
0.0098995
0.0098995
0
0
0.00938416
0.00938416
0.00625
0.00938416
0.014
0
0.007
0.0098995
0
0.00625
0.00625
0.00938416
0.00938416
0.00938416
0.0156525
0.00625
0
0
0.014
0.0117074
0.00938416
0.00938416
0.00625
0
0.0098995
0.007
0
0.0098995
0.007
0
0.00625
0.00938416
0.00938416
0.00938416
0.00938416
0.0156525
0.0098995
0
0.007
0
0.0098995
0.00625
0.00625
0
0.007
0.007
0.007
0.007
0.007
0.007
0.0098995
0
0.00625
0.007
0.00938416
0.0156525
0.0156525
0.007
0.0117074
0.0098995
0.007
0.0098995
0.00625
0.00625
0.0117074
0.00938416
0.00938416
0.0098995
0.007
0
0
0.00938416
0
0.00625
0.00938416
0.00938416
0.0098995
0.0098995
0.00625
0.007
0.007
0.0098995
0.007
0.00625
0.00625
0.00938416
0.00625
0.007
0
0.00938416
0.00938416
0.00938416
0
0.00938416
0.00938416
0.00938416
0.00625
0.00938416
0
0
0.007
0.00938416
0.00938416
0.00938416
0.00938416
0.00938416
0.0117074
0.00938416
0.007
0.007
0.00625
0.00938416
0.00938416
0.00938416
0.00938416
0.00625
0.007
0.007
0
0
0
0.007
0.00625
0.00938416
0.0117074
0.0117074
0.0117074
0.014
0.00625
0.0098995
0.0117074
0.0117074
0.00938416
0.00938416
0.00938416
0.00938416
0.00938416
0.007
0.007
0.007
0
0.00625
0.00625
0.00938416
0.00938416
0.00938416
0.00938416
0.007
0.007
0.007
0.0156525
0.00938416
0.00938416
0.0117074
0.00938416
0.0153317
0.00625
0.00625
0.00938416
0.00938416
0.00938416
0.00938416
0.00938416
0.00938416
0.0117074
0.0117074
0.0117074
0.007
0.00938416
0.007
0.0117074
0.0168542
0.00938416
0.0117074
0.00625
0.00938416
0.007
0.007
0.00625
0.00625
0.00625
0.00938416
0.00938416
0.00938416
0.00938416
0.00625
0.00625
0.00625
0
0.00625
0.00625
0.00938416
0.00938416
0.00938416
0.00938416
0.0117074
0.0117074
0.00938416
0.00625
0.00938416
0.00938416
0.00938416
0.0117074
0.00625
0.00625
0.00625
0.00938416
0.0117074
0.00938416
0.0117074
0.00938416
0.00625
0.00625
0.00938416
0.0117074
0.0117074
0.0117074
0.0098995
0.0117074
0.00625
0.00625
0.00938416
0.0117074
0.00938416
0.00938416
0.00625
0.00938416
0.00938416
0.0117074
0.00938416
0.00938416
0.00625
0.0117074
0.00625
0.0117074
0.00625
0.00625
0.00625
0.00625
0.00625
0.00625
0.00625
0.0143265
0.00938416
0.00938416
0.0117074
0.00625
0.0117074
0.00938416
0.00938416
0.0125
0.0125
0.0143265
0.00938416
0.00625
0.042539
0.0715826
0.104825
0.158324
0.20647
0.244614
0.2901
0.330402
0.356042
0.363899
0.368515
0.378752
0.378752
0.380623
0.384128
0.377586
0.380623
0.378215
0.381119
0.375699
0.380623
0.387051
0.387936
0.387936
0.386943
0.367616
0.354088
0.339649
0.331745
0.320437
0.310248
0.291284
0.256479
0.226599
0.192448
0.173815
0.159452
0.168664
0.155986
0.156456
0.159452
0.160323
0.160323
0.158991
0.154774
0.158836
0.163398
0.158991
0.150765
0.155986
0.155829
0.159864
0.159864
0.168082
0.16395
0.1638
0.1638
0.159711
0.155986
0.159864
0.159864
0.164398
0.164398
0.165479
0.170132
0.166493
0.174333
0.183228
0.183875
0.194931
0.210948
0.220646
0.237706
0.25049
0.269205
0.296572
0.31871
0.346455
0.373157
0.402449
0.424245
0.462384
0.484279
0.513275
0.55235
0.583359
0.620263
0.651552
0.692432
0.717165
0.754036
0.794317
0.831883
0.877688
0.909518
0.941222
0.998501
1.03595
1.0733
1.12511
1.15925
1.19667
1.23079
1.25946
1.30578
1.35425
1.39862
1.43499
1.49583
1.54105
1.57328
1.60761
1.63602
1.67316
1.71629
1.7538
1.78775
1.83651
1.88307
1.91738
1.96944
2.0033
2.03424
2.07489
2.12126
2.15012
2.19308
2.22377
2.24718
2.28674
2.3125
2.33566
2.35519
2.36066
2.36742
2.37037
2.37563
2.38129
2.38995
2.39185
2.39185
2.40055
2.40055
2.40941
2.41474
2.4236
2.42896
2.43781
2.4399
2.44866
2.44866
2.45422
2.45961
2.46839
2.46834
2.47716
2.49149
2.49696
2.49362
2.50247
2.51129
2.5134
2.52228
2.52776
2.53325
2.54549
2.55093
2.55638
2.56525
2.57071
2.57619
2.57958
2.58506
2.5939
2.5995
2.60828
2.61383
2.62474
2.62474
2.63364
2.63357
2.64241
2.64796
2.66229
2.66786
2.67335
2.68563
2.69112
2.69661
2.70439
2.71321
2.71654
2.72217
2.72782
2.73115
2.74898
2.75447
2.76862
2.77977
2.77628
2.7851
2.79077
2.79959
2.80527
2.81098
2.81959
2.81959
2.82475
2.81924
2.82257
2.81578
2.81003
2.81565
2.81003
2.81335
2.81326
2.81318
2.81312
2.80768
2.80429
2.80104
2.80429
2.80436
2.80436
2.80762
2.79875
2.79875
2.79872
2.79872
2.7954
2.79872
2.79323
2.78993
2.79323
2.79322
2.7899
2.79872
2.78993
2.7933
2.78786
2.78453
2.78453
2.78443
2.78776
2.7878
2.78447
2.78453
2.78794
2.78804
2.78461
2.77911
2.77921
2.77718
2.78255
2.7859
2.78266
2.77932
2.78266
2.77932
2.77932
2.77372
2.77372
2.77706
2.77383
2.77718
2.77731
2.77731
2.77396
2.77428
2.77428
2.77411
2.76529
2.76513
2.76847
2.77411
2.76862
2.76879
2.76879
2.76564
2.76015
2.76898
2.76564
2.7633
2.75996
2.7633
2.76879
2.76564
2.76898
2.76057
2.76392
2.76392
2.76035
2.75486
2.76035
2.76349
2.76392
2.76392
2.76035
2.75724
