0.000370322
0.000370322
0.000370322
0.000370322
0.000370322
0.000720266
0.000720266
0.000720266
0.000720266
0.000720266
0.00124272
0.00124272
0.00124272
0.00124272
0.00164964
0.00164964
0.00164964
0.00164964
0.00205452
0.00205452
0.00205452
0.00205452
0.00262442
0.00302982
0.00302982
0.00302982
0.00344232
0.00344232
0.00395611
0.00395611
0.00395611
0.00395611
0.00395611
0.00395611
0.00436264
0.00436264
0.00436264
0.00436264
0.00477198
0.00477198
0.00477198
0.00477198
0.00552222
0.00552222
0.00552222
0.00552222
0.00580302
0.00580302
0.00580302
0.00580302
0.00580302
0.00580302
0.00619171
0.00619171
0.00619171
0.00621944
0.00621944
0.00621944
0.00621944
0.00622153
0.00622153
0.00622153
0.00622153
0.00622153
0.00622153
0.00622703
0.00622703
0.00622703
0.00622703
0.00622912
0.00622912
0.00622912
0.00622912
0.00622912
0.00622912
0.00622912
0.00622912
0.00623121
0.0062333
0.0062333
0.0062333
0.0062333
0.0062333
0.0062346
0.0062346
0.0062346
0.0062346
0.00623736
0.00623736
0.00623736
0.00623736
0.00623945
0.00623945
0.00623945
0.00623945
0.00624782
0.00624782
0.00624782
0.00624782
0.00624782
0.00626457
0.00626457
0.00626457
0.00626457
0.00626457
0.00626457
0.00626457
0.00627504
0.00627504
0.00627504
0.00627713
0.00627713
0.00627713
0.00627713
0.00627713
0.00627713
0.00627713
0.00627713
0.00627973
0.00627973
0.00627973
0.00627973
0.00628183
0.00628183
0.00628183
0.00628183
0.00628183
0.00628183
0.00628183
0.00628183
0.00628183
0.00628183
0.00628183
0.00628183
0.00628183
0.00628183
0.00628183
0.00628183
0.00628392
0.00628392
0.00628392
0.00628392
0.00628392
