0.135625
0.206607
0.320417
0.417866
0.512877
0.655686
0.780098
0.910154
1.07779
1.20876
1.34428
1.53101
1.67495
1.85103
1.99928
2.14639
2.28418
2.47264
2.61271
2.73908
2.91725
3.058
3.19689
3.38091
3.5159
3.6619
3.80076
3.93436
4.13407
4.26779
4.4048
4.54896
4.74885
4.91009
5.06952
5.2602
5.39706
5.57942
5.71972
5.84823
6.00834
6.13326
6.26885
6.4414
6.58033
6.72415
6.86189
7.0412
7.1009
7.09609
7.06836
7.04271
7.00965
6.98881
6.96112
6.9388
6.91467
6.89236
6.87007
6.8546
6.83913
6.82511
6.81355
6.79478
6.78263
6.75851
6.75315
6.74636
6.73422
6.72555
6.71545
6.70143
6.69465
6.67794
6.66786
6.6658
6.65036
6.64029
6.63492
6.63492
6.62155
6.62155
6.61288
6.60751
6.60405
6.59538
6.59001
6.57994
6.57855
6.56988
6.57043
6.57043
6.56175
6.55307
6.55307
6.55638
6.56506
6.56906
6.56646
6.56976
6.56976
6.56782
6.56976
6.55915
6.55241
6.55435
6.54237
6.53894
6.53894
6.53894
6.53564
6.52697
6.52697
6.51951
6.51816
6.50948
6.50948
6.49945
6.50142
6.50276
6.50276
6.49141
6.48272
6.48539
6.47867
6.47063
6.47196
6.46195
6.46195
6.46525
6.45657
6.45193
6.45524
6.44655
6.44117
6.44317
6.43447
6.42316
6.42985
6.42447
6.42248
6.42116
6.41578
