0.00938416
0.0098995
0.007
0.0221359
0.0221359
0.0219103
0.0260012
0.0168542
0.0117074
0.00938416
0.0156525
0.014
0.0153317
0.0168542
0.0156525
0.0168542
0.020762
0.0168542
0.0168542
0.007
0.0117074
0.0168542
0.020762
0.0168542
0.0168542
0.0168542
0.0168542
0.0117074
0.00938416
0.007
0.00938416
0.0156525
0.0156525
0.0156525
0.0230014
0.020762
0.0168542
0.0117074
0.0168542
0.0117074
0.0168542
0.0168542
0.0168542
0.0156525
0.0221359
0.0168542
0.020762
0.0168542
0.020762
0.00938416
0.00938416
0.014
0.0260012
0.0168542
0.0153317
0.0153317
0.0168542
0.0153317
0.0153317
0.00938416
0.014
0.0117074
0.0117074
0.020762
0.0230014
0.0230014
0.0230014
0.0168542
0.0117074
0.00938416
0.007
0.0156525
0.0156525
0.0230014
0.020762
0.0219103
0.0153317
0.00625
0.00938416
0.0117074
0.020762
0.0117074
0.0168542
0.0168542
0.0117074
0.0168542
0.0168542
0.0168542
0.0168542
0.0219103
0.014
0.0168542
0.0168542
0.0168542
0.0117074
0.0168542
0.0153317
0.00938416
0.00938416
0.00938416
0.0168542
0.0168542
0.0168542
0.0168542
0.0153317
0.0168542
0.0153317
0.00938416
0.00938416
0.00938416
0.0153317
0.0156525
0.014
0.0219103
0.0168542
0.0153317
0.0117074
0.0117074
0.00938416
0.00938416
0.00938416
0.00625
0.0098995
0.0168542
0.020762
0.0117074
0.0117074
0.020762
0.0153317
0.00938416
0.0168542
0.020762
0.020762
0.0260012
0.0260012
0.0117074
0.0168542
0.0168542
0.0168542
0.00938416
0.0117074
0.0117074
0.0156525
0.0168542
0.020762
0.020762
0.020762
0.020762
0.0168542
0.0117074
0.00938416
0.0098995
0.0230014
0.0230014
0.0168542
0.0219103
0.0168542
0.0200312
0.0153317
0.0117074
0.0117074
0.0153317
0.0168542
0.0168542
0.0168542
0.00938416
0.0168542
0.0117074
0.00938416
0.00938416
0.0153317
0.0230014
0.0168542
0.0153317
0.0168542
0.0168542
0.020762
0.0168542
0.0117074
0.0117074
0.00938416
0.00938416
0.0098995
0.0117074
0.00938416
0.0168542
0.0168542
0.0117074
0.0117074
0.0117074
0.0168542
0.0230014
0.020762
0.0117074
0.0168542
0.0117074
0.0168542
0.00938416
0.00938416
0.00938416
0.0117074
0.0117074
0.0153317
0.0153317
0.0230014
0.0168542
0.0117074
0.00938416
0.00938416
0.00938416
0.00938416
0.0153317
0.0153317
0.0168542
0.0168542
0.0117074
0.0117074
0.00938416
0.0153317
0.0153317
0.0153317
0.00938416
0.00938416
0.0168542
0.0153317
0.0200312
0.0219103
0.00938416
0
0.00938416
0.0117074
0.0230014
0.0230014
0.0168542
0.0254214
0.0168542
0.0117074
0.0117074
0.0117074
0.00938416
0.0117074
0.0168542
0.0153317
0.0230014
0.020762
0.020762
0.0168542
0.0168542
0.0117074
0.0153317
0.0168542
0.0153317
0.0117074
0.0117074
0.0117074
0.0117074
0.0117074
0.00938416
0.0168542
0.00938416
0.0153317
0.0168542
0.0168542
0.020762
0.0168542
0.0168542
0.0234147
0.0117074
0.0168542
0.0117074
0.0200312
0.0200312
0.0234147
0.0200312
0.0234147
0.0234147
0.020762
0.0645446
0.113323
0.175454
0.262976
0.329967
0.411457
0.503302
0.587917
0.690957
0.736846
0.73982
0.734682
0.744836
0.752592
0.753353
0.743358
0.731935
0.702361
0.681163
0.662874
0.643964
0.636973
0.638615
0.642859
0.632689
0.632408
0.616334
0.619846
0.624687
0.636587
0.657663
0.667291
0.682901
0.703925
0.720537
0.752657
0.778438
0.807616
0.850115
0.882056
0.935267
0.970233
1.006
1.04266
1.085
1.12884
1.17179
1.19511
1.25815
1.30635
1.35098
1.40409
1.43797
1.47443
1.53848
1.58025
1.61726
1.67408
1.72762
1.77878
1.85273
1.9042
1.95268
2.0097
2.05271
2.11292
2.15553
2.19586
2.22988
2.28435
2.32742
2.38439
2.42746
2.46776
2.51039
2.53639
2.53639
2.53363
2.52262
2.51774
2.50905
2.49197
2.48666
2.48733
2.47922
2.47328
2.46709
2.46116
2.45556
2.45556
2.4472
2.44412
2.43887
2.43364
2.42804
2.42283
2.41935
2.41935
2.41898
2.42244
2.42283
2.41456
2.40855
2.40547
2.4024
2.39373
2.39679
2.3916
2.39765
2.39513
2.39205
2.38898
2.38593
2.38032
2.38645
2.38337
2.37777
2.37471
2.3769
2.37733
2.37471
2.36957
2.37312
2.3818
2.37872
2.37823
2.37566
2.37872
2.37823
2.37471
2.37823
2.37517
2.37213
2.37566
2.36957
2.367
2.36445
2.36139
2.36139
2.36139
2.36139
2.36445
2.35836
2.3619
2.35629
2.34764
2.35377
2.35122
2.35069
2.34817
2.35018
2.35274
2.34713
2.35069
2.34203
2.34203
2.33847
2.33847
2.34203
2.34256
2.34256
2.34203
2.33952
2.33034
2.33337
2.33087
2.33337
2.33391
2.33337
2.33643
