0.007
0.007
0.00938416
0.00938416
0.00938416
0.007
0.007
0.007
0.007
0
0.007
0.007
0.00938416
0.00938416
0
0.0098995
0.007
0.007
0.007
0.007
0.007
0.007
0.007
0.00938416
0.007
0.007
0
0
0
0.007
0.0098995
0.0098995
0.007
0.00938416
0.007
0.007
0.007
0.007
0.00938416
0.007
0.014
0.007
0.0117074
0.00938416
0.007
0
0
0
0.0117074
0.0156525
0.0098995
0.00938416
0.0098995
0.007
0.007
0
0.0098995
0.014
0.014
0.007
0.0098995
0.007
0.007
0.007
0.007
0.0098995
0.007
0
0.007
0.0098995
0.0098995
0.0156525
0.007
0.007
0.007
0.007
0.0098995
0.0098995
0.0117074
0.007
0.007
0.007
0.007
0.007
0.007
0.007
0.0156525
0.0153317
0.007
0.007
0.014
0.007
0.007
0.007
0.0098995
0.0098995
0.007
0.007
0.007
0.0098995
0.007
0.014
0.014
0.007
0.007
0
0
0.0117074
0.0098995
0.0098995
0.0098995
0.007
0.007
0.007
0.007
0.014
0.0098995
0.00938416
0.00938416
0.00938416
0.007
0.007
0.00938416
0.0098995
0.007
0.007
0
0.007
0.007
0.007
0.0098995
0
0.007
0.007
0.007
0.0098995
0.0168542
0.0281647
0.007
0.007
0.0098995
0
0.007
0.0168542
0.00938416
0.0168542
0.0117074
0.0098995
0.0098995
0
0.0098995
0.0098995
0.007
0.0168542
0.0117074
0.00938416
0.00938416
0.0098995
0.007
0.007
0.014
0.007
0
0.007
0.0098995
0.0117074
0.0117074
0.0117074
0.0098995
0.0098995
0
0.0098995
0.0098995
0.007
0.0156525
0.0117074
0.0117074
0.007
0.007
0.007
0.007
0.0098995
0.007
0.00938416
0.007
0.014
0.00938416
0.0117074
0.0156525
0.007
0.007
0.0156525
0.007
0.007
0.00938416
0.00938416
0.0117074
0.0117074
0.0098995
0.0156525
0.007
0.0098995
0.007
0.00625
0.00938416
0.0117074
0.00625
0.007
0.007
0.007
0
0.007
0.0117074
0.00938416
0.00938416
0.00625
0.00938416
0.0098995
0
0.0098995
0.007
0.007
0.007
0.0117074
0.00938416
0.00938416
0.00625
0.007
0.0098995
0.007
0.007
0.007
0.00938416
0.0117074
0.0117074
0.00625
0.0117074
0.0098995
0.0098995
0
0.007
0
0.00938416
0.00625
0.00625
0.00938416
0.0117074
0.0156525
0.0156525
0.0098995
0.0117074
0.0117074
0.0117074
0.00625
0.00938416
0.00625
0.00938416
0.0117074
0.00938416
0.007
0.0098995
0
0.0117074
0.0117074
0.0117074
0.00938416
0.00938416
0.0117074
0.00625
0.00625
0.00938416
0.00625
0.00938416
0.00938416
0.0143265
0.00938416
0.0143265
0.00625
0.00938416
0.00938416
0.00938416
0.00938416
0.00625
0.00938416
0.00938416
0.00938416
0.00625
0.00625
0.00938416
0.00625
0.0153317
0.0168542
0.0369941
0.0643744
0.106705
0.160499
0.185619
0.194116
0.19462
0.195249
0.19323
0.193123
0.194368
0.195429
0.210155
0.224171
0.247441
0.276599
0.307288
0.333902
0.381542
0.41843
0.453557
0.512251
0.548591
0.60034
0.666373
0.739866
0.768993
0.83457
0.880533
0.932285
1.00491
1.05116
1.10532
1.17585
1.23087
1.28545
1.34414
1.38872
1.44006
1.51599
1.56499
1.62259
1.67279
1.75309
1.80879
1.875
1.95966
2.01299
2.08364
2.13683
2.18799
2.25664
2.30784
2.35585
2.42677
2.48262
2.53803
2.61363
2.67046
2.72411
2.75962
2.75962
2.7509
2.74219
2.73117
2.72007
2.70423
2.69473
2.69
2.6805
2.6718
2.65917
2.65917
2.6584
2.64582
2.63715
2.63159
2.62847
2.62531
2.61662
2.61662
2.61278
2.60659
2.6104
2.60101
2.59473
2.59473
2.58857
2.58607
2.5823
2.57364
2.57671
2.57741
2.57671
2.57434
2.57434
2.56569
2.56127
2.55331
2.55941
2.55501
2.55567
2.55567
2.55263
2.55263
2.5496
2.5496
2.5496
2.55501
2.55455
2.55455
2.56083
2.56016
2.55653
2.55653
2.55329
2.55391
2.55155
2.55455
2.54529
2.54466
2.54593
2.54529
2.54229
2.54229
2.53868
2.53931
2.53368
2.53368
2.53667
2.53732
2.53368
2.53604
2.53667
2.53008
2.53305
2.52149
2.52149
2.5182
2.51882
2.51882
2.51585
2.51585
2.51585
2.51585
2.51524
2.51524
2.5096
2.5096
2.50664
2.50664
2.509
2.50664
2.50664
2.5096
