0.000267408
0.000267408
0.000267408
0.000267408
0.000267408
0.000267408
0.000454962
0.000454962
0.000454962
0.000454962
0.000454962
0.000641819
0.000641819
0.000641819
0.00102339
0.00102339
0.00102339
0.00102339
0.00127258
0.00127258
0.00127258
0.00158101
0.00158101
0.00158101
0.00158101
0.00158101
0.00158101
0.00180386
0.00180386
0.00180386
0.00180386
0.00222581
0.00222581
0.00222581
0.00222581
0.00222581
0.00222581
0.00222581
0.00222581
0.00222581
0.00241772
0.00241772
0.00241772
0.00241772
0.00258548
0.00258548
0.00258548
0.00258548
0.0026568
0.0026568
0.0026568
0.0026568
0.0026568
0.0026568
0.0026568
0.00275974
0.00275974
0.00275974
0.00275974
0.00276141
0.00276141
0.00276141
0.00276138
0.00276138
0.00276138
0.00276138
0.00276138
0.00276138
0.00276138
0.00276138
0.00276138
0.00276138
0.00276138
0.00276138
0.00276221
0.00276221
0.00276221
0.00276221
0.00276221
0.00276221
0.00276221
0.00276221
0.00276221
0.00276221
0.00276221
0.00276221
0.00276221
0.00276221
0.00276221
0.00276221
0.00276221
0.00276221
0.00276221
0.00276221
0.00276221
0.00276221
0.00276221
0.00276221
0.00276221
0.00276221
0.00276221
0.00276221
0.00276221
0.00276221
0.00276221
0.00276221
0.00276221
0.00276221
0.00276221
0.00276221
0.00276221
0.00276221
0.00276221
0.00276221
0.00276221
0.00276221
0.00276221
0.00276221
0.00276221
0.00276221
0.00276221
0.00276221
0.00276221
0.00276221
0.00276221
0.00276221
0.00276221
0.00276221
0.00276221
0.00276221
0.00276221
0.00276221
0.00276221
0.00276221
0.00276221
0.00276221
0.00276221
0.00276221
0.00276221
0.00276221
0.00276221
0.00276221
0.00276221
0.00276221
0.00276221
0.00276221
