0.0098995
0.007
0.00625
0.0117074
0.00625
0.00938416
0.007
0
0.0098995
0.0098995
0.007
0
0
0.0098995
0.007
0.00625
0.0098995
0.007
0.007
0
0.007
0.007
0
0.007
0.0098995
0.00625
0.0098995
0
0.007
0.007
0.0098995
0.0156525
0
0
0.007
0.0098995
0.007
0.0098995
0.00938416
0.00938416
0.00938416
0.00938416
0.007
0
0.007
0.007
0.0098995
0
0.00625
0.0168542
0.00625
0.00938416
0.0156525
0.007
0.0098995
0.007
0
0.00625
0.00625
0.00625
0.00625
0.0117074
0
0
0
0.007
0.007
0.0117074
0.00938416
0.0117074
0.00938416
0.007
0.007
0.007
0.007
0.0098995
0.00625
0.00938416
0.00938416
0.00625
0.00938416
0.00625
0.007
0
0.00938416
0.00625
0.00938416
0.00938416
0.00625
0.00625
0.00625
0.0098995
0
0.00625
0.00938416
0.007
0.007
0.0098995
0.007
0.0117074
0.0153317
0.0098995
0.0156525
0
0.00938416
0.00625
0.00938416
0.00938416
0.00625
0.00625
0.00625
0.00625
0.00938416
0.00938416
0.00938416
0.00938416
0.00938416
0.00625
0.00938416
0.00625
0.0117074
0.00938416
0.00938416
0.007
0
0.0117074
0.0153317
0.0117074
0.0153317
0.00938416
0.0117074
0.00938416
0.00938416
0.00938416
0.00938416
0.0125
0.00625
0.0117074
0.0596327
0.0117074
0.00625
0.0117074
0.00625
0.00625
0.00625
0.00938416
0.0143265
0.00938416
0.0153317
0.0153317
0.0117074
0.0153317
0.0168542
0.00938416
0.00938416
0.0143265
0.0125
0.0125
0.0187683
0.00938416
0.00938416
0.00625
0.00938416
0.00938416
0.0168542
0.00938416
0.00938416
0.0159452
0.0143265
0.0125
0.0159452
0.0117074
0.00938416
0.0117074
0.0159452
0.0143265
0.0159452
0.0125
0.0143265
0.0168542
0.0143265
0.0117074
0.00938416
0.0125
0.0143265
0.0159452
0.0143265
0.0143265
0.0143265
0.0125
0.00625
0.00938416
0.00938416
0.0117074
0.0187683
0.0159452
0.0143265
0.0143265
0.0143265
0.0125
0.0117074
0.00938416
0.00938416
0.0159452
0.0143265
0.0125
0.0143265
0.0143265
0.0143265
0.0200312
0.0168542
0.00625
0.0187683
0.0143265
0.0200141
0.0143265
0.0200141
0.0143265
0.0159452
0.0159452
0.0143265
0.0159452
0.0143265
0.0143265
0.0143265
0.0200312
0.0159452
0.0125
0.0125
0.0117074
0.00625
0.0117074
0.0143265
0.0143265
0.0187683
0.0200312
0.0159452
0.0143265
0.00625
0.00625
0.00938416
0.0200312
0.0159452
0.0143265
0.0143265
0.0159452
0.0159452
0.00938416
0.0125
0.0143265
0.0159452
0.0200312
0.0143265
0.0125
0.0200312
0.0159452
0.0143265
0.0143265
0.0143265
0.0125
0.0143265
0.0212029
0.0200141
0.0200312
0.0143265
0.0143265
0.0159452
0.0143265
0.0143265
0.0125
0.0143265
0.01875
0.0159452
0.0200141
0.0212029
0.0187683
0.0143265
0.0143265
0.0143265
0.0143265
0.0200312
0.0200141
0.0212029
0.0200141
0.0143265
0.0143265
0.0143265
0.0212029
0.0200141
0.01875
0.01875
0.0234001
0.0290097
0.0200141
0.0143265
0.0200141
0.01875
0.0200141
0.01875
0.0234001
0.0212029
0.0234001
0.0290097
0.0200141
0.0212029
0.0159452
0.0200141
0.0234001
0.0268887
0.014
0.0844249
0.188631
0.361319
0.505429
0.658035
0.873008
1.05578
1.25286
1.50114
1.71284
1.92203
2.18743
2.39
2.59431
2.86437
3.07359
3.2839
3.55125
3.75744
4.00364
4.35437
4.62732
4.93556
5.20461
5.50187
5.82245
6.21049
6.60633
6.83486
7.18986
7.41356
7.67226
7.91909
8.161
8.32954
8.52104
8.66272
8.79271
8.96934
9.08749
9.15925
9.38709
9.51507
9.69333
9.81646
9.94472
10.0887
10.2679
10.4106
10.582
10.7124
10.8315
10.9012
10.932
10.9577
10.9834
10.9956
10.9853
10.9865
10.9865
10.9845
10.979
10.9592
10.9558
10.9608
10.9659
10.9682
10.9624
10.955
10.9554
10.9516
10.9484
10.9402
10.9372
10.9514
10.9595
10.9542
10.9532
10.9429
10.9406
10.9406
10.9399
10.9369
10.9397
10.9448
10.9463
10.9501
10.9471
10.939
10.9294
10.9235
10.9332
10.9338
10.9367
10.9352
10.9381
10.9338
10.9243
10.9213
10.9235
10.9227
10.9248
10.927
10.93
10.9293
10.9278
10.9278
10.927
10.9226
10.9218
10.9285
10.9241
10.9277
10.9263
10.9277
10.927
10.9277
10.9226
10.9233
10.9211
10.9211
10.9219
10.9278
10.9233
10.9152
10.916
10.916
10.9101
10.9108
10.913
10.913
10.9138
10.9219
10.9167
10.9167
10.9145
10.916
10.9189
10.9167
10.9174
10.9226
10.9197
10.9219
10.9234
10.9124
10.9204
10.9197
