0.00938416
0
0
0.007
0.007
0.007
0
0.0098995
0.007
0.007
0.007
0
0
0.0098995
0.0098995
0.0156525
0.014
0.007
0.007
0
0
0
0
0
0.007
0.014
0.007
0.007
0
0.007
0
0.007
0.007
0.0168542
0.014
0.014
0.007
0.0098995
0.007
0
0.007
0.007
0.0117074
0.0168542
0.007
0.0098995
0.007
0.007
0.0098995
0.007
0.0098995
0.00625
0.007
0.007
0.007
0.0153317
0.007
0.0098995
0.007
0.0098995
0.00625
0.00938416
0.007
0.00938416
0.0156525
0.0098995
0.0098995
0.0098995
0.014
0.0098995
0.0117074
0.00938416
0.0168542
0.0153317
0.007
0.007
0.007
0
0.007
0.0156525
0.007
0.0098995
0.007
0.0098995
0
0.0098995
0
0.007
0.00938416
0.007
0.0117074
0.007
0.014
0.0098995
0.0098995
0.0098995
0.0098995
0.0098995
0.0098995
0.007
0.0117074
0.0230014
0.0156525
0.0156525
0.007
0.007
0
0
0.0098995
0.0117074
0.0117074
0.00938416
0.014
0.007
0.007
0.007
0
0.00938416
0.00938416
0.0117074
0.0098995
0.0168542
0.014
0.007
0.007
0.0098995
0.0098995
0.0117074
0.0117074
0.007
0.00938416
0.014
0.0156525
0.007
0.0156525
0.007
0.0156525
0.0117074
0.00938416
0.007
0.007
0.0098995
0.0156525
0.0098995
0.007
0.00625
0.00625
0.007
0.00938416
0.0156525
0.021
0.0098995
0.007
0.0156525
0.0098995
0.0117074
0.0117074
0.0168542
0.0168542
0.0168542
0.0230014
0.014
0.007
0.0098995
0.0098995
0.007
0.0156525
0.0117074
0.00938416
0.0153317
0.007
0.00938416
0.007
0
0
0.0168542
0.0168542
0.019799
0.0168542
0.00938416
0.014
0.0098995
0.0117074
0.0156525
0.0156525
0.0153317
0.0098995
0.00938416
0.0117074
0.0153317
0.0153317
0.0156525
0.0098995
0.0156525
0.007
0.007
0.0117074
0.0117074
0.0153317
0.0168542
0.00938416
0.00938416
0.014
0.007
0.007
0.007
0.00938416
0.0117074
0.0117074
0.0168542
0.014
0.007
0.0153317
0.014
0.007
0.00938416
0.0098995
0.0168542
0.0168542
0.00938416
0.0117074
0.0153317
0.007
0.0098995
0.00938416
0.00938416
0.00938416
0.0168542
0.0168542
0.0168542
0.0168542
0.007
0.014
0.00938416
0
0.0117074
0.00938416
0.0117074
0.0117074
0.00938416
0.0153317
0.0098995
0.00625
0.00938416
0.0117074
0.00938416
0.0117074
0.0117074
0.0117074
0.00938416
0.00938416
0.0797261
0.215093
0.38775
0.63154
0.806295
0.993937
1.23669
1.41321
1.45498
1.40432
1.35888
1.31092
1.25937
1.22638
1.18458
1.15278
1.13954
1.12491
1.11057
1.10508
1.10024
1.09573
1.10508
1.11785
1.1223
1.1219
1.10773
1.09039
1.07606
1.06636
1.07016
1.07473
1.08362
1.08881
1.09814
1.09337
1.08863
1.07932
1.06039
1.0465
1.04632
1.0518
1.07094
1.07094
1.0704
1.0611
1.0518
1.0425
1.03275
1.02806
1.0327
1.02856
1.02396
1.0241
1.03338
1.03811
1.03338
1.01938
1.01467
1.01482
1.04795
1.0814
1.1239
1.18053
1.21335
1.25576
1.30928
1.34908
1.38925
1.44247
1.46724
1.53501
1.58327
1.65894
1.71127
1.77271
1.82489
1.86807
1.92028
1.99397
2.05882
2.14788
2.20501
2.2815
2.38243
2.46127
2.54798
2.61877
2.67277
2.72569
2.79523
2.8386
2.89269
2.94981
2.98783
3.01639
3.05387
3.07761
3.10797
3.15082
3.18293
3.21202
3.25951
3.28987
3.31843
3.35946
3.38749
3.41962
3.46783
3.49743
3.53136
3.56758
3.57115
3.58866
3.59797
3.59849
3.60694
3.61644
3.62331
3.63024
3.63397
3.63974
3.64347
3.64347
3.64521
3.64572
3.65473
3.66608
3.6585
3.66178
3.66229
3.66608
3.67461
3.67369
3.6727
3.67412
3.67081
3.67511
3.67841
3.68084
3.68556
3.68556
3.67652
3.67652
3.68556
3.68988
3.68988
3.6894
3.69414
3.69845
3.69845
3.69845
3.69324
3.69324
3.69373
3.70144
3.7105
3.70663
3.70713
3.70663
3.70615
3.70229
3.70229
3.70182
3.7105
3.71099
3.71437
3.71486
3.71569
3.70615
3.70568
3.70955
3.70568
3.71521
3.71569
3.71569
3.71956
3.71908
3.71908
3.72295
3.7173
3.71861
3.72295
3.71908
3.72732
3.72343
3.73202
3.72295
3.72684
3.72684
3.72684
3.72684
3.72732
3.72684
3.72684
3.73591
3.73591
3.73545
3.72249
3.72592
3.72295
3.72814
3.72684
3.73639
3.73545
3.73591
