0.007
0.0098995
0.0098995
0.007
0.007
0.0098995
0.007
0.007
0.0098995
0.007
0
0.0098995
0.007
0.00625
0
0.007
0.007
0
0.007
0.007
0.007
0
0.00625
0.007
0
0.007
0.007
0
0.007
0.0098995
0.007
0.00625
0.00625
0.00625
0.007
0
0.007
0.007
0.007
0
0
0.007
0.00938416
0.00625
0.007
0.0098995
0.014
0.0098995
0.007
0.007
0.007
0
0.00625
0
0.007
0
0.0098995
0.007
0
0.00625
0.007
0.00625
0.007
0
0
0.007
0
0.0098995
0.0098995
0.0098995
0.007
0
0
0.007
0
0
0.007
0
0
0
0.00625
0.00625
0.00625
0
0
0
0.007
0
0.007
0.007
0.00938416
0.00625
0
0.007
0.007
0
0.0098995
0
0.007
0.0098995
0.00625
0.00938416
0.0117074
0.007
0.007
0
0
0.007
0.00938416
0.00625
0.00625
0.00938416
0.00938416
0.007
0.007
0.007
0.007
0
0.00938416
0.00625
0.00938416
0.00938416
0
0.007
0
0.007
0.007
0.007
0.0117074
0.0117074
0.00625
0.00938416
0.007
0.0098995
0.007
0
0
0.00938416
0.00938416
0.00625
0.00625
0.00938416
0
0.0098995
0.007
0.007
0.00625
0.00625
0.00938416
0.00938416
0.00625
0.0153317
0.007
0.007
0.007
0
0.00625
0.00625
0.00938416
0.00938416
0.0117074
0
0.007
0
0
0.007
0.00625
0.00625
0.00938416
0.00625
0.00625
0.007
0
0.007
0.007
0.00938416
0.00938416
0.00625
0.00938416
0.00938416
0
0.007
0
0.007
0.0098995
0.00938416
0.00938416
0.00625
0.00938416
0.00938416
0
0.007
0.007
0.007
0.00625
0.00938416
0.00938416
0.00938416
0.0117074
0.00938416
0
0.007
0
0.00625
0.00625
0.00938416
0.00625
0.00625
0.0153317
0.00938416
0
0.00938416
0.00938416
0.00625
0.00938416
0.00625
0.00938416
0.00938416
0.00938416
0.007
0
0
0.00625
0.00625
0.00938416
0.00625
0.00938416
0.00625
0.00938416
0.007
0.00938416
0.00938416
0.00625
0.00938416
0.0117074
0.00625
0.00625
0.00625
0.00625
0.00625
0.00625
0.00938416
0.00625
0.00625
0.00625
0.00938416
0.00938416
0.0117074
0.00938416
0.00938416
0.00625
0.00625
0.00625
0.00625
0.0143265
0.0143265
0.0159452
0.00938416
0.0430116
0.103226
0.214644
0.327023
0.457765
0.60214
0.798163
0.86803
0.881652
0.872366
0.867889
0.858951
0.858922
0.854094
0.858529
0.863446
0.873712
0.875252
0.871841
0.865915
0.846869
0.822536
0.822506
0.827572
0.828466
0.842664
0.843535
0.848446
0.848446
0.848591
0.838496
0.820144
0.801812
0.801659
0.802838
0.813088
0.822209
0.817085
0.815891
0.802838
0.789712
0.785762
0.772777
0.768931
0.767578
0.767419
0.776667
0.777991
0.79094
0.786903
0.7806
0.767578
0.772777
0.788682
0.825566
0.87075
0.915876
0.971927
1.01924
1.06985
1.11127
1.14792
1.18699
1.24967
1.28667
1.35819
1.44403
1.49829
1.564
1.63006
1.69014
1.74721
1.83296
1.90991
1.9917
2.10579
2.18982
2.31165
2.40846
2.52103
2.57636
2.6747
2.71417
2.80058
2.87626
2.9424
3.00517
3.0782
3.11573
3.15326
3.18737
3.22007
3.25624
3.30469
3.3456
3.38653
3.44383
3.48
3.51413
3.55374
3.59128
3.63088
3.68268
3.7168
3.74887
3.76998
3.79262
3.79954
3.79954
3.80307
3.80655
3.82052
3.83477
3.83834
3.84553
3.84547
3.84903
3.85081
3.85446
3.8671
3.87599
3.87594
3.87594
3.87233
3.87961
3.88319
3.89053
3.88893
3.88527
3.88155
3.88695
3.88324
3.8906
3.89426
3.88901
3.88901
3.88893
3.8926
3.89792
3.898
3.90168
3.90528
3.91798
3.91798
3.91268
3.90891
3.91059
3.91436
3.92337
3.93078
3.93078
3.93442
3.92921
3.92548
3.92177
3.92177
3.92707
3.93459
3.93459
3.93078
3.93078
3.9307
3.92169
3.92558
3.92558
3.93459
3.93823
3.93823
3.93459
3.93832
3.93823
3.93832
3.93823
3.93442
3.93823
3.94725
3.95108
3.95483
3.95099
3.95494
3.95108
3.94571
3.95091
3.95474
3.95636
3.96011
3.95263
3.95636
3.95099
3.95483
3.94956
3.94956
3.95474
3.95474
3.95119
3.95859
3.95859
3.95474
3.95474
