0.00050235
0.00050235
0.00050235
0.00050235
0.00100545
0.00100545
0.00100545
0.00100545
0.00129887
0.00129887
0.00129887
0.00129887
0.00156111
0.00175568
0.00175568
0.00175568
0.00175568
0.00175568
0.00175568
0.00175568
0.00196234
0.00196234
0.00196234
0.00222869
0.00243131
0.00243131
0.00243131
0.00243131
0.00243131
0.00243131
0.00264286
0.00264286
0.00264286
0.00264286
0.00312658
0.00312658
0.00312658
0.00312658
0.00333394
0.00333394
0.00333394
0.00333394
0.00333394
0.00362045
0.00362045
0.00362045
0.00362045
0.00402679
0.00402679
0.00402679
0.00402679
0.00402679
0.00402679
0.00402679
0.00402679
0.00402679
0.0044991
0.0044991
0.0044991
0.0044991
0.00469616
0.00469616
0.00469616
0.00469616
0.00515227
0.00515227
0.00515227
0.00515227
0.00536687
0.00536687
0.00536687
0.00536687
0.00536687
0.00572389
0.00572389
0.00572389
0.00572389
0.00610783
0.00610783
0.00610783
0.00610783
0.00612075
0.00612075
0.00613203
0.00613203
0.00613203
0.00613203
0.00613429
0.00613429
0.00613429
0.00613429
0.00613429
0.00613655
0.00613655
0.00613655
0.00613655
0.00613655
0.00613655
0.00613655
0.00613655
0.00613962
0.00613962
0.00613962
0.00613962
0.00614269
0.00614269
0.00614269
0.00614269
0.00614269
0.00614269
0.00614269
0.00614269
0.00614269
0.00614269
0.00614269
0.00614269
0.00614269
0.00614495
0.00614495
0.00614495
0.00614495
0.00614495
0.00614495
0.00614495
0.00614495
0.00614495
0.00614495
0.00614495
0.00614495
0.00614495
0.00614495
0.00614495
0.0061472
0.0061472
0.0061472
0.0061472
0.0061472
0.0061472
0.0061472
0.0061472
0.0061472
0.0061472
0.0061472
0.0061472
0.0061472
0.0061472
0.0061472
0.0061472
0.0061472
0.0061472
0.0061472
0.0061472
0.0061472
0.0061472
0.0061472
0.0061472
0.0061472
0.0061472
0.0061472
0.0061472
0.0061472
0.0061472
0.0061472
0.0061472
0.0061472
0.0061472
