0
0.0098995
0.0156525
0.0117074
0.007
0.00938416
0.007
0.007
0.0098995
0
0.007
0.007
0.00938416
0.00938416
0.0117074
0
0.007
0
0.007
0.007
0.007
0.007
0.007
0.00938416
0.00625
0
0.0098995
0.007
0.007
0.007
0
0
0.007
0.00938416
0.0098995
0.0098995
0
0.007
0.0156525
0.0098995
0.007
0.0098995
0.0098995
0
0.00938416
0
0.007
0.007
0
0.007
0.0156525
0.007
0.0117074
0.00938416
0.007
0
0.007
0
0
0.007
0.007
0.00625
0
0
0
0.007
0
0.007
0.007
0.0153317
0.0098995
0.007
0
0.007
0
0.007
0
0.007
0.007
0.007
0.007
0
0.00625
0.007
0
0
0
0.0156525
0.007
0.007
0.007
0.0117074
0
0
0.007
0.007
0.0156525
0.0156525
0.0156525
0.007
0.007
0
0
0.007
0.0098995
0.0098995
0.0098995
0
0.0098995
0.007
0.007
0
0.007
0
0.0098995
0.0098995
0.00938416
0.007
0.007
0.00938416
0.00938416
0
0
0
0.007
0
0.0098995
0.0098995
0.0098995
0.007
0.0098995
0.007
0.007
0.007
0.00938416
0.007
0.014
0.0156525
0.007
0.007
0.0098995
0
0.00625
0.00938416
0.007
0.007
0.007
0.0098995
0
0.00938416
0.007
0.007
0.007
0.0117074
0.007
0.007
0.007
0.007
0.007
0
0.007
0
0.00625
0.007
0.0156525
0
0
0
0.007
0.00625
0.007
0
0.007
0.014
0.0156525
0.019799
0.0098995
0.0098995
0.007
0.007
0.0117074
0
0.007
0.0156525
0.0098995
0.007
0.0098995
0
0.007
0.00938416
0.00938416
0.0156525
0.0098995
0.0156525
0.0098995
0
0.007
0
0.007
0.00938416
0.0117074
0.0153317
0.00938416
0.0098995
0.00938416
0
0.0098995
0
0.00625
0.00625
0.0098995
0.0156525
0.0156525
0.0098995
0.0168542
0.0098995
0
0
0.007
0.00938416
0.0117074
0.0117074
0.007
0
0.0098995
0.0098995
0.007
0.00938416
0.0117074
0.0153317
0.0153317
0.007
0.00625
0.0098995
0.00938416
0.0098995
0.00625
0.00625
0.00938416
0.00938416
0.0168542
0.0156525
0.00625
0.00625
0
0.007
0.00938416
0.0117074
0.00938416
0.00938416
0.0156525
0.007
0
0
0
0
0.00938416
0.0153317
0.0117074
0.014
0.014
0.0156525
0.014
0.007
0.007
0.00625
0.00625
0.00625
0.00938416
0.0168542
0.00625
0.007
0.0117074
0.00938416
0.00938416
0.00938416
0.00938416
0.00938416
0.0117074
0.0117074
0.00625
0.007
0.080564
0.173148
0.271972
0.411335
0.518726
0.63067
0.771223
0.863991
0.895766
0.890467
0.863224
0.850702
0.839273
0.84567
0.863273
0.88945
0.942379
0.988632
1.02253
1.04151
1.05611
1.05544
1.04055
1.01229
0.989175
0.961298
0.943239
0.934619
0.929737
0.938314
0.942769
0.965445
0.984007
1.00804
1.01005
1.0074
0.994424
0.981148
0.957393
0.928779
0.899113
0.877322
0.863043
0.856289
0.863977
0.878342
0.89692
0.918653
0.938381
0.962304
0.977318
0.984304
0.975785
0.965943
0.950752
0.939015
0.939094
0.944631
0.961704
0.970499
0.997041
1.0166
1.03
1.04031
1.04667
1.04292
1.04464
1.04138
1.03869
1.0446
1.05726
1.07067
1.09702
1.11934
1.13885
1.16272
1.17559
1.18147
1.18316
1.1841
1.18812
1.18848
1.20294
1.21613
1.23787
1.27168
1.29895
1.30753
1.33292
1.34451
1.3533
1.35929
1.36549
1.37751
1.40091
1.42034
1.4501
1.47112
1.49194
1.52171
1.54283
1.56401
1.59294
1.61892
1.64268
1.6809
1.7035
1.73009
1.75463
1.78593
1.80022
1.80612
1.79958
1.80285
1.78932
1.79064
1.78749
1.78565
1.78889
1.79806
1.80769
1.81884
1.83008
1.83208
1.83157
1.81838
1.8054
1.8003
1.8003
1.80356
1.8059
1.8171
1.82838
1.83422
1.83849
1.83696
1.83111
1.8195
1.81147
1.80964
1.80628
1.81332
1.82612
1.83159
1.84101
1.83742
1.83906
1.84324
1.83357
1.82612
1.82075
1.82214
1.82214
1.82214
1.83148
1.83522
1.83906
1.84072
1.84241
1.83879
1.83688
1.83333
1.835
1.83148
1.83148
1.835
1.83858
1.84048
1.85017
1.84849
1.84849
1.84993
1.8422
1.8367
1.84016
1.83831
1.83831
1.83842
1.83842
1.84611
1.84975
1.85167
1.85922
1.85521
1.84961
1.84381
1.84008
1.84016
1.83842
1.84801
1.84975
1.85922
1.85731
1.86089
1.85329
1.85151
1.84598
1.83831
1.83842
1.84193
