0.0098995
0.0168542
0.0156525
0.0168542
0.0117074
0.0153317
0.00938416
0.0098995
0.007
0.0098995
0.019799
0.0156525
0.0098995
0.0153317
0.0117074
0.0153317
0.007
0.0156525
0.007
0.014
0.014
0.014
0.007
0.0156525
0.014
0.019799
0.019799
0.007
0.014
0.0221359
0.0156525
0.021
0.0098995
0.007
0.007
0.0098995
0.014
0.028
0.0219103
0.0221359
0.014
0.028
0.0221359
0.0156525
0.021
0.014
0.014
0.0156525
0.019799
0.0230014
0.0219103
0.0168542
0.0219103
0.0221359
0.0156525
0.014
0.0221359
0.007
0.00938416
0.007
0.0153317
0.0156525
0.014
0.021
0.014
0.014
0.021
0.0230014
0.0230014
0.0168542
0.0219103
0.0153317
0.0156525
0.0221359
0.0098995
0.007
0.0156525
0.0168542
0.0168542
0.0219103
0.0230014
0.0156525
0.0252389
0.0156525
0.007
0.021
0.0156525
0.0156525
0.0168542
0.0117074
0.0168542
0.0221359
0.019799
0.0221359
0.014
0.0156525
0.014
0.0168542
0.0153317
0.0244387
0.0219103
0.0153317
0.0156525
0.0156525
0.014
0.014
0.0230014
0.0230014
0.0219103
0.0153317
0.0153317
0.0117074
0.0156525
0.0156525
0.014
0.0156525
0.0156525
0.0168542
0.0117074
0.0168542
0.0219103
0.021
0.0168542
0.0156525
0.0153317
0.0168542
0.0153317
0.0153317
0.0153317
0.0153317
0.0168542
0.0187683
0.0153317
0.014
0.014
0.0168542
0.0117074
0.0168542
0.0168542
0.0168542
0.0286891
0.0219103
0.0168542
0.0156525
0.0168542
0.00938416
0.00938416
0.0230014
0.0168542
0.0244387
0.0244387
0.0219103
0.0219103
0.0219103
0.0295307
0.0230014
0.0219103
0.0153317
0.0117074
0.0153317
0.00938416
0.00938416
0.0168542
0.014
0.0153317
0.0168542
0.0168542
0.0286891
0.0219103
0.0153317
0.0219103
0.0230014
0.00938416
0.0153317
0.0168542
0.0187683
0.0219103
0.0244387
0.0306635
0.0200312
0.0230014
0.0219103
0.0153317
0.0117074
0.0153317
0.00938416
0.0153317
0.00625
0.0153317
0.0153317
0.0295307
0.0230014
0.0153317
0.0168542
0.0219103
0.0219103
0.0244387
0.0281647
0.0200312
0.0168542
0.0244387
0.0254214
0.0219103
0.0286891
0.0168542
0.0244387
0.0254214
0.0254214
0.0187683
0.0219103
0.0286891
0.0219103
0.0219103
0.0230014
0.0187683
0.0153317
0.0187683
0.0187683
0.0244387
0.0254214
0.0306635
0.0286891
0.0230014
0.0168542
0.0168542
0.0295307
0.0306635
0.0244387
0.0187683
0.0153317
0.0295307
0.0295307
0.0153317
0.0153317
0.0281647
0.0281647
0.0254214
0.0254214
0.0244387
0.0230014
0.0230014
0.0168542
0.0230014
0.0219103
0.0219103
0.0153317
0.0219103
0.0244387
0.0244387
0.0314523
0.0230014
0.0286891
0.0295307
0.0168542
0.0153317
0.0168542
0.0187683
0.0159452
0.0187683
0.0153317
0.0168542
0.0168542
0.0153317
0.0143265
0.00625
0.0187683
0.0187683
0.0254214
0.0244387
0.0230014
0.0219103
0.00938416
0.0168542
0.0187683
0.0187683
0.0244387
0.0254214
0.0143265
0.0254214
0.0200312
0.0254214
0.0153317
0.0254214
0.0306635
0.0314523
0.0187683
0.0314523
0.0314523
0.0306635
0.0306635
0.0230014
0.0244387
0.0244387
0.0187683
0.0143265
0.0254214
0.0187683
0.0306635
0.0306635
0.0254214
0.0200312
0.0187683
0.0254214
0.0244387
0.0200312
0.0244387
0.0244387
0.0244387
0.0244387
0.0153317
0.0187683
0.0187683
0.0219103
0.0268887
0.0821477
0.152624
0.250483
0.33045
0.409694
0.531273
0.599027
0.643152
0.696585
0.764542
0.846017
0.954818
1.0224
1.07468
1.14799
1.21135
1.27657
1.3809
1.45363
1.52734
1.60495
1.66697
1.73608
1.82094
1.87832
1.94184
2.02399
2.08724
2.15584
2.22576
2.31914
2.38767
2.47528
2.5416
2.60803
2.70228
2.77059
2.8433
2.93867
3.00394
3.07581
3.15552
3.25895
3.34201
3.44377
3.52022
3.59229
3.70352
3.79127
3.87008
3.94788
4.06264
4.15554
4.26406
4.35617
4.44857
4.5391
4.66994
4.7669
4.88849
4.9794
5.08693
5.1959
5.33517
5.42704
5.56952
5.6824
5.80006
5.96906
6.11678
6.2601
6.4534
6.60616
6.77105
6.92145
7.10717
7.18591
7.2318
7.23917
7.2782
7.31237
7.33334
7.33331
7.33185
7.32574
7.33744
7.34019
7.34124
7.33074
7.32335
7.3247
7.33713
7.33864
7.34236
7.33998
7.3489
7.33706
7.33906
7.33678
7.35013
7.34265
7.32737
7.32205
7.32285
7.32163
7.3436
7.34548
7.34846
7.33807
7.32867
7.32235
7.32684
7.32304
7.3259
7.32431
7.32381
7.32053
7.32806
7.32901
7.31896
7.31529
7.31566
7.31607
7.32085
7.32204
7.31204
7.31571
7.3079
7.31013
7.31082
7.30813
7.30973
7.31702
7.32068
7.31268
7.31745
7.30718
7.28966
7.29674
7.29831
7.30263
7.31242
7.3154
7.3091
7.30547
7.29884
7.29853
7.29556
7.29762
7.29467
7.29813
7.29901
7.29992
7.29928
7.29928
7.29363
7.29521
7.29064
7.29333
7.29036
7.29605
7.29399
7.28625
7.29473
7.29567
7.29206
7.29206
7.28798
