0.007
0.007
0.0098995
0.00938416
0.00938416
0.0098995
0.007
0.0098995
0.007
0.007
0.0098995
0.00938416
0.00938416
0.00938416
0.00625
0.007
0.007
0.007
0.0098995
0.0098995
0.007
0
0.00938416
0.00625
0.00625
0.00938416
0.00938416
0.007
0.007
0.007
0.0098995
0.00938416
0.007
0.00938416
0.0117074
0.00938416
0.0117074
0.007
0
0.007
0.0098995
0.0153317
0.00938416
0.00938416
0.0117074
0.00938416
0.00938416
0.00938416
0.007
0.007
0.00938416
0.00625
0.00625
0.00938416
0.00938416
0.0117074
0.00938416
0.007
0.007
0.00938416
0.00938416
0.00625
0.00938416
0.00938416
0.00938416
0.00938416
0
0.007
0
0.007
0.0153317
0.00938416
0.00625
0.00938416
0.00625
0.00625
0.00938416
0.007
0
0
0
0.00938416
0.00938416
0.00938416
0.00938416
0.0153317
0.00625
0
0.007
0.0117074
0.00938416
0.00938416
0.00625
0.00938416
0.00938416
0.00938416
0
0.007
0
0.00938416
0.00625
0.00938416
0.00625
0.00938416
0.00938416
0.00938416
0
0
0
0.0117074
0.00625
0.00938416
0.00625
0.0117074
0.0168542
0.0117074
0.007
0.007
0.007
0.0117074
0.00625
0.00625
0.00625
0.00938416
0.00625
0
0.0098995
0
0.007
0.00938416
0.00625
0.00938416
0.00938416
0.00938416
0.0117074
0.0098995
0.0098995
0
0.00625
0.00625
0.00625
0.00938416
0.00938416
0.00625
0.00938416
0.007
0.00625
0.00938416
0.00625
0.00625
0.00938416
0.00938416
0.00625
0.00938416
0.00938416
0.007
0.0117074
0.00938416
0.00625
0.00625
0.0125
0.0125
0.00938416
0.00938416
0.0117074
0.0098995
0.007
0.00938416
0.00625
0.00938416
0.00938416
0.00625
0.00938416
0.00938416
0.00938416
0.00938416
0.00625
0.00938416
0.00938416
0.00938416
0.00938416
0.0125
0.00938416
0.00938416
0.00938416
0.00938416
0.007
0.00625
0.00625
0.0117074
0.00938416
0.00938416
0.00938416
0.00938416
0.00938416
0.00625
0.00938416
0.00938416
0.00938416
0.00625
0.0153317
0.00625
0.0125
0.00938416
0.0117074
0.00938416
0.00625
0.00938416
0.00625
0.00625
0.00938416
0.0143265
0.0117074
0.0168542
0.0168542
0.00625
0.00938416
0.00938416
0.00938416
0.0117074
0.00625
0.00938416
0.00625
0.00625
0.00625
0.00625
0.00625
0.0117074
0.00625
0.0125
0.0143265
0.0143265
0.0143265
0.00625
0.00625
0.007
0.00938416
0.00625
0.00938416
0.0143265
0.00938416
0.00625
0.00938416
0.00625
0.00938416
0.00938416
0.00938416
0.00625
0.0143265
0.00625
0.00625
0.0117074
0.00938416
0.00625
0.0117074
0.007
0.00625
0.00938416
0.00625
0.00938416
0.00938416
0.0117074
0.00625
0.00938416
0.007
0.00625
0.00625
0.00938416
0.00625
0.00625
0.0125
0.0143265
0.00938416
0.00938416
0.00938416
0.00938416
0.0168542
0.0117074
0.0117074
0.0125
0.0125
0.0125
0.00938416
0.00625
0.00625
0.00625
0.0117074
0.00625
0.00938416
0.0125
0.0125
0.0125
0.00938416
0.0117074
0.00625
0.00625
0.00938416
0.0143265
0.0143265
0.0125
0.0125
0.0159452
0.0143265
0.00625
0.00625
0.0125
0.0143265
0.0125
0.0143265
0.0125
0.0125
0.0143265
0.00938416
0.00625
0.00625
0.044233
0.105987
0.197141
0.307223
0.39608
0.466764
0.555678
0.607262
0.619531
0.602897
0.602446
0.610831
0.650649
0.7
0.753808
0.819928
0.862154
0.88496
0.888343
0.868145
0.853043
0.809967
0.784096
0.771403
0.783147
0.808133
0.844235
0.909751
0.940348
0.969812
0.986691
0.983263
0.976462
0.95684
0.942975
0.932262
0.9386
0.96521
0.995656
1.046
1.08427
1.11737
1.14725
1.16274
1.17206
1.16611
1.16713
1.15657
1.15923
1.17917
1.2007
1.24355
1.28058
1.32747
1.35906
1.37683
1.38976
1.40224
1.40413
1.41296
1.41896
1.43883
1.47166
1.52002
1.56111
1.60156
1.62609
1.66855
1.70235
1.72886
1.76002
1.78649
1.82419
1.8641
1.90143
1.96165
1.99714
2.02182
2.02097
2.01728
2.00018
1.97587
1.95519
1.95343
1.95259
1.96112
1.97877
2.0078
2.02502
2.03654
2.034
2.02815
2.00738
1.98386
1.97084
1.96692
1.96986
1.9808
2.00211
2.01444
2.03154
2.03068
2.02861
2.02032
2.0065
1.99336
1.98316
1.98203
1.98514
1.99508
2.00416
2.02481
2.034
2.03318
2.03112
2.02732
2.01607
1.99188
1.98746
1.98039
1.98629
1.99739
2.01155
2.02399
2.03655
2.03447
2.02655
2.01607
2.0069
1.99655
1.99455
1.99577
1.99956
2.00873
2.02131
2.02787
2.02787
2.02655
2.02526
2.01531
2.00816
1.99901
1.99577
1.99901
2.00743
2.01075
2.01864
2.02201
2.03127
2.02787
2.01864
2.01661
2.01075
2.00944
2.00286
2.00155
2.00873
2.01794
2.02268
2.03196
2.03057
2.02717
2.02515
2.01461
2.00675
2.00087
2.00087
