0.936299 0.935614 0.630601 0.918136 0.861522 0.502222 0.409851 0.971163 0.958774 0.875556 0.88055 0.582452 0.780127 0.703742 0.761039 0.939746 
0.954499 0.927565 0.926776 0.932806 0.370553 0.573123 0.319703 0.813023 0.559289 0.964444 0.464427 0.81917 0.552372 0.880435 0.500988 0.68369 
0.638018 0.586172 0.891784 0.885772 0.482966 0.511022 0.567134 0.447896 0.901804 0.964444 0.854709 0.877756 0.830661 0.922037 0.819048 0.40481 
0.746208 0.842052 0.869945 0.869668 0.612642 0.613333 0.795024 0.813981 0.78436 0.974222 0.524272 0.822275 0.754739 0.491706 0.534199 0.775124 
0.439838 0.88033 0.438251 0.568088 0.544704 0.32 0.361524 0.566512 0.49596 0.387556 0.464941 0.558459 0.878955 0.528067 0.349784 0.778542 
0.923657 0.71831 0.68049 0.264484 0.93214 0.885957 0.866171 0.590952 0.569274 0.769778 0.867106 0.832234 0.689915 0.873704 0.89697 0.984349 
0.447594 0.444158 0.498282 0.482818 0.848797 0.461111 0.62543 0.900465 0.651203 0.651556 0.816151 0.480241 0.608247 0.913721 0.882302 0.981878 
0.974722 0.924565 0.522244 0.559961 0.389749 0.913333 0.874535 0.928372 0.94971 0.591876 0.845261 0.719536 0.368472 0.395551 0.437137 0.970346 
0.561735 0.291435 0.451366 0.615128 0.785317 0.868889 0.901487 0.930233 0.930303 0.750222 0.458468 0.898776 0.705228 0.437152 0.570563 0.873147 
0.956436 0.858416 1 0.918812 0.465347 0.707921 0.657426 0.836279 0.591089 0.948444 0.881188 0.652475 0.846535 0.883168 0.907921 0.574959 
0.580384 0.515723 0.508386 1 0.551363 1 0.72119 0.771163 0.997904 0.996444 1 0.51153 1 0.994802 0.953247 0.604822 
0.857143 0.532193 1 0.777778 0.964853 0.873016 0.413569 0.743256 0.699546 0.684444 0.997842 0.93424 0.820862 1 0.960173 0.939044 
0.92821 0.498994 0.996721 0.75063 0.802269 0.472222 0.546468 0.631628 0.964646 0.655111 0.815534 0.950549 1 0.994802 0.781818 0.597199 
0.615135 0.998994 1 1 0.539459 0.614444 0.606877 0.696744 0.926486 0.998222 1 0.890811 0.909189 1 0.970563 0.866557 
0.900751 0.919933 0.920767 0.919099 0.453711 0.783153 0.4804 0.486239 0.52377 0.900751 0.921601 0.859049 0.578816 0.928274 0.969975 0.988468 
0.91129 0.935484 0.637158 0.858423 0.471326 0.952222 0.946097 0.893954 0.927419 0.844444 0.880824 0.862007 0.636201 0.894265 0.963262 0.953871 
