8.09121e-05 0.000100479 0.00107281 0.000138287 0.00021363 0.00309434 0.00204131 8.29212e-05 7.53735e-05 0.000159677 0.000187996 0.00132063 0.000373781 0.000493871 0.000387055 0.000115634 
7.05618e-05 9.00952e-05 9.56505e-05 0.000121888 0.00393539 0.000952424 0.00471705 0.000317519 0.00225903 8.03393e-05 0.00334649 0.000258218 0.00130972 0.000168681 0.00283083 0.000604562 
0.00103198 0.00173474 0.000125022 0.000156863 0.00237217 0.00262921 0.000812195 0.00104712 0.000149643 7.82065e-05 0.000180058 0.00021582 0.000203404 0.00010521 0.000278451 0.00442162 
0.000336763 0.000197498 0.000150584 0.000156966 0.0019344 0.000434658 0.00035785 0.000245118 0.000254023 8.26719e-05 0.00248515 0.000250615 0.000324897 0.00315711 0.0025184 0.000364376 
0.00361384 0.000156853 0.00330027 0.00213103 0.00238352 0.00561818 0.00300624 0.000879481 0.00283228 0.00466551 0.00326496 0.00110993 0.000131187 0.00105152 0.0019725 0.000404377 
0.000117829 0.000417368 0.000685592 0.0073595 0.000145926 0.000120342 0.000159163 0.00164673 0.00180508 0.000386545 0.000179562 0.000200011 0.000417899 0.000150686 0.000146087 5.93336e-05 
0.00304187 0.00357415 0.00109394 0.00323832 0.000287823 0.00122808 0.00140221 0.000140579 0.00101321 0.000806582 0.000278173 0.00240402 0.000693854 0.000120397 0.000124473 8.03436e-05 
7.01945e-05 0.000124413 0.00102444 0.00239787 0.00399177 0.000115805 0.000163153 9.23049e-05 8.68152e-05 0.00224856 0.000279657 0.000518751 0.00372891 0.00430882 0.00333903 7.13746e-05 
0.00288273 0.00665887 0.00316945 0.00178136 0.00035751 0.000176782 0.000148297 9.94797e-05 9.22599e-05 0.000426405 0.00340186 0.000146994 0.000662696 0.00294551 0.00101799 0.000172063 
8.88126e-05 0.000227129 4.9894e-05 0.000127141 0.00286236 0.000602269 0.000587061 0.000247517 0.00180316 6.68713e-05 0.000156075 0.000622682 0.000268973 0.000159029 0.000131693 0.00106285 
0.000774482 0.00296431 0.00096281 6.05541e-05 0.00230387 8.0845e-05 0.000371866 0.000413693 8.08794e-05 4.5628e-05 5.95409e-06 0.00288404 5.36259e-05 4.86012e-05 6.39153e-05 0.00125924 
0.000195337 0.000955416 5.67554e-05 0.000375538 9.29353e-05 0.000181287 0.00214873 0.000490112 0.000663938 0.000431087 2.51782e-05 8.62375e-05 0.000267269 2.41127e-05 7.25277e-05 9.23752e-05 
0.000105354 0.00128978 6.22155e-05 0.000374147 0.000261693 0.00356076 0.000831745 0.000717984 8.20255e-05 0.000668306 0.000250068 7.00985e-05 4.78069e-06 5.33323e-05 0.000359125 0.000887456 
0.00162599 4.38788e-05 2.98652e-05 3.43041e-05 0.00231334 0.000600888 0.00179796 0.000461714 9.78008e-05 3.58047e-05 1.93314e-05 0.000156095 0.000109463 8.8758e-06 4.84897e-05 0.000166649 
0.000248999 0.000179112 0.000157462 0.000171011 0.00320884 0.000336426 0.00147496 0.00142044 0.00131603 0.000221038 0.000131024 0.000191906 0.000944914 9.70211e-05 3.77589e-05 3.61068e-05 
0.000121128 0.000104081 0.00107722 0.000251792 0.00259137 8.0631e-05 9.41504e-05 0.000150241 0.000119846 0.00022186 0.000190196 0.000197253 0.00108809 0.00014361 5.50796e-05 6.04311e-05 
