0.957717 0.963002 0.968288 0.94926 1 0.976744 0.975687 0.955603 0.977778 0.98203 0.966559 0.961538 1 0.993658 0.810782 0.934926 
0.982213 0.953557 0.962451 1 0.917342 0.876667 0.942688 0.948617 0.952525 1 0.510248 0.940934 0.921016 0.941788 0.88658 0.990119 
0.918838 0.679074 0.888525 0.913098 0.641815 0.851111 0.742565 0.746977 0.946465 1 0.944984 0.93544 1 0.998998 0.855711 0.660626 
0.88981 0.866114 0.888626 0.913098 0.881517 0.7891 0.841078 0.948837 0.853535 1 0.861374 0.918956 0.833568 1 0.848341 0.867299 
0.845942 0.932596 0.557084 0.872796 0.917342 0.862448 0.844567 0.850069 0.848693 0.914718 0.850069 0.972527 0.973202 0.869326 0.909216 0.831137 
0.966633 0.882187 0.873224 0.410933 0.936791 0.895556 0.883129 0.913488 0.584848 0.878417 0.881338 1 0.892807 0.899168 0.889727 1 
0.949444 0.953722 0.897268 0.955919 0.923825 0.92268 0.849442 0.908935 0.90404 0.889175 0.881338 0.983516 0.921016 0.965636 0.908225 1 
0.995164 0.973843 0.891803 0.921914 0.962723 0.941973 0.941973 0.934236 0.949495 0.741333 0.935275 0.973901 0.983075 0.953222 0.960173 1 
0.968655 0.517103 0.754171 0.593199 0.790924 1 1 0.996663 0.977753 0.904338 0.428254 0.997253 1 0.723493 0.931035 1 
1 0.99497 0.995628 1 1 0.675556 0.814126 1 0.865657 1 1 0.809066 1 1 0.967965 0.992079 
1 0.686117 1 1 0.645057 1 1 0.720126 0.99899 1 1 1 1 1 1 0.813839 
0.987867 0.863946 0.995628 1 1 0.931111 0.88322 0.87415 0.828283 1 1 1 1 1 1 1 
0.995739 1 1 1 1 0.977273 0.992898 1 1 1 1 1 1 1 1 1 
0.886754 1 1 1 1 1 1 1 0.976768 1 1 1 1 1 1 1 
0.9818 0.996982 1 1 0.635332 1 0.8829 0.99907 0.979798 0.952889 1 1 1 1 0.995671 1 
0.911021 0.949698 0.736559 0.997481 0.685575 0.992832 0.982079 0.987455 1 0.919355 0.981661 1 0.99859 1 0.981818 0.998208 
