6.03905e-05 8.03023e-05 7.38163e-05 9.08447e-05 4.37591e-05 6.4889e-05 5.71383e-05 8.03345e-05 6.29063e-05 6.20455e-05 8.50244e-05 6.53241e-05 1.17298e-05 5.8718e-05 0.000292504 9.61621e-05 
6.56818e-05 7.08071e-05 8.59942e-05 4.03336e-05 0.000172266 0.00022202 9.87771e-05 8.5975e-05 0.000101132 3.93416e-05 0.0029703 0.000106059 0.000121517 8.7372e-05 0.000144201 5.95097e-05 
0.000139405 0.00106309 0.000112185 0.000102553 0.00197586 0.000290334 0.000457202 0.000411232 9.06726e-05 4.18394e-05 7.5153e-05 0.000114229 4.50184e-05 4.28453e-05 0.000169386 0.000675361 
0.000153126 0.000192135 0.000131864 0.000102596 0.000172941 0.000398163 0.000257267 0.000119377 0.000191313 4.82249e-05 0.000205439 0.000127399 0.000253344 6.94965e-05 0.000226754 0.000164937 
0.000251653 0.000127143 0.00239456 0.000173926 0.000117175 0.000188846 0.000257002 0.000206469 0.000211812 0.000145392 0.000226446 9.31906e-05 6.35121e-05 0.000163955 0.000113816 0.000270194 
7.83709e-05 0.000190362 0.000194956 0.00326578 0.000113057 0.000109028 0.00014253 0.000119284 0.00157967 0.00013577 0.000143387 3.78639e-05 0.000167922 0.00014166 0.000119913 3.83169e-05 
9.21507e-05 0.000107749 0.00017768 0.000111979 0.000162459 0.00010372 0.000190871 0.00013038 0.000152922 0.000155951 0.000171747 4.73469e-05 0.000110776 8.94813e-05 0.000122883 4.86183e-05 
6.08058e-05 7.64395e-05 0.000177937 0.000162551 8.62855e-05 7.90491e-05 7.7788e-05 8.81831e-05 7.71817e-05 0.000556969 9.97953e-05 4.53579e-05 5.68942e-05 8.12506e-05 8.11644e-05 4.00518e-05 
7.57022e-05 0.00119091 0.000477846 0.000721469 0.000291519 4.21662e-05 2.31821e-05 2.36361e-05 3.53232e-05 0.000131066 0.00312038 4.09282e-05 1.4795e-05 0.000404208 0.00010206 4.46269e-05 
5.6215e-05 6.90883e-05 4.87057e-05 4.57733e-05 5.22975e-05 0.000540802 0.000318239 5.74186e-05 0.00022791 1.31941e-05 1.38778e-05 0.000257628 1.41402e-05 1.85653e-05 6.14524e-05 6.38431e-05 
6.16701e-05 0.00048696 4.31246e-05 4.11604e-05 0.00190672 5.9069e-05 5.54609e-05 0.000382654 7.19405e-05 1.36966e-05 5.43729e-06 2.36124e-05 5.18975e-05 1.69472e-05 1.0149e-05 0.000248391 
7.64469e-05 0.000189894 5.05855e-05 3.94089e-05 2.69737e-05 0.000120873 0.000142325 0.000191813 0.000240336 4.0375e-05 2.25856e-05 7.51261e-06 1.63048e-05 1.96536e-05 3.5083e-05 1.77953e-05 
4.29343e-05 2.79904e-05 2.10312e-05 2.32157e-05 4.40867e-05 4.81732e-05 3.60281e-05 2.41085e-05 1.399e-05 1.99225e-05 2.34873e-05 2.19705e-05 4.14379e-06 1.56975e-05 1.77204e-05 1.56176e-05 
0.000150044 4.34104e-05 2.41394e-05 3.18056e-05 4.09726e-05 5.22454e-05 4.74534e-05 6.62612e-05 6.14331e-05 2.02763e-05 1.71987e-05 2.43322e-05 1.03752e-05 4.92663e-06 7.24548e-06 1.48695e-05 
4.9861e-05 5.06478e-05 2.95855e-05 2.38322e-05 0.00208483 5.05501e-05 0.000203878 6.13103e-05 6.3749e-05 0.000100172 1.5943e-05 1.68925e-05 1.98657e-05 7.32017e-06 1.70203e-05 2.64797e-05 
0.000111818 8.56114e-05 0.000459465 3.41589e-05 0.00130857 5.64244e-05 6.04508e-05 7.02929e-05 5.04224e-05 0.000131661 7.33522e-05 1.93601e-05 2.25564e-05 2.16007e-05 4.60323e-05 1.63469e-05 
