0.957717 0.963002 0.968288 0.94926 0.861522 0.976744 0.975687 0.955603 0.958774 0.98203 0.88055 0.582452 0.780127 0.993658 0.810782 0.939746 
0.982213 0.953557 0.962451 0.932806 0.370553 0.573123 0.942688 0.948617 0.559289 1 0.464427 0.81917 0.552372 0.880435 0.500988 0.990119 
0.918838 0.586172 0.891784 0.885772 0.482966 0.511022 0.567134 0.447896 0.901804 1 0.854709 0.877756 0.830661 0.998998 0.855711 0.40481 
0.88981 0.866114 0.888626 0.869668 0.881517 0.7891 0.795024 0.813981 0.78436 1 0.861374 0.822275 0.754739 0.491706 0.848341 0.867299 
0.845942 0.88033 0.557084 0.568088 0.544704 0.862448 0.844567 0.850069 0.848693 0.914718 0.850069 0.558459 0.878955 0.869326 0.909216 0.778542 
0.923657 0.882187 0.68049 0.410933 0.93214 0.885957 0.883129 0.590952 0.569274 0.878417 0.867106 0.832234 0.689915 0.873704 0.889727 1 
0.447594 0.444158 0.498282 0.482818 0.848797 0.92268 0.62543 0.908935 0.651203 0.889175 0.816151 0.480241 0.608247 0.965636 0.882302 1 
0.995164 0.924565 0.522244 0.559961 0.389749 0.941973 0.941973 0.934236 0.94971 0.591876 0.845261 0.719536 0.368472 0.395551 0.437137 1 
0.561735 0.291435 0.754171 0.615128 0.785317 1 1 0.996663 0.977753 0.904338 0.428254 0.898776 0.705228 0.437152 0.931035 1 
0.956436 0.858416 1 0.918812 0.465347 0.707921 0.657426 1 0.591089 1 0.881188 0.652475 0.846535 0.883168 0.907921 0.992079 
1 0.515723 0.508386 1 0.551363 1 1 0.720126 0.997904 1 1 0.51153 1 1 1 0.604822 
0.857143 0.863946 1 0.777778 0.964853 0.873016 0.88322 0.87415 0.699546 1 1 0.93424 0.820862 1 1 1 
0.995739 1 1 1 1 0.977273 0.992898 1 1 1 1 1 1 1 1 1 
0.615135 1 1 1 0.539459 1 1 1 0.926486 1 1 0.890811 0.909189 1 1 1 
0.900751 0.919933 0.920767 0.919099 0.453711 0.783153 0.4804 0.486239 0.52377 0.900751 0.921601 0.859049 0.578816 0.928274 0.969975 1 
0.91129 0.935484 0.736559 0.858423 0.471326 0.992832 0.982079 0.987455 0.927419 0.919355 0.880824 0.862007 0.636201 0.894265 0.963262 0.998208 
