0.936299 0.935614 0.630601 0.918136 1 0.502222 0.409851 0.971163 0.977778 0.875556 0.966559 0.961538 1 0.703742 0.761039 0.934926 
0.954499 0.927565 0.926776 1 0.917342 0.876667 0.319703 0.813023 0.952525 0.964444 0.510248 0.940934 0.921016 0.941788 0.88658 0.68369 
0.638018 0.679074 0.888525 0.913098 0.641815 0.851111 0.742565 0.746977 0.946465 0.964444 0.944984 0.93544 1 0.922037 0.819048 0.660626 
0.746208 0.842052 0.869945 0.913098 0.612642 0.613333 0.841078 0.948837 0.853535 0.974222 0.524272 0.918956 0.833568 1 0.534199 0.775124 
0.439838 0.932596 0.438251 0.872796 0.917342 0.32 0.361524 0.566512 0.49596 0.387556 0.464941 0.972527 0.973202 0.528067 0.349784 0.831137 
0.966633 0.71831 0.873224 0.264484 0.936791 0.895556 0.866171 0.913488 0.584848 0.769778 0.881338 1 0.892807 0.899168 0.89697 0.984349 
0.949444 0.953722 0.897268 0.955919 0.923825 0.461111 0.849442 0.900465 0.90404 0.651556 0.881338 0.983516 0.921016 0.913721 0.908225 0.981878 
0.974722 0.973843 0.891803 0.921914 0.962723 0.913333 0.874535 0.928372 0.949495 0.741333 0.935275 0.973901 0.983075 0.953222 0.960173 0.970346 
0.968655 0.517103 0.451366 0.593199 0.790924 0.868889 0.901487 0.930233 0.930303 0.750222 0.458468 0.997253 1 0.723493 0.570563 0.873147 
1 0.99497 0.995628 1 1 0.675556 0.814126 0.836279 0.865657 0.948444 1 0.809066 1 1 0.967965 0.574959 
0.580384 0.686117 1 1 0.645057 1 0.72119 0.771163 0.99899 0.996444 1 1 1 0.994802 0.953247 0.813839 
0.987867 0.532193 0.995628 1 1 0.931111 0.413569 0.743256 0.828283 0.684444 0.997842 1 1 1 0.960173 0.939044 
0.92821 0.498994 0.996721 0.75063 0.802269 0.472222 0.546468 0.631628 0.964646 0.655111 0.815534 0.950549 1 0.994802 0.781818 0.597199 
0.886754 0.998994 1 1 1 0.614444 0.606877 0.696744 0.976768 0.998222 1 1 1 1 0.970563 0.866557 
0.9818 0.996982 1 1 0.635332 1 0.8829 0.99907 0.979798 0.952889 1 1 1 1 0.995671 0.988468 
0.911021 0.949698 0.637158 0.997481 0.685575 0.952222 0.946097 0.893954 1 0.844444 0.981661 1 0.99859 1 0.981818 0.953871 
