6.03905e-05 8.03023e-05 7.38163e-05 9.08447e-05 0.00021363 6.4889e-05 5.71383e-05 8.03345e-05 7.53735e-05 6.20455e-05 0.000187996 0.00132063 0.000373781 5.8718e-05 0.000292504 0.000115634 
6.56818e-05 7.08071e-05 8.59942e-05 0.000121888 0.00393539 0.000952424 9.87771e-05 8.5975e-05 0.00225903 3.93416e-05 0.00334649 0.000258218 0.00130972 0.000168681 0.00283083 5.95097e-05 
0.000139405 0.00173474 0.000125022 0.000156863 0.00237217 0.00262921 0.000812195 0.00104712 0.000149643 4.18394e-05 0.000180058 0.00021582 0.000203404 4.28453e-05 0.000169386 0.00442162 
0.000153126 0.000192135 0.000131864 0.000156966 0.000172941 0.000398163 0.00035785 0.000245118 0.000254023 4.82249e-05 0.000205439 0.000250615 0.000324897 0.00315711 0.000226754 0.000164937 
0.000251653 0.000156853 0.00239456 0.00213103 0.00238352 0.000188846 0.000257002 0.000206469 0.000211812 0.000145392 0.000226446 0.00110993 0.000131187 0.000163955 0.000113816 0.000404377 
0.000117829 0.000190362 0.000685592 0.00326578 0.000145926 0.000120342 0.00014253 0.00164673 0.00180508 0.00013577 0.000179562 0.000200011 0.000417899 0.000150686 0.000119913 3.83169e-05 
0.00304187 0.00357415 0.00109394 0.00323832 0.000287823 0.00010372 0.00140221 0.00013038 0.00101321 0.000155951 0.000278173 0.00240402 0.000693854 8.94813e-05 0.000124473 4.86183e-05 
6.08058e-05 0.000124413 0.00102444 0.00239787 0.00399177 7.90491e-05 7.7788e-05 8.81831e-05 8.68152e-05 0.00224856 0.000279657 0.000518751 0.00372891 0.00430882 0.00333903 4.00518e-05 
0.00288273 0.00665887 0.000477846 0.00178136 0.00035751 4.21662e-05 2.31821e-05 2.36361e-05 3.53232e-05 0.000131066 0.00312038 0.000146994 0.000662696 0.00294551 0.00010206 4.46269e-05 
8.88126e-05 0.000227129 4.9894e-05 0.000127141 0.00286236 0.000602269 0.000587061 5.74186e-05 0.00180316 1.31941e-05 0.000156075 0.000622682 0.000268973 0.000159029 0.000131693 6.38431e-05 
6.16701e-05 0.00296431 0.00096281 4.11604e-05 0.00230387 5.9069e-05 5.54609e-05 0.000382654 8.08794e-05 1.36966e-05 5.95409e-06 0.00288404 5.36259e-05 1.69472e-05 1.0149e-05 0.00125924 
0.000195337 0.000189894 5.67554e-05 0.000375538 9.29353e-05 0.000181287 0.000142325 0.000191813 0.000663938 4.0375e-05 2.25856e-05 8.62375e-05 0.000267269 1.96536e-05 3.5083e-05 1.77953e-05 
4.29343e-05 2.79904e-05 2.10312e-05 2.32157e-05 4.40867e-05 4.81732e-05 3.60281e-05 2.41085e-05 1.399e-05 1.99225e-05 2.34873e-05 2.19705e-05 4.78069e-06 1.56975e-05 1.77204e-05 1.56176e-05 
0.00162599 4.34104e-05 2.41394e-05 3.43041e-05 0.00231334 5.22454e-05 4.74534e-05 6.62612e-05 9.78008e-05 2.02763e-05 1.93314e-05 0.000156095 0.000109463 4.92663e-06 7.24548e-06 1.48695e-05 
0.000248999 0.000179112 0.000157462 0.000171011 0.00320884 0.000336426 0.00147496 0.00142044 0.00131603 0.000221038 0.000131024 0.000191906 0.000944914 9.70211e-05 3.77589e-05 2.64797e-05 
0.000121128 0.000104081 0.000459465 0.000251792 0.00259137 5.64244e-05 6.04508e-05 7.02929e-05 0.000119846 0.000131661 0.000190196 0.000197253 0.00108809 0.00014361 5.50796e-05 1.63469e-05 
