8.09121e-05 0.000100479 0.00107281 0.000138287 4.37591e-05 0.00309434 0.00204131 8.29212e-05 6.29063e-05 0.000159677 8.50244e-05 6.53241e-05 1.17298e-05 0.000493871 0.000387055 9.61621e-05 
7.05618e-05 9.00952e-05 9.56505e-05 4.03336e-05 0.000172266 0.00022202 0.00471705 0.000317519 0.000101132 8.03393e-05 0.0029703 0.000106059 0.000121517 8.7372e-05 0.000144201 0.000604562 
0.00103198 0.00106309 0.000112185 0.000102553 0.00197586 0.000290334 0.000457202 0.000411232 9.06726e-05 7.82065e-05 7.5153e-05 0.000114229 4.50184e-05 0.00010521 0.000278451 0.000675361 
0.000336763 0.000197498 0.000150584 0.000102596 0.0019344 0.000434658 0.000257267 0.000119377 0.000191313 8.26719e-05 0.00248515 0.000127399 0.000253344 6.94965e-05 0.0025184 0.000364376 
0.00361384 0.000127143 0.00330027 0.000173926 0.000117175 0.00561818 0.00300624 0.000879481 0.00283228 0.00466551 0.00326496 9.31906e-05 6.35121e-05 0.00105152 0.0019725 0.000270194 
7.83709e-05 0.000417368 0.000194956 0.0073595 0.000113057 0.000109028 0.000159163 0.000119284 0.00157967 0.000386545 0.000143387 3.78639e-05 0.000167922 0.00014166 0.000146087 5.93336e-05 
9.21507e-05 0.000107749 0.00017768 0.000111979 0.000162459 0.00122808 0.000190871 0.000140579 0.000152922 0.000806582 0.000171747 4.73469e-05 0.000110776 0.000120397 0.000122883 8.03436e-05 
7.01945e-05 7.64395e-05 0.000177937 0.000162551 8.62855e-05 0.000115805 0.000163153 9.23049e-05 7.71817e-05 0.000556969 9.97953e-05 4.53579e-05 5.68942e-05 8.12506e-05 8.11644e-05 7.13746e-05 
7.57022e-05 0.00119091 0.00316945 0.000721469 0.000291519 0.000176782 0.000148297 9.94797e-05 9.22599e-05 0.000426405 0.00340186 4.09282e-05 1.4795e-05 0.000404208 0.00101799 0.000172063 
5.6215e-05 6.90883e-05 4.87057e-05 4.57733e-05 5.22975e-05 0.000540802 0.000318239 0.000247517 0.00022791 6.68713e-05 1.38778e-05 0.000257628 1.41402e-05 1.85653e-05 6.14524e-05 0.00106285 
0.000774482 0.00048696 4.31246e-05 6.05541e-05 0.00190672 8.0845e-05 0.000371866 0.000413693 7.19405e-05 4.5628e-05 5.43729e-06 2.36124e-05 5.18975e-05 4.86012e-05 6.39153e-05 0.000248391 
7.64469e-05 0.000955416 5.05855e-05 3.94089e-05 2.69737e-05 0.000120873 0.00214873 0.000490112 0.000240336 0.000431087 2.51782e-05 7.51261e-06 1.63048e-05 2.41127e-05 7.25277e-05 9.23752e-05 
0.000105354 0.00128978 6.22155e-05 0.000374147 0.000261693 0.00356076 0.000831745 0.000717984 8.20255e-05 0.000668306 0.000250068 7.00985e-05 4.14379e-06 5.33323e-05 0.000359125 0.000887456 
0.000150044 4.38788e-05 2.98652e-05 3.18056e-05 4.09726e-05 0.000600888 0.00179796 0.000461714 6.14331e-05 3.58047e-05 1.71987e-05 2.43322e-05 1.03752e-05 8.8758e-06 4.84897e-05 0.000166649 
4.9861e-05 5.06478e-05 2.95855e-05 2.38322e-05 0.00208483 5.05501e-05 0.000203878 6.13103e-05 6.3749e-05 0.000100172 1.5943e-05 1.68925e-05 1.98657e-05 7.32017e-06 1.70203e-05 3.61068e-05 
0.000111818 8.56114e-05 0.00107722 3.41589e-05 0.00130857 8.0631e-05 9.41504e-05 0.000150241 5.04224e-05 0.00022186 7.33522e-05 1.93601e-05 2.25564e-05 2.16007e-05 4.60323e-05 6.04311e-05 
