2.0661
2.06869
2.06617
2.06161
2.06536
2.06633
2.06616
2.06849
2.063
2.06451
2.06637
2.06754
2.06448
2.06755
2.06813
2.06719
2.06663
2.06414
2.06473
2.06592
2.06359
2.06264
2.067
2.06557
2.06695
2.06742
2.06938
2.0677
2.06644
2.06655
2.06717
2.06621
2.06731
2.06862
2.06509
2.064
2.06817
2.06421
2.0648
2.06289
2.06596
2.06616
2.06584
2.06947
2.06699
2.06841
2.06317
2.06624
2.06604
2.06618
2.06264
2.06796
2.06761
2.0652
2.06615
2.06273
2.06162
2.06541
2.06621
2.06724
2.06485
2.06383
2.06524
2.06609
2.06796
2.06819
2.06711
2.06805
2.06748
2.06766
2.0678
2.06587
2.06751
2.0698
2.06789
2.06643
2.06589
2.06873
2.06587
2.0689
2.06495
2.06708
2.06616
2.06444
2.0632
2.06581
2.06522
2.06393
2.06401
2.06416
2.06521
2.06658
2.06124
2.0643
2.0686
2.06723
2.06784
2.06574
2.0643
2.06423
2.06318
2.06486
2.06454
2.06301
2.06538
2.06223
2.06716
2.06357
2.06643
2.0643
2.06137
2.0617
2.06682
2.06494
2.06352
2.06359
2.06417
2.06884
2.06606
2.06716
2.06756
2.06855
2.06551
2.06501
2.06484
2.06763
2.06516
2.06441
2.06422
2.0666
2.06528
2.06553
2.0648
2.06332
2.06562
2.06473
2.06512
2.0694
2.0663
2.06604
2.06435
2.06454
2.06201
2.06456
2.06511
2.06568
2.06813
2.06477
2.06208
2.06656
2.06364
2.0676
2.06213
2.06506
2.06411
2.06758
2.06452
2.065
2.06262
2.06289
2.06459
2.06676
2.06401
2.06461
2.06209
2.06606
2.06934
2.06519
2.06458
2.06303
2.06468
2.06308
2.06217
2.06366
2.06181
2.06345
2.06336
2.06213
2.06116
2.06691
2.06462
2.06239
2.0667
2.06405
2.06029
2.06487
2.06528
2.06356
2.06458
2.06404
2.06415
2.06174
2.0638
2.06533
2.06334
2.062
2.06593
2.06611
2.06417
2.06686
2.06701
2.0616
2.06368
2.06628
2.06187
2.0664
2.06271
2.06589
2.05812
2.06347
2.06056
2.06493
2.0636
2.06497
2.06496
2.06581
2.06592
2.0622
2.06522
2.06299
2.06218
2.0649
2.06168
2.06273
2.06273
2.06574
2.06612
2.06387
2.06395
2.063
2.06547
2.06447
2.06495
2.06453
2.0632
2.06308
2.06684
2.06445
2.06343
2.06164
2.06541
2.06297
2.06513
2.06765
2.06355
2.06379
2.06683
2.06657
2.06404
2.0652
2.06647
2.06537
2.06426
2.06397
2.06278
2.06627
2.06568
2.06238
2.06654
2.06257
2.06063
2.06564
2.06318
2.06237
2.06514
2.06321
2.06168
2.06255
2.06001
2.06392
2.06403
2.06308
2.06559
2.06296
2.0647
2.06343
2.067
2.06866
2.06364
2.06613
2.06374
2.06451
2.06324
2.06921
2.06364
2.06254
2.06313
2.06034
2.06688
2.06383
2.06347
2.06726
2.06357
2.06642
2.06269
2.06193
2.06158
2.0678
2.06475
2.06069
2.06501
2.06089
2.06571
2.06184
2.06478
2.06502
2.06489
2.06121
2.06524
2.06229
2.06678
2.06555
2.06394
2.06252
2.0675
2.06476
2.0657
2.06384
2.06446
2.06411
2.06299
2.06506
2.0623
2.06345
2.06303
2.06214
2.06737
2.06271
2.0633
2.06195
2.06183
2.06324
2.06413
2.06613
2.06604
2.06578
2.06787
2.06278
2.06477
2.06872
2.06519
2.0643
2.06356
2.06247
2.06164
2.06291
2.06536
2.06375
2.06544
2.06501
2.06722
2.05987
2.06299
2.06372
2.06182
2.06261
2.06392
2.06144
2.0654
2.06451
2.06155
2.06362
2.06639
2.06665
2.06399
2.06238
2.06692
2.06513
2.06529
2.0626
2.06608
2.06332
2.06666
2.06511
2.06293
2.0652
2.06477
2.06176
2.06441
2.06521
2.06184
2.06134
2.06689
2.06605
2.06173
2.06602
2.06585
2.06187
2.06397
2.06326
2.06412
2.06426
2.06475
2.06216
2.06308
2.06415
2.06521
2.06157
2.06258
2.06389
2.06512
2.06554
2.06169
2.06449
2.06544
2.06488
2.0641
2.06323
2.06423
2.06453
2.0644
2.06656
2.06127
2.06452
2.06417
2.06166
2.06386
2.0668
2.06053
2.06173
2.06097
2.06065
2.06255
2.06028
2.062
2.06391
2.06176
2.06227
2.06582
2.06428
2.05928
2.06189
2.06477
2.06476
2.06156
2.0633
2.06295
2.06049
2.06289
2.06148
2.06678
2.06085
2.06072
2.06328
2.06443
2.06397
2.06028
2.06425
2.06168
2.06487
2.06087
2.06315
2.06454
2.06615
2.06354
2.06654
2.06247
2.06239
2.063
2.06188
2.05971
2.06382
2.0647
2.06402
2.0643
2.06348
2.06677
2.06153
2.06922
2.06135
2.06375
2.06331
2.06051
2.06842
2.06374
2.0655
2.06524
2.06123
2.06636
2.06676
2.06349
2.06227
2.06421
2.06235
2.06483
2.06402
2.06217
2.06556
2.06816
2.06476
2.06552
2.06504
2.06355
2.06305
2.06349
2.06561
2.06622
2.06667
2.06656
2.06457
2.06399
