0.931494
0.931395
0.931432
0.931358
0.931704
0.931593
0.931568
0.931457
0.931469
0.931605
0.931457
0.931494
0.93137
0.931469
0.931444
0.931395
0.931444
0.931691
0.931543
0.93137
0.931457
0.931543
0.931037
0.931568
0.931161
0.931321
0.931259
0.931284
0.931383
0.931321
0.931012
0.930963
0.931296
0.93142
0.931321
0.931321
0.930963
0.931543
0.931259
0.931161
0.931383
0.931321
0.931247
0.931025
0.931173
0.931259
0.931358
0.931259
0.931148
0.931432
0.93121
0.931457
0.931605
0.931309
0.931383
0.931074
0.931086
0.931272
0.931333
0.931383
0.931012
0.931272
0.931457
0.93137
0.931407
0.931309
0.931086
0.931321
0.931482
0.93121
0.931284
0.931259
0.931259
0.931309
0.931494
0.931259
0.931235
0.931123
0.931247
0.931247
0.931506
0.931482
0.931309
0.931296
0.931123
0.931198
0.931148
0.931148
0.931235
0.931333
0.931407
0.931148
0.931346
0.931259
0.931099
0.931395
0.931296
0.931173
0.931198
0.931383
0.931247
0.931358
0.931395
0.931482
0.931358
0.931457
0.931259
0.931148
0.931259
0.931185
0.931383
0.931185
0.931469
0.931099
0.931161
0.931284
0.931185
0.93137
0.931407
0.931358
0.931346
0.931296
0.931235
0.931222
0.931321
0.931272
0.931185
0.93137
0.931309
0.931247
0.931321
0.931333
0.931198
0.931383
0.931222
0.931284
0.931136
0.931049
0.931296
0.931395
0.931321
0.931284
0.931074
0.931383
0.931012
0.931235
0.931222
0.931062
0.931247
0.931222
0.931444
0.93121
0.931111
0.931284
0.931222
0.931222
0.931346
0.931247
0.931222
0.931407
0.931185
0.931247
0.931531
0.931432
0.931247
0.931161
0.931148
0.931148
0.931235
0.931123
0.931444
0.931037
0.931111
0.931074
0.931148
0.93121
0.931235
0.93137
0.931185
0.931259
0.931284
0.931185
0.931198
0.931272
0.931123
0.931198
0.931407
0.93142
0.931235
0.931482
0.931185
0.931395
0.931333
0.931432
0.931272
0.931358
0.931333
0.931432
0.93142
0.931185
0.931148
0.931457
0.931173
0.931407
0.931519
0.931432
0.931086
0.931161
0.931383
0.931309
0.931432
0.93121
0.931198
0.931309
0.931407
0.931235
0.931333
0.931444
0.93142
0.931272
0.931259
0.931222
0.931333
0.93142
0.931383
0.931309
0.931284
0.931161
0.931198
0.931444
0.931494
0.931407
0.931321
0.931198
0.931123
0.931272
0.931346
0.931383
0.931296
0.931506
0.931235
0.931309
0.931333
0.931259
0.931198
0.931124
0.931173
0.931025
0.931309
0.931457
0.931222
0.931383
0.931185
0.93142
0.931222
0.931407
0.931173
0.931012
0.931407
0.931333
0.931519
0.931482
0.931099
0.931531
0.93121
0.931247
0.931185
0.931099
0.931123
0.931296
0.931543
0.931136
0.931086
0.931099
0.93121
0.931173
0.931259
0.931272
0.931407
0.931531
0.931136
0.931235
0.931259
0.931358
0.931086
0.931222
0.93142
0.931296
0.931062
0.931235
0.931235
0.931025
0.931062
0.931049
0.931469
0.931432
0.931407
0.931198
0.93137
0.931469
0.931358
0.931259
0.931296
0.931235
0.931198
0.931222
0.931272
0.931358
0.931235
0.931222
0.931272
0.930975
0.931148
0.93079
0.93121
0.931111
0.931086
0.930988
0.931173
0.931222
0.93137
0.931161
0.931185
0.931086
0.931198
0.931432
0.931148
0.931321
0.931123
0.931272
0.931148
0.931444
0.931185
0.930988
0.931469
0.931086
0.931111
0.931099
0.931185
0.931358
0.931161
0.931185
0.931086
0.931136
0.931309
0.931198
0.931161
0.931173
0.931222
0.931272
0.931111
0.931235
0.931272
0.930988
0.931111
0.931457
0.930951
0.931099
0.931012
0.931296
0.931259
0.931321
0.931099
0.931025
0.931358
0.931259
0.931173
0.931309
0.93121
0.931173
0.931123
0.931062
0.931049
0.931309
0.931333
0.931037
0.931123
0.931136
0.930926
0.931346
0.931086
0.931074
0.931247
0.931173
0.931136
0.931161
0.931198
0.931198
0.930988
0.931173
0.931099
0.931296
0.931099
0.931074
0.931086
0.931062
0.931235
0.931198
0.931123
0.931259
0.931161
0.931235
0.931185
0.931321
0.931185
0.931111
0.931161
0.931086
0.931247
0.931161
0.931173
0.931272
0.93137
0.931161
0.930951
0.931272
0.931296
0.930951
0.931173
0.931296
0.931309
0.931111
0.931235
0.93142
0.931222
0.931235
0.93121
0.931049
0.931222
0.931272
0.931222
0.93121
0.931296
0.931173
0.931111
0.931235
0.931259
0.931123
0.931148
0.931161
0.931123
0.931272
0.931012
0.930951
0.931074
0.931111
0.931136
0.931136
0.931185
0.931074
0.931346
0.931074
0.931259
0.931136
0.931161
0.931235
0.931272
0.931136
0.931284
0.931049
0.931259
0.93137
0.931309
0.931025
0.931333
0.931358
0.931272
0.931235
0.931259
0.931235
0.931333
0.931136
0.931321
0.931222
0.93142
0.931444
0.931161
0.931309
0.931222
0.931247
0.931148
0.931185
0.931198
0.931457
0.931259
0.931136
0.931222
0.931062
0.931074
0.931123
0.931173
0.930975
0.931222
0.931259
0.931111
0.931321
0.931123
0.931259
0.93121
0.931123
0.931222
