0.273462
0.284881
0.272408
0.285062
0.284397
0.273508
0.27534
0.282661
0.28362
0.282786
0.274828
0.273492
0.28286
0.281919
0.275506
0.276048
0.273256
0.275295
0.254042
0.25649
0.254657
0.253954
0.254248
0.262466
0.263294
0.254972
0.255209
0.254262
0.261481
0.255721
0.254445
0.255842
0.255111
0.254096
0.263596
0.261616
0.253713
0.253337
0.254017
0.261298
0.255457
0.256289
0.254127
0.262461
0.255636
0.255204
0.254457
0.255151
0.255483
0.255111
0.256833
0.254565
0.255123
0.253414
0.254879
0.254728
0.254971
0.255249
0.254397
0.255508
0.25368
0.256669
0.255799
0.254917
0.262265
0.2555
0.260154
0.254985
0.263541
0.262017
0.26158
0.263637
0.25362
0.260544
0.261391
0.254785
0.264709
0.263893
0.254817
0.262966
0.254499
0.255152
0.255046
0.255643
0.253104
0.259642
0.261663
0.251863
0.262083
0.26103
0.261879
0.253875
0.25408
0.253217
0.261071
0.254499
0.261589
0.252644
0.261206
0.261089
0.260544
0.259752
0.254072
0.26084
0.25456
0.252662
0.25947
0.25339
0.251122
0.253292
0.253616
0.253138
0.254463
0.262132
0.255122
0.253514
0.252904
0.262215
0.260897
0.252904
0.253595
0.25962
0.259294
0.253346
0.252853
0.253525
0.267252
0.252704
0.253083
0.252566
0.267788
0.253513
0.253461
0.253568
0.259938
0.253696
0.252368
0.254243
0.252731
0.252012
0.253185
0.251836
0.2521
0.252072
0.251737
0.253582
0.25187
0.252657
0.253319
0.252686
0.253242
0.252433
0.252784
0.251055
0.251418
0.252573
0.253948
0.253062
0.253039
0.259855
0.260572
0.259599
0.252123
0.251531
0.259441
0.259721
0.252548
0.252848
0.252685
0.259123
0.253068
0.257967
0.251709
0.251803
0.260222
0.259536
0.250507
0.252449
0.250564
0.252647
0.252227
0.251522
0.253721
0.253209
0.252408
0.252059
0.251749
0.252687
0.252504
0.252498
0.25106
0.250681
0.25194
0.252216
0.252947
0.251879
0.251466
0.251253
0.25168
0.25146
0.250946
0.252129
0.251569
0.265088
0.252509
0.251609
0.251889
0.251352
0.251877
0.251339
0.252716
0.252755
0.252623
0.258435
0.250983
0.25211
0.252433
0.251122
0.25185
0.252194
0.252077
0.251814
0.251878
0.251714
0.251144
0.251852
0.251618
0.251207
0.252596
0.250594
0.250881
0.25328
0.252123
0.252531
0.250887
0.252088
0.259179
0.250792
0.250786
0.251596
0.259611
0.26086
0.252035
0.251338
0.257094
0.251847
0.252552
0.252485
0.252867
0.251582
0.252569
0.257479
0.25918
0.250067
0.251739
0.250646
0.251274
0.260242
0.251603
0.250252
0.252458
0.252107
0.251958
0.252808
0.251231
0.251833
0.25213
0.252399
0.252393
0.251453
0.251246
0.251336
0.251605
0.251826
0.250727
0.252165
0.252133
0.251704
0.252324
0.250377
0.250426
0.251627
0.252172
0.252439
0.251811
0.251443
0.257772
0.251005
0.2498
0.251295
0.251826
0.258789
0.250867
0.251528
0.251933
0.251322
0.252256
0.251636
0.251768
0.252057
0.251321
0.250961
0.251789
0.251182
0.251646
0.251268
0.25908
0.251359
0.251821
0.251369
0.250315
0.258683
0.250781
0.251285
0.251692
0.250417
0.25028
0.251054
0.257672
0.259435
0.250055
0.250493
0.258632
0.259475
0.258073
0.259265
0.257854
0.258061
0.259223
0.259096
0.25263
0.250626
0.257073
0.25012
0.250887
0.250072
0.251293
0.251996
0.250698
0.251576
0.258762
0.25271
0.251292
0.251101
0.251526
0.251322
0.259193
0.258401
0.251603
0.252052
0.250274
0.252266
0.251145
0.251392
0.256331
0.258304
0.249523
0.251419
0.260118
0.245715
0.258498
0.251131
0.259482
0.257417
0.259429
0.257925
0.259259
0.25961
0.257601
0.257456
0.258675
0.258946
0.259825
0.266918
0.249929
0.257203
0.257957
0.257878
0.252028
0.25001
0.257145
0.259226
0.251356
0.253432
0.252287
0.252351
0.258825
0.260228
0.259842
0.252083
0.250455
0.250729
0.251597
0.252226
0.250113
0.251695
0.252307
0.251992
0.265393
0.25861
0.258133
0.252035
0.259282
0.260028
0.252315
0.25811
0.257428
0.257966
0.258752
0.25673
0.251824
0.251066
0.2583
0.25331
0.251849
0.249829
0.259345
0.257209
0.248003
0.251673
0.247451
0.250303
0.266931
0.251906
0.251295
0.251793
0.251828
0.252444
0.251615
0.252055
0.250977
0.252095
0.251739
0.252308
0.250352
0.251585
0.251036
0.25219
0.251264
0.250361
0.251593
0.251014
0.252371
0.251181
0.257743
0.251765
0.251161
0.251194
0.259178
0.252663
0.251262
0.252893
0.252523
0.250799
0.252545
0.253647
0.250927
0.252292
0.250428
0.250946
0.252828
0.251329
0.251293
0.251695
0.251108
0.251997
0.251127
0.251057
0.25222
0.252734
0.252231
0.252978
0.251629
0.252547
0.251006
0.250911
0.252054
0.250315
0.25237
0.24972
0.252937
0.253907
0.253198
0.252254
0.251416
0.251205
0.25038
0.249239
0.259009
0.252013
0.250363
0.250805
0.251138
0.252329
0.280546
0.259373
0.252279
0.2517
0.258174
0.251828
0.250659
0.258775
0.251471
0.258526
0.258266
0.260314
0.2588
0.251949
0.252146
0.251658
0.251137
0.251521
0.250656
0.252962
0.252716
0.251539
0.251019
0.251709
0.250304
0.253058
0.251217
0.259421
0.2593
0.258965
0.259064
0.251617
0.251731
0.257674
0.259472
0.258152
0.258654
0.258611
0.258865
0.258147
0.257611
0.256764
0.258762
0.259142
0.258753
0.257561
0.251344
0.250242
0.250534
0.258106
0.258643
0.258929
0.251737
0.263941
0.251201
0.253138
0.250237
0.251268
0.258598
0.250411
0.250088
0.251921
0.260066
0.258512
0.250918
0.257226
0.258242
0.258797
0.271884
0.25735
0.257687
0.260044
0.258555
0.257447
0.258249
0.258296
0.258375
0.258189
0.257822
0.258165
0.25841
0.257944
0.257157
0.257533
0.257866
0.258583
0.251287
0.251914
0.258563
0.258647
0.258191
0.250114
0.257952
0.252855
0.251833
0.252038
0.251896
0.259052
0.251091
0.251081
0.257847
0.256658
0.257365
0.257317
0.25804
0.253356
0.258237
0.258215
0.259053
0.258566
0.258515
0.250443
0.258111
0.258966
0.25997
0.258264
0.258935
0.257479
0.250867
0.252173
0.251147
0.259325
0.258851
0.251025
0.258087
0.251742
0.250686
0.250778
0.251096
0.251415
0.251155
0.25075
0.252381
0.251169
0.25215
0.252225
0.24999
0.25692
0.250393
0.251424
0.251653
0.249821
0.250337
0.250472
0.257857
0.258856
0.250467
0.257516
0.251187
0.251152
0.250528
0.250206
0.257524
0.258219
0.256649
0.258071
0.258615
0.259018
0.250817
0.259163
0.25933
0.257375
0.257891
0.251144
0.258294
0.250825
0.251915
0.250559
0.25099
0.250928
0.25066
0.248642
0.250538
0.249898
0.258953
0.251623
0.251219
0.250939
0.257955
0.251211
0.259058
0.25212
0.251678
0.251076
0.252877
0.257616
0.252044
0.258195
0.257658
0.250615
0.252915
0.259443
0.251631
0.252301
0.250498
0.251818
0.251316
0.259125
0.250784
0.25096
0.252045
0.251282
0.251799
0.257918
0.251811
0.250971
0.250598
0.251277
0.25121
0.249697
0.250903
0.250656
0.249769
0.251224
0.249842
0.250376
0.249975
0.249445
0.250096
0.250386
0.251712
0.250935
0.251113
0.251326
0.251512
0.251113
0.252078
0.250945
0.260337
0.259477
0.252073
0.251541
0.258278
0.25868
0.247348
0.257661
0.258829
0.25893
0.250518
0.258833
0.256891
0.258713
0.259546
0.252274
0.249846
0.250784
0.250291
0.250451
0.250998
0.251898
0.251366
0.252716
0.257087
0.251808
0.257448
0.251418
0.251208
0.252024
0.249751
0.253153
0.251164
0.251192
0.250394
0.250031
0.252228
0.251163
0.251993
0.259433
0.253032
0.251386
0.259727
0.257896
0.250847
0.257787
0.259377
0.258107
0.257792
0.252317
0.258001
0.251413
0.25705
0.258353
0.251358
0.249772
0.250597
0.250125
0.250089
0.251675
0.249914
0.251115
0.251248
0.250122
0.251187
0.251872
0.251773
0.24943
0.251448
0.25093
0.250895
0.251973
0.258186
0.248598
0.251488
0.258796
0.25068
0.250503
0.250736
0.251514
0.251439
0.263579
0.252312
0.251093
0.249799
0.250339
0.249542
0.257807
0.259157
0.256614
0.257647
0.25082
0.259371
0.25869
0.258578
0.257434
0.25688
0.250526
0.251875
0.250976
0.257346
0.251211
0.252216
0.25083
0.250908
0.251151
0.251663
0.258243
0.258119
0.250714
0.251477
0.251882
0.251694
0.250417
0.250563
0.25098
0.251753
0.251351
0.251766
0.251298
0.251641
0.252392
0.251287
0.2521
0.25196
0.251133
0.250341
0.251531
0.25175
0.251453
0.25126
0.250806
0.25109
0.250338
0.258899
0.252663
0.253268
0.249954
0.251279
0.250132
0.259154
0.258583
0.251931
0.257906
0.251532
0.258362
0.251673
0.252646
0.24976
0.251397
0.250576
0.251474
0.25095
0.258203
0.249743
0.250945
0.2506
0.249984
0.257868
0.249711
0.25746
0.258441
0.250369
0.258008
0.257609
0.256977
0.257423
0.257025
0.259042
0.258424
0.258222
0.257334
0.25872
0.257161
0.245067
0.257659
0.25903
0.251548
0.257618
0.258903
0.25172
0.257247
0.257559
0.258211
0.258792
0.251199
0.257048
0.257976
0.24375
0.257031
0.258644
0.251176
0.258414
0.250492
0.257831
0.258012
0.251172
0.256204
0.25647
0.258165
0.257483
0.257767
0.257151
0.257292
0.258816
0.257663
0.257356
0.256551
0.259064
0.258772
0.258255
0.25774
0.257417
0.257106
0.258461
0.256629
0.258178
0.258266
0.258818
0.255213
0.259154
0.257707
0.25741
0.257576
0.251645
0.250749
0.258036
0.256838
0.258758
0.257763
0.258389
0.258471
0.256817
0.257274
0.258803
0.257383
0.258573
0.258242
0.25742
0.257332
0.258426
0.258197
0.257845
0.258745
0.259487
0.257213
0.27131
0.255986
0.257755
0.257971
0.258837
0.25887
0.258
0.257051
0.257339
0.258636
0.256438
0.251273
0.257421
0.257967
0.259327
0.257677
0.259402
0.258267
0.249378
0.251272
0.258538
0.257394
0.257214
0.257556
0.257866
0.259047
0.25947
0.257698
0.258215
0.257242
0.256701
0.272044
0.257629
