-2.32733
-2.3311
-2.32967
-2.33395
-2.33289
-2.33065
-2.3289
-2.33031
-2.33185
-2.33072
-2.3299
-2.32991
-2.33135
-2.33075
-2.33177
-2.32927
-2.33249
-2.33054
-2.32829
-2.32459
-2.32396
-2.32491
-2.32767
-2.32837
-2.32572
-2.32461
-2.3235
-2.32561
-2.3272
-2.32505
-2.32499
-2.32441
-2.32575
-2.32464
-2.32631
-2.32511
-2.32571
-2.32576
-2.3241
-2.32641
-2.32448
-2.32539
-2.32377
-2.32642
-2.32426
-2.32596
-2.32545
-2.32652
-2.32304
-2.32372
-2.32532
-2.32477
-2.32499
-2.32432
-2.32655
-2.3232
-2.32509
-2.32629
-2.32615
-2.32451
-2.32364
-2.32407
-2.32596
-2.32509
-2.32555
-2.3241
-2.32473
-2.32735
-2.32764
-2.32695
-2.32847
-2.32645
-2.32443
-2.32947
-2.32653
-2.32503
-2.32764
-2.33028
-2.32569
-2.32556
-2.32583
-2.32356
-2.32588
-2.32498
-2.32565
-2.32764
-2.32561
-2.32533
-2.32768
-2.32596
-2.32351
-2.32383
-2.32399
-2.32335
-2.32489
-2.32629
-2.32755
-2.32374
-2.32873
-2.32848
-2.32646
-2.32648
-2.32444
-2.32616
-2.32363
-2.3242
-2.32615
-2.32417
-2.32773
-2.32612
-2.32333
-2.32603
-2.32522
-2.32551
-2.32274
-2.32428
-2.3252
-2.32679
-2.32553
-2.3248
-2.32462
-2.32711
-2.32545
-2.32528
-2.32613
-2.32379
-2.32832
-2.32433
-2.32499
-2.32538
-2.3293
-2.32537
-2.32521
-2.32585
-2.32618
-2.32518
-2.32425
-2.32341
-2.32547
-2.32612
-2.32448
-2.32212
-2.32395
-2.32365
-2.32449
-2.32634
-2.32202
-2.32241
-2.32268
-2.32518
-2.32395
-2.32602
-2.32512
-2.32315
-2.32293
-2.32415
-2.32432
-2.32279
-2.32442
-2.32707
-2.32565
-2.32477
-2.32509
-2.32606
-2.32638
-2.32607
-2.32403
-2.32481
-2.32275
-2.32481
-2.32563
-2.32601
-2.32309
-2.3256
-2.3248
-2.32576
-2.32307
-2.3247
-2.3245
-2.32447
-2.32402
-2.32322
-2.3239
-2.32316
-2.32341
-2.32612
-2.32429
-2.32555
-2.3231
-2.32666
-2.32368
-2.32723
-2.32238
-2.32342
-2.3241
-2.32687
-2.32515
-2.3252
-2.32507
-2.3216
-2.32536
-2.32526
-2.32537
-2.32444
-2.32575
-2.32445
-2.32555
-2.32552
-2.32463
-2.32543
-2.32682
-2.32428
-2.32606
-2.32809
-2.32282
-2.32698
-2.32508
-2.32397
-2.32574
-2.32404
-2.32435
-2.32347
-2.32243
-2.32319
-2.32372
-2.32331
-2.32771
-2.32638
-2.32355
-2.32369
-2.32464
-2.3244
-2.32475
-2.32302
-2.32335
-2.32329
-2.32469
-2.32295
-2.32518
-2.32624
-2.32541
-2.32529
-2.32492
-2.32438
-2.32576
-2.32578
-2.3259
-2.32529
-2.32298
-2.3236
-2.32551
-2.32622
-2.32751
-2.32448
-2.32648
-2.32739
-2.32359
-2.32477
-2.32249
-2.32341
-2.3232
-2.325
-2.32318
-2.32356
-2.32391
-2.32413
-2.32565
-2.32661
-2.32411
-2.32422
-2.32443
-2.32419
-2.3242
-2.32359
-2.32492
-2.32411
-2.32322
-2.3225
-2.32465
-2.32621
-2.32513
-2.32309
-2.32418
-2.32156
-2.3212
-2.32489
-2.32506
-2.32339
-2.32367
-2.32399
-2.32453
-2.32605
-2.32425
-2.32382
-2.32354
-2.32163
-2.3262
-2.32497
-2.3243
-2.32527
-2.32283
-2.32402
-2.32421
-2.32314
-2.32333
-2.32412
-2.32367
-2.32218
-2.32498
-2.3227
-2.32734
-2.32677
-2.32421
-2.32363
-2.32349
-2.3265
-2.32459
-2.32301
-2.32525
-2.32557
-2.32319
-2.32481
-2.32411
-2.32572
-2.32637
-2.32283
-2.32841
-2.32936
-2.32719
-2.32408
-2.32421
-2.32443
-2.32505
-2.3239
-2.32599
-2.32494
-2.32553
-2.32246
-2.32587
-2.32482
-2.3247
-2.32253
-2.32475
-2.32734
-2.32481
-2.32182
-2.3264
-2.3264
-2.32427
-2.32306
-2.32502
-2.32332
-2.32412
-2.32369
-2.32512
-2.3253
-2.32575
-2.3241
-2.32466
-2.32375
-2.32713
-2.32367
-2.32541
-2.32634
-2.32642
-2.32828
-2.32549
-2.32589
-2.32812
-2.3267
-2.32482
-2.32609
-2.32688
-2.32963
-2.32388
-2.32688
-2.32674
-2.32571
-2.32331
-2.32191
-2.32593
-2.32587
-2.32352
-2.32468
-2.3233
-2.32249
-2.32653
-2.3279
-2.32435
-2.32488
-2.32478
-2.32273
-2.32495
-2.32436
-2.32487
-2.32642
-2.32091
-2.32308
-2.32596
-2.32761
-2.32321
-2.32713
-2.32667
-2.32574
-2.3236
-2.32718
-2.32834
-2.325
-2.3259
-2.32768
-2.32467
-2.32517
-2.3275
-2.32173
-2.32183
-2.32448
-2.32555
-2.32541
-2.32372
-2.32544
-2.3243
-2.32564
-2.32962
-2.32339
-2.3252
-2.32363
-2.32328
-2.32349
-2.3236
-2.32349
-2.32445
-2.32417
-2.324
-2.32569
-2.32472
-2.32479
-2.3249
-2.323
-2.32523
-2.3255
-2.32519
-2.32341
-2.32405
-2.3253
-2.32547
-2.32421
-2.32472
-2.32637
-2.32624
-2.32471
-2.32517
-2.32352
-2.3249
-2.32644
-2.32366
-2.32416
-2.32595
-2.32369
-2.32414
-2.32438
-2.32404
-2.32546
-2.32471
-2.32364
-2.32649
-2.32514
-2.32597
-2.32601
-2.32405
-2.32167
-2.32564
-2.32392
-2.32644
-2.32291
-2.32668
-2.32269
-2.32289
-2.32295
-2.32591
-2.32536
-2.32317
-2.32288
-2.32656
-2.32425
-2.32425
-2.325
-2.32541
-2.32307
-2.32774
-2.32517
-2.32456
-2.3249
-2.32413
-2.32595
-2.32907
-2.32782
-2.32358
-2.32571
-2.32567
-2.32423
-2.32492
-2.3272
-2.32303
-2.32595
-2.3269
-2.32426
-2.32347
-2.324
-2.3252
-2.32378
-2.32465
-2.32469
-2.32442
-2.32525
-2.32506
-2.32567
-2.32432
-2.32112
-2.3264
-2.32265
-2.32675
-2.32589
-2.3276
-2.3248
-2.32402
-2.32362
-2.32362
-2.32783
-2.32285
-2.32527
-2.32741
-2.32553
-2.3276
-2.3274
-2.32539
-2.32511
-2.32274
-2.32384
-2.32523
-2.32601
-2.32494
-2.32461
-2.32483
-2.32345
-2.32553
-2.32509
-2.3257
-2.32871
-2.32555
-2.32457
-2.32703
-2.3255
-2.32407
-2.32527
-2.32403
-2.32365
-2.32453
-2.32374
-2.32281
-2.3296
-2.32728
-2.32681
-2.33292
-2.32757
-2.32823
-2.32517
-2.32695
-2.32353
-2.32517
-2.32794
-2.32597
-2.32799
-2.32655
-2.32633
-2.32597
-2.3276
-2.32893
-2.32627
-2.32597
-2.32644
-2.32383
-2.32719
-2.32548
-2.32854
-2.32752
-2.32489
-2.32677
-2.32129
-2.32506
-2.32401
-2.32534
-2.32659
-2.32492
-2.32429
-2.32658
-2.32596
-2.32618
-2.32636
-2.32401
-2.32486
-2.32511
-2.32377
-2.32515
-2.3254
-2.32649
-2.32696
-2.32662
-2.3266
-2.32617
-2.32534
-2.32745
-2.32756
-2.32423
-2.32467
-2.3268
-2.32597
-2.32619
-2.32519
-2.32657
-2.32576
-2.32186
-2.32564
-2.32264
-2.32273
-2.32344
-2.32519
-2.32206
-2.32241
-2.32409
-2.32329
-2.32541
-2.32482
-2.3267
-2.32375
-2.32424
-2.32299
-2.32352
-2.32689
-2.32577
-2.32758
-2.32295
-2.32763
-2.32443
-2.32373
-2.32404
-2.32565
-2.32616
-2.32536
-2.32644
-2.32586
-2.32824
-2.32489
-2.32476
-2.32424
-2.32451
-2.3266
-2.32494
-2.32356
-2.32384
-2.32507
-2.32339
-2.32454
-2.32317
-2.3239
-2.32512
-2.32631
-2.32699
-2.32356
-2.32522
-2.32453
-2.32312
-2.32309
-2.32555
-2.32222
-2.32576
-2.32401
-2.32292
-2.32136
-2.32334
-2.3269
-2.32605
-2.32826
-2.3263
-2.32408
-2.32313
-2.32566
-2.32317
-2.32253
-2.32598
-2.32495
-2.32496
-2.32422
-2.32424
-2.32373
-2.32255
-2.32619
-2.32348
-2.32393
-2.32533
-2.32341
-2.32352
-2.32487
-2.32399
-2.32376
-2.32472
-2.32319
-2.32499
-2.32458
-2.32474
-2.32503
-2.32406
-2.32431
-2.32375
-2.32418
-2.32597
-2.32566
-2.3234
-2.32431
-2.32264
-2.32658
-2.3249
-2.32373
-2.32479
-2.32606
-2.32566
-2.32564
-2.3235
-2.32591
-2.32432
-2.32779
-2.3253
-2.32707
-2.32431
-2.3261
-2.32621
-2.32672
-2.32492
-2.32444
-2.32558
-2.32539
-2.3252
-2.32523
-2.32455
-2.32473
-2.32244
-2.32089
-2.32773
-2.32389
-2.32631
-2.32493
-2.32238
-2.32386
-2.3256
-2.32385
-2.32607
-2.32445
-2.32637
-2.32562
-2.3268
-2.32573
-2.32309
-2.32663
-2.32565
-2.32343
-2.32526
-2.32601
-2.3248
-2.32363
-2.32517
-2.32516
-2.32454
-2.32502
-2.32655
-2.3266
-2.32469
-2.32655
-2.32401
-2.32439
-2.32634
-2.3225
-2.32449
-2.32435
-2.32347
-2.32444
-2.32625
-2.32359
-2.32689
-2.32422
-2.32587
-2.32671
-2.32429
-2.32281
-2.32489
-2.32719
-2.32644
-2.32643
-2.32436
-2.32667
-2.32405
-2.3217
-2.32653
-2.32594
-2.32431
-2.32928
-2.32495
-2.32682
-2.32526
-2.32659
-2.3252
-2.32591
-2.32486
-2.32573
-2.32737
-2.32277
-2.3263
-2.32588
-2.32408
-2.32444
-2.32547
-2.32574
-2.32232
-2.32475
-2.3255
-2.325
-2.32215
-2.32615
-2.32403
-2.32145
-2.32184
-2.32873
-2.32806
-2.32426
-2.32459
-2.32404
-2.32325
-2.32372
-2.32389
-2.32345
-2.32546
-2.32427
-2.32374
-2.32481
-2.32607
-2.3223
-2.32283
-2.32361
-2.32503
-2.32622
-2.32707
-2.3264
-2.32485
-2.32551
-2.32876
-2.3244
-2.32569
-2.32529
-2.32554
-2.32468
-2.32237
-2.32596
-2.32568
-2.32258
-2.32561
-2.32629
-2.32349
-2.32398
-2.32469
-2.32704
-2.32647
-2.32327
-2.32468
-2.32594
-2.32617
-2.32568
-2.32717
-2.32723
-2.32641
-2.32468
-2.32563
-2.32582
-2.32651
-2.32805
-2.3291
-2.32413
-2.32572
-2.32763
-2.3266
-2.32735
-2.32721
-2.32556
-2.3258
-2.32643
-2.32743
-2.32589
-2.32855
-2.32778
-2.32339
-2.32906
-2.32934
-2.32525
-2.32528
-2.32563
-2.32546
-2.3272
-2.32134
-2.32615
-2.32539
-2.3267
-2.32652
-2.32614
-2.32253
-2.32399
-2.32807
-2.32593
-2.32796
-2.32503
-2.3265
-2.32562
-2.32635
-2.32933
-2.32982
-2.3276
-2.32819
-2.328
-2.32792
-2.32868
-2.3267
-2.32921
-2.32753
-2.32698
-2.32616
-2.32507
-2.32674
-2.32693
-2.32826
-2.32851
-2.32626
-2.32575
-2.32745
-2.32455
-2.32636
-2.32197
-2.32651
-2.3279
-2.3265
-2.32481
-2.32429
-2.32554
-2.32578
-2.32755
-2.32551
-2.33046
-2.32468
-2.32815
-2.32672
-2.32691
-2.32522
-2.32489
-2.32517
-2.32702
-2.32706
-2.32533
-2.32675
-2.32675
-2.32865
-2.32729
-2.32465
-2.327
-2.3305
-2.32774
-2.32467
-2.32854
-2.32637
-2.32479
-2.32735
-2.32663
-2.32492
-2.32705
-2.32616
-2.32426
-2.32577
-2.32495
-2.32631
-2.32774
-2.32494
-2.32441
-2.32336
-2.32154
-2.32519
-2.327
-2.32725
-2.32577
-2.32461
-2.32554
-2.32685
-2.32687
-2.32641
-2.32603
-2.32786
-2.32989
-2.32812
