-0.0327515
-0.0328462
-0.0328099
-0.0327969
-0.0327895
-0.0328368
-0.0328383
-0.0328318
-0.0327726
-0.0328496
-0.0329112
-0.0329175
-0.0328114
-0.0327697
-0.032786
-0.0328782
-0.0328881
-0.0328761
-0.0327685
-0.0328276
-0.0330276
-0.0331568
-0.033104
-0.0329123
-0.0327104
-0.0328513
-0.0329507
-0.0329912
-0.0327414
-0.0327178
-0.0329346
-0.0328886
-0.0329553
-0.032878
-0.0327213
-0.0327366
-0.0328829
-0.0329389
-0.0328735
-0.0327689
-0.0329298
-0.0329405
-0.0329657
-0.0328667
-0.0328425
-0.0328371
-0.0328958
-0.0327878
-0.0328695
-0.0328837
-0.0328236
-0.0328907
-0.0329408
-0.0329368
-0.0328522
-0.032841
-0.0328422
-0.0328516
-0.0329296
-0.032961
-0.0329339
-0.0329269
-0.0328669
-0.0328621
-0.0328985
-0.0329304
-0.0328734
-0.0331022
-0.0327891
-0.0329062
-0.0327759
-0.0325374
-0.0329965
-0.0327377
-0.0328274
-0.0330964
-0.0328324
-0.0327488
-0.0329719
-0.0327966
-0.03277
-0.0328229
-0.0328453
-0.0332059
-0.0331293
-0.0329787
-0.0326359
-0.0329188
-0.0328198
-0.032858
-0.0326972
-0.0330953
-0.0329797
-0.0329724
-0.0327078
-0.0330714
-0.0331229
-0.0330591
-0.0328392
-0.0325984
-0.0328271
-0.0329531
-0.0330027
-0.0329398
-0.0328227
-0.032817
-0.0328911
-0.032938
-0.0328837
-0.0328908
-0.0329657
-0.0328517
-0.032908
-0.032741
-0.0328421
-0.0329975
-0.0330547
-0.0328719
-0.032749
-0.0330855
-0.0331178
-0.0327951
-0.0328723
-0.0329258
-0.0329453
-0.0329206
-0.0328901
-0.0328784
-0.0328832
-0.0329418
-0.0329271
-0.0329446
-0.0328327
-0.0329537
-0.0329068
-0.0329612
-0.0330808
-0.0328646
-0.0329511
-0.0330294
-0.0329105
-0.0328087
-0.0329647
-0.0328881
-0.0329562
-0.0329526
-0.0328979
-0.0330735
-0.0329946
-0.0328592
-0.032932
-0.0329283
-0.0329386
-0.0329513
-0.0329746
-0.0328997
-0.0329429
-0.0329842
-0.0329753
-0.0328344
-0.0327788
-0.0328884
-0.0330203
-0.0330088
-0.0328894
-0.0328166
-0.0329624
-0.0329298
-0.0329144
-0.0329309
-0.0328467
-0.0329001
-0.0329553
-0.0329845
-0.032865
-0.0328376
-0.032968
-0.0329462
-0.0329324
-0.0329273
-0.0330187
-0.0328269
-0.032889
-0.0328732
-0.0328934
-0.0328928
-0.0329537
-0.0329717
-0.0329653
-0.032944
-0.0328858
-0.0328778
-0.0329266
-0.0329084
-0.0328587
-0.032854
-0.0329544
-0.0329467
-0.0329121
-0.032907
-0.0329821
-0.0328562
-0.032969
-0.0329457
-0.0329246
-0.0328995
-0.0329894
-0.0328513
-0.0328776
-0.032913
-0.0329812
-0.0328481
-0.032944
-0.0329464
-0.0330277
-0.0329214
-0.0329998
-0.0329628
-0.0329495
-0.0329527
-0.0329365
-0.0330445
-0.0329597
-0.0328683
-0.0329139
-0.0328011
-0.0329082
-0.033001
-0.0328766
-0.0327982
-0.0329546
-0.0328738
-0.0328543
-0.0328846
-0.0330202
-0.0328882
-0.0327506
-0.0328727
-0.0328896
-0.0329486
-0.0329373
-0.0329599
-0.0329523
-0.0329007
-0.0330023
-0.0328746
-0.0328885
-0.0329037
-0.0329059
-0.032869
-0.0329665
-0.0329619
-0.0329842
-0.0328772
-0.0329859
-0.0329964
-0.0329551
-0.0328896
-0.0329035
-0.0329862
-0.0329286
-0.0328622
-0.0329195
-0.0329953
-0.0328874
-0.0329515
-0.0329019
-0.032974
-0.032898
-0.0329353
-0.032976
-0.0329305
-0.0328898
-0.0328966
-0.0329212
-0.0329518
-0.0329468
-0.0328908
-0.032911
-0.0329564
-0.032903
-0.0328985
-0.0329715
-0.032945
-0.0329309
-0.0329517
-0.0329172
-0.0329065
-0.0329653
-0.0328828
-0.0329794
-0.0329137
-0.0329693
-0.0329477
-0.0329466
-0.0329732
-0.0329498
-0.032953
-0.0329482
-0.0329258
-0.0329074
-0.0328969
-0.0328977
-0.0330603
-0.0331227
-0.0328955
-0.032792
-0.0328891
-0.0328785
-0.0328716
-0.0330399
-0.0331013
-0.0329799
-0.0328601
-0.0330247
-0.0329865
-0.0330287
-0.0330224
-0.0328653
-0.0328927
-0.0329977
-0.0329731
-0.0329331
-0.0328532
-0.0328271
-0.0328821
-0.0331436
-0.033132
-0.0330373
-0.0327922
-0.0329309
-0.0329885
-0.0329095
-0.0328667
-0.032939
-0.0330103
-0.0329474
-0.0328963
-0.0330985
-0.0330559
-0.032907
-0.0329616
-0.0330034
-0.033109
-0.0331152
-0.0327984
-0.0329429
-0.0331127
-0.033036
-0.0328782
-0.0328833
-0.0329444
-0.0330953
-0.0330017
-0.0327709
-0.0328772
-0.0331184
-0.0330607
-0.0328582
-0.0327931
-0.0330265
-0.032903
-0.0328727
-0.0331451
-0.0331789
-0.0330495
-0.0326855
-0.0328468
-0.0330956
-0.0331129
-0.0331042
-0.0327974
-0.0327149
-0.0327019
-0.033113
-0.0332389
-0.0331072
-0.0330404
-0.0329484
-0.0328006
-0.0330253
-0.0331874
-0.0331374
-0.0329118
-0.0329274
-0.0330167
-0.0331141
-0.0328642
-0.0327474
-0.0328529
-0.0331175
-0.0330657
-0.0328697
-0.032977
-0.0329514
-0.0331043
-0.0329371
-0.0329356
-0.0329468
-0.0330147
-0.0329542
-0.032994
-0.0330139
-0.0328853
-0.0328922
-0.0329341
-0.0329823
-0.0329534
-0.0329415
-0.0329047
-0.0329639
-0.0329408
-0.0329723
-0.0329181
-0.0329338
-0.0328087
-0.032844
-0.0330448
-0.0333643
-0.0336404
-0.0335141
-0.0324643
-0.0326505
-0.0331374
-0.0330442
-0.0329344
-0.0329487
-0.0329794
-0.0329507
-0.0329152
-0.032932
-0.0329597
-0.0328934
-0.0329491
-0.0329495
-0.0329145
-0.0328992
-0.0329297
-0.0329386
-0.0329407
-0.0329816
-0.0329171
-0.0328908
-0.0329337
-0.0329849
-0.0329237
-0.0328936
-0.0329664
-0.0329227
-0.0329611
-0.0328974
-0.0329222
-0.0328844
-0.032891
-0.032904
-0.0329529
-0.0328923
-0.0330208
-0.0328996
-0.0329872
-0.0328715
-0.0330028
-0.0329835
-0.032932
-0.032982
-0.0329712
-0.0329323
-0.0329851
-0.0329248
-0.032939
-0.0328899
-0.0328854
-0.0329022
-0.0329234
-0.0329773
-0.0329368
-0.0327909
-0.0329009
-0.0329566
-0.0329861
-0.0329378
-0.0329597
-0.0329316
-0.0329376
-0.0328957
-0.0329301
-0.0329529
-0.0329541
-0.0329494
-0.0328903
-0.0328826
-0.0329315
-0.0329781
-0.0328447
-0.0328577
-0.0329715
-0.0328858
-0.0329428
-0.0328632
-0.0329163
-0.0329412
-0.0329278
-0.0330856
-0.0329038
-0.0328995
-0.0329459
-0.0329365
-0.0329528
-0.0329361
-0.0329869
-0.0330086
-0.0329446
-0.032967
-0.0328958
-0.0329243
-0.0329236
-0.0330217
-0.0328958
-0.0329483
-0.0329169
-0.0328926
-0.0329641
-0.0329573
-0.0329629
-0.032949
-0.0329497
-0.0329276
-0.0329456
-0.0329219
-0.0329376
-0.0329745
-0.0329254
-0.0329052
-0.033014
-0.0329906
-0.0329088
-0.0328485
-0.0328977
-0.0329438
-0.0331121
-0.0329231
-0.0329871
-0.0329424
-0.0329556
-0.0329391
-0.0329493
-0.0329893
-0.0329808
-0.0329613
-0.032947
-0.0330016
-0.0328763
-0.0329473
-0.0330052
-0.0329734
-0.0329468
-0.0329018
-0.0329328
-0.0329543
-0.0328759
-0.032927
-0.0328927
-0.0328976
-0.0329507
-0.0329629
-0.0328604
-0.0329402
-0.0329998
-0.0329499
-0.0329059
-0.0328905
-0.0329778
-0.0328678
-0.0329227
-0.0329233
-0.0328696
-0.0329035
-0.0330023
-0.0329468
-0.0329236
-0.0329681
-0.0329547
-0.0329438
-0.0329449
-0.0329461
-0.0329551
-0.0329619
-0.0329767
-0.0329447
-0.0329415
-0.0328675
-0.0329011
-0.0329641
-0.0329549
-0.0329518
-0.0329086
-0.0330033
-0.0329319
-0.0328977
-0.032927
-0.0329525
-0.032938
-0.0328589
-0.0328829
-0.0329477
-0.0328973
-0.0329685
-0.0329213
-0.0329326
-0.0329317
-0.03294
-0.0329539
-0.0329717
-0.0329959
-0.0329329
-0.0329039
-0.0329119
-0.0329997
-0.0329101
-0.032985
-0.032924
-0.032854
-0.0329427
-0.0329314
-0.0329696
-0.032985
-0.032927
-0.0330077
-0.0328492
-0.0329996
-0.0329146
-0.0329371
-0.032861
-0.032947
-0.0329815
-0.0329538
-0.0329603
-0.0329334
-0.032898
-0.0329385
-0.0329539
-0.0329177
-0.0330089
-0.0329683
-0.0328814
-0.032929
-0.0329396
-0.0328706
-0.0329693
-0.0329092
-0.0329184
-0.0329218
-0.0328938
-0.0329245
-0.0329219
-0.0329297
-0.0328791
-0.0328931
-0.0329496
-0.0329475
-0.0329264
-0.0329543
-0.0329507
-0.0329519
-0.032927
-0.0329609
-0.0329207
-0.0329003
-0.0329442
-0.0328943
-0.0328953
-0.0329319
-0.0328958
-0.0329563
-0.032957
-0.0328437
-0.0328664
-0.032954
-0.0329636
-0.0329868
-0.0329027
-0.0329149
-0.0330194
-0.0330182
-0.032901
-0.0328809
-0.0329537
-0.0329311
-0.0329292
-0.0328363
-0.0328371
-0.0328822
-0.0329506
-0.0329341
-0.0328973
-0.0329335
-0.0329413
-0.0328546
-0.0328941
-0.0328777
-0.0328854
-0.0327925
-0.0329872
-0.0329408
-0.0329494
-0.0328849
-0.0328873
-0.0329046
-0.0329937
-0.0329688
-0.0329633
-0.0329455
-0.0329579
-0.0329009
-0.0329775
-0.0329235
-0.0329341
-0.0329485
-0.0329585
-0.0329653
-0.0329385
-0.0330273
-0.0327738
-0.0326258
-0.0330952
-0.0329502
-0.0327682
-0.0331102
-0.0332862
-0.0331799
-0.0329569
-0.0327919
-0.0329957
-0.0328492
-0.0329206
-0.0329806
-0.0329742
-0.0329533
-0.032861
-0.032874
-0.032967
-0.0329488
-0.032931
-0.0329508
-0.0329232
-0.0327783
-0.0327966
-0.0331245
-0.0331302
-0.0329379
-0.0328702
-0.0329614
-0.032956
-0.0329385
-0.0328729
-0.0329335
-0.0330222
-0.0329728
-0.0329408
-0.0329301
-0.0329282
-0.0329398
-0.0329331
-0.0328738
-0.0330318
-0.0330635
-0.0329893
-0.0329571
-0.0328766
-0.0327923
-0.0327819
-0.0328414
-0.0329461
-0.0329412
-0.0329236
-0.0329292
-0.0329323
-0.0329059
-0.0328837
-0.0329731
-0.0329591
-0.0329552
-0.0329292
-0.0329305
-0.0329464
-0.0329825
-0.0329742
-0.0329243
-0.0329434
-0.0329336
-0.032884
-0.0328156
-0.0328976
-0.0328667
-0.0330068
-0.0331397
-0.0330104
-0.0330229
-0.0328043
-0.0329509
-0.032932
-0.0329666
-0.0329369
-0.0329595
-0.0329151
-0.0330948
-0.032977
-0.0330106
-0.0330162
-0.0329617
-0.0329444
-0.0328547
-0.0329541
-0.032978
-0.0329321
-0.0330175
-0.0329511
-0.033011
-0.0329571
-0.032922
-0.0329526
-0.0330274
-0.0330957
-0.0329228
-0.0329204
-0.0329658
-0.0329309
-0.0329753
-0.0329043
-0.0329874
-0.0330974
-0.0330478
-0.0330338
-0.0330351
-0.033057
-0.0329962
-0.0329535
-0.0330464
-0.0330358
-0.0329919
-0.0330546
-0.033079
-0.0330547
-0.0331095
-0.0330281
-0.0330569
-0.0329805
-0.0329854
-0.0329718
-0.0329427
-0.0330052
-0.032989
-0.0330536
-0.0330127
-0.0329858
-0.0329975
-0.033012
-0.032787
-0.0329754
-0.033049
-0.0329647
-0.0329235
-0.033065
-0.0329448
-0.0329397
-0.0329306
-0.0329224
-0.0330192
-0.0329648
-0.0327155
-0.0328791
-0.0329386
-0.0330827
-0.0330041
-0.0330107
-0.0330345
-0.0331139
-0.0330078
-0.0328529
-0.0327389
-0.0326954
-0.0327175
-0.0327285
-0.0327064
-0.0327141
-0.0327037
-0.0327342
-0.032663
-0.0326592
-0.032695
-0.0326822
-0.0327073
-0.0326716
-0.0327233
-0.0326975
-0.0326908
-0.0327559
-0.0326847
-0.0326988
-0.0327048
-0.0325747
-0.0326372
-0.032707
-0.0327056
-0.032707
-0.0327081
-0.032706
-0.032701
-0.0326732
-0.0326878
-0.0327088
-0.0326947
-0.0327002
-0.032705
-0.0327026
-0.0327154
-0.0327292
-0.0326414
-0.0327161
-0.0327178
-0.0327139
-0.0327104
-0.0327042
-0.0327135
-0.0327309
-0.0327119
-0.0327014
-0.0327101
-0.032714
-0.032724
-0.032706
-0.0327041
-0.0326348
-0.0326758
-0.0327093
-0.0327064
-0.0327056
-0.032747
-0.0327079
-0.0327055
-0.0326672
-0.0327249
-0.0327559
-0.0327271
-0.0327654
-0.0327475
-0.0326995
-0.0326152
-0.0327075
-0.0327273
-0.0327652
-0.0326998
-0.0327048
-0.0327591
-0.032763
-0.0327222
-0.0327028
-0.0326573
-0.0327037
-0.0326805
-0.0327096
-0.0327184
-0.0327048
-0.0327201
-0.0327034
-0.0327044
-0.0327264
-0.0327181
-0.0327252
-0.032718
-0.0327427
-0.0327053
-0.0327212
-0.0327603
-0.032799
-0.0327483
-0.0326731
-0.0327476
-0.0325015
-0.0327077
-0.0328672
-0.0328717
-0.0327916
-0.0327082
-0.0327104
-0.0330069
-0.0328433
-0.0328624
-0.0325652
-0.0327411
-0.0328122
-0.0327382
-0.0327057
-0.0327968
-0.0327546
-0.0328246
-0.0328167
-0.032779
-0.0328973
-0.032901
-0.0328564
