2.9149
2.90022
2.91369
2.90042
2.89969
2.90168
2.9037
2.89778
2.89884
2.89792
2.90313
2.90167
2.89801
2.89697
2.90386
2.90447
2.9014
2.90364
2.90771
2.91045
2.90846
2.90767
2.90794
2.90287
2.9038
2.90879
2.90907
2.90799
2.9018
2.9096
2.9082
2.90975
2.90892
2.90783
2.90413
2.90196
2.90739
2.90698
2.90775
2.90161
2.90932
2.91021
2.90788
2.90288
2.90952
2.90902
2.90821
2.90895
2.90938
2.90896
2.91081
2.90834
2.90895
2.90709
2.90865
2.90855
2.90878
2.90906
2.90813
2.90938
2.90739
2.91066
2.90967
2.90872
2.90267
2.90938
2.90035
2.90875
2.90406
2.90239
2.90191
2.90417
2.90731
2.90077
2.90171
2.90858
2.90533
2.90441
2.9086
2.90344
2.90825
2.90901
2.90885
2.90952
2.90673
2.89979
2.90201
2.90537
2.90246
2.90131
2.90226
2.9076
2.90782
2.90689
2.90136
2.90824
2.90192
2.90625
2.9015
2.90137
2.90078
2.89991
2.90781
2.9011
2.90836
2.90626
2.8996
2.90706
2.90453
2.90693
2.90733
2.90676
2.90822
2.90253
2.90899
2.9072
2.90651
2.90261
2.90117
2.90652
2.90728
2.89976
2.89941
2.907
2.90645
2.90722
2.89482
2.90631
2.90671
2.90614
2.89542
2.90718
2.90712
2.90723
2.90011
2.90738
2.90594
2.90801
2.90632
2.90553
2.90683
2.90539
2.90565
2.90562
2.90525
2.90724
2.90542
2.90629
2.90701
2.90628
2.90691
2.90599
2.90639
2.90451
2.90492
2.90617
2.90767
2.90672
2.90667
2.90002
2.90081
2.89974
2.90566
2.905
2.89957
2.89988
2.90614
2.90646
2.90631
2.89922
2.90669
2.89795
2.90523
2.9053
2.90043
2.89967
2.90391
2.90602
2.90396
2.90624
2.90579
2.90503
2.90743
2.90688
2.906
2.90558
2.90526
2.90627
2.90611
2.90605
2.90451
2.90406
2.9055
2.90579
2.90658
2.90537
2.90494
2.90471
2.90518
2.90498
2.90437
2.90567
2.90505
2.89238
2.90607
2.90511
2.9054
2.90481
2.9054
2.9048
2.90629
2.90637
2.90619
2.89847
2.90444
2.90562
2.906
2.90458
2.90535
2.90575
2.90562
2.90534
2.90543
2.90524
2.9046
2.90539
2.90508
2.90464
2.9062
2.904
2.90431
2.90694
2.90567
2.90614
2.90433
2.90565
2.89928
2.90423
2.9042
2.90507
2.89976
2.90113
2.90557
2.90481
2.89699
2.90535
2.90612
2.90605
2.90651
2.90509
2.90614
2.89741
2.89928
2.90341
2.90522
2.90402
2.90475
2.90045
2.90512
2.90363
2.90606
2.90565
2.90551
2.90643
2.9047
2.90536
2.90566
2.90594
2.90597
2.90494
2.90471
2.90481
2.9051
2.90536
2.90413
2.90572
2.9057
2.90524
2.90589
2.90374
2.9038
2.90514
2.90573
2.90606
2.90537
2.90492
2.89773
2.90445
2.90313
2.90477
2.90534
2.89885
2.90429
2.90502
2.90547
2.90482
2.90579
2.90513
2.90528
2.90559
2.90481
2.9044
2.90531
2.90465
2.90516
2.90474
2.89917
2.90486
2.90533
2.90486
2.90366
2.89874
2.9042
2.90476
2.90521
2.90378
2.90365
2.90451
2.89762
2.89956
2.90341
2.90388
2.89868
2.89961
2.89807
2.89937
2.89783
2.89806
2.89933
2.89919
2.90623
2.90403
2.89696
2.90348
2.9043
2.90342
2.90475
2.90556
2.90409
2.90507
2.89882
2.90634
2.90475
2.90452
2.90501
2.90482
2.8993
2.89843
2.9051
2.90561
2.90364
2.90584
2.9046
2.90488
2.89614
2.89832
2.90281
2.9049
2.90031
2.91215
2.89853
2.90459
2.89961
2.89734
2.89955
2.89791
2.89937
2.89975
2.89755
2.89739
2.89872
2.89902
2.89999
2.89005
2.90327
2.89711
2.89794
2.89785
2.90558
2.90337
2.89704
2.89933
2.90484
2.9071
2.90587
2.90595
2.89889
2.90043
2.90001
2.90562
2.90384
2.90416
2.90509
2.90578
2.90346
2.90518
2.90592
2.90554
2.89274
2.89866
2.89812
2.90554
2.89939
2.90021
2.90589
2.89811
2.89736
2.89794
2.89881
2.8966
2.90534
2.9045
2.89832
2.90702
2.9054
2.90315
2.89946
2.89711
2.91048
2.90493
2.90987
2.90323
2.89006
2.90545
2.90475
2.90532
2.90536
2.90604
2.90512
2.90561
2.90441
2.90564
2.90525
2.90586
2.90372
2.90508
2.90447
2.90576
2.90472
2.90373
2.90508
2.90446
2.90595
2.90463
2.8977
2.90528
2.90461
2.90463
2.89928
2.90626
2.90472
2.90653
2.9061
2.9042
2.90614
2.90735
2.90434
2.90587
2.90381
2.90438
2.90645
2.90479
2.90476
2.90521
2.90453
2.90552
2.90456
2.90448
2.90578
2.90638
2.90577
2.90662
2.9051
2.90616
2.90442
2.90436
2.90562
2.9037
2.90592
2.90303
2.90658
2.90765
2.90681
2.90582
2.9049
2.90466
2.90375
2.90252
2.89909
2.90554
2.90374
2.90422
2.90459
2.90587
2.87786
2.89949
2.90585
2.90519
2.89817
2.90535
2.90406
2.89884
2.90497
2.89856
2.89828
2.90053
2.89886
2.90549
2.90569
2.90517
2.90459
2.90501
2.90406
2.90658
2.90631
2.90501
2.90446
2.90526
2.90366
2.90672
2.90465
2.89955
2.89941
2.89904
2.89915
2.90513
2.90525
2.89763
2.8996
2.89815
2.8987
2.89865
2.89894
2.89815
2.89755
2.89662
2.89882
2.89924
2.89881
2.8975
2.90481
2.90361
2.90392
2.89809
2.89869
2.899
2.90523
2.89119
2.90465
2.90678
2.90358
2.90472
2.89864
2.90378
2.90344
2.90546
2.90026
2.89854
2.90437
2.89715
2.89825
2.89886
2.886
2.89728
2.89765
2.90023
2.8986
2.89737
2.89826
2.89831
2.8984
2.8982
2.89779
2.89817
2.89843
2.89793
2.89707
2.89747
2.89784
2.89863
2.90476
2.9054
2.8986
2.8987
2.8982
2.90346
2.89793
2.90652
2.90534
2.90558
2.90541
2.89914
2.90453
2.90453
2.89782
2.89651
2.89729
2.89723
2.89802
2.90702
2.89824
2.89822
2.89914
2.89861
2.89855
2.9038
2.89811
2.89905
2.90015
2.89827
2.89901
2.89742
2.90429
2.90572
2.90457
2.89944
2.89892
2.90446
2.89808
2.90524
2.90412
2.90418
2.90456
2.90491
2.90462
2.90416
2.90599
2.90465
2.9057
2.9058
2.90332
2.89679
2.90375
2.90491
2.90516
2.90316
2.90372
2.90383
2.89783
2.89893
2.90387
2.89746
2.90464
2.90461
2.90392
2.90356
2.89746
2.89822
2.8965
2.89806
2.89866
2.8991
2.90423
2.89926
2.89945
2.8973
2.89786
2.90461
2.8983
2.90424
2.90546
2.90395
2.90444
2.90437
2.90406
2.90184
2.90391
2.90324
2.89903
2.90512
2.90469
2.90439
2.89793
2.9047
2.89915
2.90567
2.9052
2.90456
2.90651
2.89756
2.90556
2.8982
2.89761
2.90402
2.90656
2.89957
2.90515
2.90589
2.90387
2.90533
2.90478
2.89922
2.9042
2.9044
2.90561
2.90473
2.90533
2.89789
2.90532
2.90442
2.90401
2.90474
2.90467
2.90301
2.90433
2.90407
2.90308
2.90468
2.90317
2.90375
2.90332
2.90273
2.90345
2.90377
2.9052
2.90435
2.90457
2.9048
2.90502
2.90454
2.90561
2.90439
2.90056
2.89961
2.9056
2.90502
2.89828
2.89873
2.90976
2.89762
2.89889
2.89901
2.90391
2.8989
2.89677
2.89877
2.89968
2.90584
2.90316
2.90419
2.90365
2.90383
2.90443
2.90542
2.90486
2.90637
2.89699
2.90533
2.89738
2.90489
2.90469
2.90557
2.90306
2.90681
2.9046
2.90465
2.90375
2.90336
2.90575
2.9046
2.90555
2.89956
2.90665
2.90487
2.89988
2.89787
2.90427
2.89774
2.8995
2.8981
2.89775
2.90587
2.89799
2.90487
2.89693
2.89837
2.90484
2.90309
2.90398
2.9035
2.90344
2.90518
2.90325
2.90456
2.90469
2.90348
2.90462
2.9054
2.90527
2.9027
2.90493
2.90438
2.90432
2.90547
2.89819
2.90179
2.90497
2.89886
2.90409
2.90392
2.90413
2.90498
2.90492
2.8908
2.90587
2.90451
2.90311
2.90369
2.90283
2.89777
2.89926
2.89646
2.8976
2.90426
2.89949
2.89874
2.89862
2.89736
2.89675
2.9039
2.90543
2.90441
2.89726
2.90466
2.9058
2.90423
2.90434
2.90464
2.9052
2.89826
2.89812
2.90413
2.90496
2.90541
2.90521
2.90381
2.90396
2.90443
2.90525
2.90482
2.90529
2.90476
2.90512
2.90599
2.90477
2.90566
2.90548
2.90456
2.90369
2.905
2.90526
2.90492
2.90467
2.90423
2.90452
2.9037
2.89897
2.90626
2.90696
2.90328
2.90473
2.9035
2.89925
2.89862
2.90547
2.89787
2.90502
2.89838
2.90515
2.90626
2.90308
2.90486
2.90396
2.90494
2.90435
2.89821
2.90304
2.90437
2.90399
2.90331
2.89784
2.90299
2.8974
2.89847
2.90373
2.898
2.89756
2.89687
2.89735
2.89691
2.89913
2.89845
2.89823
2.89725
2.89878
2.89707
2.91145
2.89762
2.89912
2.90503
2.89756
2.89898
2.90522
2.89716
2.89748
2.89822
2.89885
2.90463
2.89694
2.89796
2.91003
2.89691
2.8987
2.90461
2.89844
2.90387
2.8978
2.898
2.90461
2.89603
2.89633
2.89817
2.89742
2.89773
2.89706
2.89722
2.89888
2.89763
2.89728
2.8964
2.89915
2.89883
2.89827
2.8977
2.89735
2.89701
2.89849
2.89647
2.89818
2.89827
2.89888
2.89488
2.89925
2.89767
2.89734
2.89751
2.90515
2.90415
2.89802
2.89671
2.89882
2.89774
2.89841
2.89851
2.89669
2.89719
2.89887
2.8973
2.89861
2.89825
2.89735
2.89725
2.89845
2.8982
2.89782
2.89881
2.89962
2.89712
2.8853
2.89578
2.89771
2.89796
2.8989
2.89894
2.89799
2.89694
2.89725
2.89868
2.89627
2.90474
2.89735
2.89794
2.89944
2.89764
2.89953
2.89827
2.90267
2.90477
2.89857
2.89732
2.89713
2.8975
2.89783
2.89914
2.8996
2.89766
2.89822
2.89715
2.89657
2.88609
2.89758
