0.0117477
0.011788
0.011796
0.0117977
0.0117783
0.0118254
0.0118535
0.0118697
0.0118551
0.0118301
0.011801
0.0118201
0.0117134
0.0117988
0.0118477
0.0118566
0.0118501
0.0118794
0.0118398
0.011769
0.0119173
0.0120231
0.0120254
0.0118437
0.0115389
0.0116726
0.0118992
0.0118857
0.0115606
0.0118133
0.0119905
0.0119688
0.0119698
0.0116407
0.0115542
0.0115524
0.0119537
0.0118862
0.011792
0.0117188
0.0118824
0.0119188
0.0118614
0.0117694
0.0117394
0.011832
0.0118119
0.0118725
0.0117651
0.0118219
0.0118469
0.0118808
0.0118408
0.0117545
0.0118142
0.011804
0.0117734
0.0117937
0.0117945
0.0117695
0.0117742
0.0116999
0.0118843
0.0118113
0.0118274
0.0118254
0.0118779
0.0119754
0.0116104
0.0117718
0.0117676
0.0115204
0.0119757
0.0119288
0.0119706
0.0120549
0.0115501
0.0115062
0.011789
0.0115864
0.0118691
0.0117524
0.0117647
0.0120027
0.0122209
0.0119747
0.0117443
0.0118871
0.0115936
0.0117889
0.0117134
0.0119662
0.0119342
0.0118268
0.0116969
0.0119371
0.0119719
0.0119513
0.011537
0.011531
0.0118727
0.0119749
0.0119739
0.0117859
0.0117675
0.0117706
0.0117526
0.0118445
0.0118793
0.0118575
0.0117712
0.0119211
0.0117055
0.011666
0.0117661
0.01197
0.0119545
0.0117015
0.0117763
0.0119895
0.0119891
0.0116102
0.0116238
0.0117442
0.0118542
0.0118645
0.0117644
0.0117535
0.0118281
0.0118128
0.0117736
0.0117052
0.0116826
0.0119014
0.0118839
0.0118707
0.0118996
0.011677
0.0117217
0.0117251
0.0117538
0.01175
0.0117899
0.0118692
0.0118137
0.0118278
0.0118616
0.0118768
0.0118777
0.0118111
0.011769
0.0117572
0.011847
0.0118095
0.011769
0.011735
0.0118123
0.0117687
0.0117904
0.0115753
0.0118296
0.0116452
0.0119016
0.0118743
0.0117729
0.0117708
0.0117897
0.0118852
0.0118084
0.011769
0.0116835
0.0117729
0.011881
0.0117949
0.0117122
0.0117708
0.0117723
0.0118659
0.0117777
0.0117974
0.0117896
0.0117279
0.0116993
0.0116965
0.0117692
0.0118521
0.0118636
0.0118817
0.0118798
0.0118737
0.0117709
0.0117989
0.0117835
0.0117426
0.0117753
0.0118373
0.0118122
0.0117926
0.0117745
0.011716
0.0118734
0.0118136
0.0117787
0.0117674
0.0118144
0.011794
0.0117964
0.0118375
0.0117887
0.0117416
0.0117795
0.0117752
0.0118324
0.0117567
0.0117682
0.0118525
0.0118471
0.0118459
0.0118129
0.0117729
0.0117946
0.0117702
0.0118967
0.0117705
0.011743
0.0117165
0.0118554
0.0117956
0.0117546
0.0118138
0.0118687
0.0117333
0.0117723
0.0116421
0.0118835
0.0118224
0.0116726
0.0115707
0.0118535
0.0118883
0.0118852
0.0118303
0.0118502
0.011829
0.0118095
0.0118712
0.0118315
0.0117917
0.0117674
0.011773
0.0117766
0.0118861
0.0118671
0.0118694
0.0117785
0.0117961
0.011771
0.0117691
0.0117881
0.0117732
0.0118055
0.0118139
0.0117702
0.0117685
0.0118089
0.0118471
0.0118289
0.0117757
0.011774
0.011772
0.0118336
0.0117907
0.0117172
0.0117706
0.0118708
0.0118999
0.011788
0.0118015
0.0117736
0.0117976
0.0118705
0.0117693
0.0117225
0.0116977
0.0116976
0.0117741
0.0118649
0.0118114
0.0117721
0.011811
0.0118605
0.0117719
0.0118801
0.0117514
0.0117884
0.0118164
0.0117626
0.0117947
0.0117911
0.01181
0.0118817
0.0118262
0.0118488
0.0119476
0.0118401
0.0118817
0.0116027
0.0117686
0.0117929
0.0117705
0.0119577
0.0118975
0.0119071
0.0115701
0.0117167
0.0117765
0.0117917
0.0118193
0.0115884
0.0115701
0.0119135
0.0117931
0.0117671
0.0117546
0.0117922
0.0117123
0.0119757
0.0119553
0.0117894
0.0115521
0.0117728
0.0117914
0.0117918
0.0117898
0.0118742
0.0118629
0.0118136
0.0117662
0.0119037
0.0119516
0.011822
0.0116068
0.0118437
0.0118695
0.0117882
0.0117348
0.0118109
0.0119002
0.0119155
0.0116856
0.0117563
0.0118259
0.0117904
0.0117687
0.0118102
0.0118995
0.0119737
0.0120197
0.0117031
0.0115557
0.0117962
0.0117699
0.0117699
0.0119837
0.0120179
0.0118459
0.0114993
0.0116693
0.011888
0.0119708
0.0117454
0.0115541
0.011554
0.0114856
0.0119725
0.0120402
0.0119701
0.0118969
0.0117487
0.0117844
0.0119698
0.0119836
0.011909
0.0117123
0.0117475
0.011797
0.0118037
0.011588
0.0115707
0.0119194
0.0120211
0.0119664
0.0116398
0.0117694
0.0118618
0.0119186
0.0116925
0.0117545
0.0118053
0.0118307
0.0118199
0.0118167
0.0118445
0.0118104
0.0117492
0.0117952
0.0118658
0.0118806
0.0118643
0.0118167
0.0118294
0.0118321
0.0117572
0.0117817
0.0117645
0.0119739
0.0119024
0.0119217
0.0123348
0.0123394
0.0120853
0.0110669
0.0114385
0.01202
0.0119379
0.0117703
0.0117684
0.0117876
0.0117698
0.0117383
0.0117324
0.0117692
0.0117384
0.0118222
0.0117905
0.0117726
0.0117923
0.0118384
0.0118867
0.0118662
0.0117725
0.0117492
0.011771
0.0117751
0.011768
0.0118234
0.011772
0.0117771
0.0117904
0.0117723
0.0118123
0.0117482
0.0117512
0.0117954
0.0118073
0.0117888
0.0117745
0.0116797
0.0118094
0.0118226
0.0117391
0.0117745
0.0117875
0.0117496
0.0117759
0.0117203
0.0118876
0.0118668
0.0117698
0.0117614
0.0117356
0.0117698
0.0118848
0.011801
0.0118133
0.0117673
0.0117282
0.0118024
0.0117936
0.0118072
0.011766
0.0116425
0.0116967
0.0118586
0.0117516
0.0118111
0.011885
0.0119679
0.0116615
0.0117172
0.0119347
0.0119341
0.011838
0.0118112
0.0114863
0.0119647
0.0117054
0.0118448
0.0119624
0.0115393
0.0119673
0.0119309
0.0117082
0.0118966
0.0118958
0.0117616
0.0117948
0.0117723
0.0117903
0.0117701
0.0115899
0.0117905
0.0118763
0.0118256
0.0117338
0.0118251
0.0117712
0.0117622
0.0117802
0.0116987
0.0117782
0.0119237
0.0117185
0.0117661
0.0117663
0.011749
0.0117687
0.0118263
0.0117603
0.0117668
0.0118621
0.0117484
0.0117437
0.011773
0.0117695
0.0117509
0.0117473
0.011711
0.0118785
0.0118764
0.0118805
0.0117704
0.0117884
0.0117651
0.0117864
0.0117331
0.0118234
0.0117721
0.0118625
0.0117674
0.0117779
0.0117536
0.0117817
0.0118112
0.0118221
0.0117294
0.0117659
0.0117653
0.0117675
0.0118517
0.011828
0.0117925
0.011834
0.0118464
0.0117757
0.0117453
0.0118424
0.0117668
0.011801
0.011814
0.0117695
0.0117539
0.0117188
0.0117883
0.0118069
0.0117727
0.0117952
0.0117857
0.0117698
0.0117897
0.0118407
0.0118122
0.0118238
0.0117785
0.0117747
0.0118646
0.011823
0.0117924
0.0117725
0.0118048
0.0118281
0.0117889
0.0118265
0.0118626
0.0117932
0.0118281
0.0118054
0.0118225
0.0117662
0.0117878
0.0117695
0.0117668
0.011753
0.0117192
0.0117335
0.0118345
0.0118056
0.0117898
0.0117882
0.0117497
0.0118058
0.011756
0.0118425
0.0117701
0.0118126
0.0117485
0.0117713
0.0117724
0.0117907
0.0117359
0.0117098
0.0118277
0.0117136
0.0117668
0.0118199
0.0118114
0.0117648
0.0117658
0.0117879
0.0117673
0.0118286
0.0117678
0.011801
0.0117687
0.0117702
0.0117659
0.0117504
0.0117975
0.0117715
0.0117733
0.0117669
0.0117761
0.0117703
0.0117896
0.0117701
0.0118119
0.0117739
0.0117858
0.0118056
0.0117891
0.011846
0.0118769
0.0118228
0.0117641
0.0117046
0.0118072
0.0117679
0.0117678
0.0117643
0.0118621
0.0118187
0.0117719
0.0117673
0.0118807
0.0118821
0.0118878
0.011851
0.011718
0.0116552
0.0117325
0.0117676
0.0117669
0.0117296
0.0117669
0.011728
0.011629
0.0117302
0.0117638
0.0117693
0.0117928
0.0117541
0.0118504
0.0118454
0.0117174
0.0117294
0.0115683
0.011693
0.0117473
0.0118663
0.0117106
0.0117905
0.0117127
0.0117701
0.0117694
0.0117273
0.0118519
0.0117171
0.0118067
0.0117931
0.0118384
0.0117502
0.0117726
0.0117861
0.0117903
0.0118429
0.0117685
0.0118294
0.011769
0.0117921
0.0117921
0.011844
0.0118435
0.0117702
0.0117908
0.0118096
0.0117713
0.0117863
0.0117708
0.0117695
0.0118289
0.011826
0.0117712
0.0115135
0.0115145
0.0119751
0.0119378
0.0115629
0.0119338
0.0122343
0.0120036
0.0116
0.0115552
0.0118998
0.0118746
0.0118422
0.011643
0.0118557
0.0119268
0.0118841
0.0118826
0.0117916
0.0118113
0.0116387
0.0118838
0.0119664
0.0117581
0.0118515
0.0116643
0.0118776
0.0117086
0.0116319
0.0117486
0.0117946
0.011729
0.0117733
0.0118272
0.0118514
0.0118651
0.0118329
0.0118144
0.0117471
0.0117514
0.0116389
0.0116023
0.011965
0.0119713
0.0119192
0.011782
0.0118027
0.0116932
0.0116319
0.0117341
0.011883
0.0117753
0.011808
0.0117513
0.0117147
0.0118833
0.0117776
0.0117657
0.011773
0.0117738
0.0118815
0.0117711
0.0117761
0.0117722
0.0117813
0.0117696
0.0117942
0.0118149
0.0117366
0.0117479
0.0118115
0.0118162
0.0119654
0.0119559
0.0119463
0.0117872
0.0116514
0.0117679
0.0118885
0.0118147
0.0118285
0.0118685
0.0118464
0.0118139
0.011865
0.0118184
0.0119002
0.0116989
0.0116368
0.0117366
0.0117761
0.0117691
0.0117677
0.0116206
0.011706
0.0117512
0.0117898
0.0117911
0.0117268
0.0118525
0.0117688
0.01179
0.0117614
0.0118498
0.0117697
0.0115663
0.0115687
0.0119727
0.011935
0.0117731
0.0117897
0.0117693
0.0118792
0.0117516
0.011809
0.01179
0.0118264
0.0117932
0.011769
0.0117931
0.0118111
0.0117856
0.0117873
0.0117693
0.0117919
0.011796
0.0118506
0.0117955
0.0118485
0.0117953
0.0118347
0.0117927
0.0118667
0.0118864
0.0115892
0.0118495
0.0117838
0.0118117
0.0119136
0.0115743
0.0115336
0.011505
0.011573
0.0115707
0.0117748
0.0118686
0.0118167
0.0119433
0.0118492
0.0118522
0.0118132
0.0118153
0.0118912
0.0117745
0.0118114
0.0118294
0.0118883
0.0119413
0.0119091
0.0119343
0.0118945
0.0118686
0.0119429
0.0118884
0.0118341
0.0118883
0.0118746
0.0119561
0.0118465
0.0119029
0.0118514
0.0118506
0.0119077
0.01187
0.0118667
0.0119128
0.0118726
0.0118505
0.0118302
0.0118313
0.0119095
0.0119385
0.0118735
0.0118867
0.0118455
0.0118898
0.011835
0.0118674
0.0118676
0.0119171
0.0118532
0.0118339
0.0118896
0.0118728
0.0118664
0.0118701
0.0118745
0.0118748
0.0119169
0.0118545
0.0118895
0.0118564
0.0118916
0.0118569
0.0118309
0.0118401
0.0118357
0.0118548
0.01185
0.0118265
0.0118514
0.0118523
0.0118754
0.0119231
0.0118491
0.0118718
0.0118531
0.0119156
0.0118872
0.0119259
0.0118312
0.0118543
0.011955
0.0119499
0.0118274
0.0118318
0.0119522
0.0118927
0.0118307
0.0118758
0.0118795
0.0119232
0.0118893
0.0118304
0.0118453
0.0118457
0.0118267
0.0118303
0.0118682
0.0118694
0.0118487
0.0118686
0.0118362
0.0118523
0.011847
0.0118901
0.011852
0.0118582
0.0119535
0.0118373
0.0118306
0.0118269
0.0118148
0.0119032
0.0119832
0.0118355
0.0120101
0.0118102
0.0120038
0.0119663
0.0117716
0.011867
0.011987
0.0120061
0.0121211
0.0121742
0.0117989
0.0118763
0.0118374
0.0118327
0.0118836
0.0118296
0.0119123
0.0119184
0.0118689
0.0118909
0.0118363
0.0118697
0.011856
