0.766753
0.766691
0.76684
0.766815
0.766988
0.767333
0.76721
0.767136
0.767185
0.767185
0.767259
0.76721
0.767469
0.767296
0.767346
0.76737
0.767247
0.767247
0.766469
0.766543
0.766568
0.766667
0.766358
0.766247
0.766803
0.766914
0.766593
0.766519
0.766864
0.766728
0.766568
0.766543
0.766333
0.766716
0.766691
0.766704
0.766457
0.766469
0.766605
0.766556
0.766543
0.766506
0.766482
0.766506
0.766617
0.766543
0.766519
0.766593
0.766531
0.766482
0.76642
0.76637
0.766395
0.766667
0.766494
0.766333
0.766654
0.766531
0.766568
0.766556
0.766728
0.766642
0.766432
0.766432
0.76658
0.766531
0.766296
0.766432
0.766642
0.766543
0.766716
0.76663
0.766753
0.766457
0.766531
0.76642
0.766259
0.766284
0.766296
0.766617
0.766457
0.766593
0.766667
0.766407
0.76637
0.766543
0.766852
0.766395
0.766704
0.766494
0.76658
0.766395
0.766568
0.766531
0.766494
0.76642
0.766444
0.766593
0.766309
0.766864
0.76684
0.766741
0.766803
0.766272
0.766519
0.766531
0.766605
0.766469
0.76663
0.766556
0.766778
0.766407
0.766704
0.766691
0.766605
0.766543
0.766556
0.766506
0.766728
0.766482
0.766519
0.766543
0.766679
0.766667
0.766593
0.766444
0.766716
0.766704
0.766457
0.766556
0.766531
0.76663
0.766642
0.766407
0.766519
0.76663
0.766654
0.766494
0.766679
0.766753
0.766716
0.766494
0.766543
0.766716
0.766691
0.766469
0.76658
0.766556
0.766444
0.76658
0.76658
0.766642
0.76642
0.766617
0.766617
0.766741
0.766716
0.766667
0.766506
0.766667
0.766531
0.766543
0.766482
0.766617
0.766605
0.766543
0.766543
0.766543
0.766679
0.766605
0.766679
0.766617
0.766519
0.766568
0.766531
0.766568
0.766753
0.766519
0.766864
0.766506
0.766506
0.766506
0.766494
0.766444
0.766568
0.76642
0.766543
0.766531
0.766482
0.766531
0.76658
0.766482
0.766395
0.766815
0.766617
0.766469
0.766617
0.766457
0.76658
0.766654
0.766667
0.766556
0.766556
0.766827
0.766605
0.766679
0.766691
0.766667
0.766568
0.766901
0.766667
0.766827
0.766543
0.766506
0.766568
0.76642
0.76658
0.766642
0.76658
0.766704
0.766765
0.766605
0.766605
0.766654
0.766753
0.766679
0.766482
0.766444
0.766593
0.766667
0.766469
0.766617
0.766531
0.766938
0.766605
0.766333
0.766494
0.766691
0.76663
0.766444
0.766728
0.766642
0.766617
0.766543
0.766654
0.766469
0.766494
0.766432
0.766556
0.766753
0.766704
0.766556
0.766531
0.766383
0.766617
0.766284
0.766605
0.766679
0.766654
0.766741
0.766556
0.766617
0.766654
0.766519
0.766593
0.766543
0.766346
0.766444
0.766753
0.76658
0.766617
0.766506
0.766482
0.766617
0.766543
0.766519
0.766531
0.766383
0.766642
0.76658
0.766469
0.766617
0.766704
0.766753
0.76679
0.766593
0.766432
0.766679
0.766617
0.76658
0.766296
0.766556
0.766383
0.766469
0.766506
0.766457
0.766679
0.766654
0.766543
0.766494
0.766593
0.76642
0.766519
0.76642
0.766395
0.766383
0.766617
0.766716
0.766543
0.766753
0.766284
0.76621
0.766148
0.766556
0.766593
0.766432
0.766469
0.76637
0.76658
0.766704
0.76642
0.766519
0.76658
0.766506
0.766519
0.766568
0.766383
0.766123
0.766247
0.766753
0.766691
0.766494
0.766667
0.766457
0.766593
0.766321
0.76637
0.766543
0.766407
0.76637
0.766346
0.766531
0.766383
0.766383
0.766247
0.766556
0.766482
0.76642
0.766296
0.766617
0.766482
0.766469
0.766506
0.766444
0.766519
0.76642
0.766358
0.766482
0.766346
0.766469
0.766679
0.766543
0.76658
0.766222
0.76642
0.76621
0.766469
0.766741
0.766383
0.766346
0.766333
0.766519
0.76642
0.766309
0.766617
0.76637
0.766309
0.766309
0.766519
0.766457
0.766383
0.766222
0.766136
0.766235
0.766457
0.76637
0.766235
0.766247
0.766704
0.766605
0.766407
0.766457
0.766494
0.76642
0.766259
0.766395
0.766519
0.766617
0.766469
0.766395
0.766432
0.766444
0.766444
0.766444
0.766519
0.766568
0.766247
0.766444
0.766309
0.766519
0.766457
0.766593
0.76663
0.766444
0.766531
0.766593
0.766593
0.766704
0.766321
0.766407
0.766309
0.766494
0.766407
0.766642
0.766482
0.766593
0.766531
0.766482
0.766556
0.766531
0.766444
0.766432
0.76642
0.766173
0.76637
0.766531
0.766482
0.766395
0.766519
0.766457
0.766457
0.766506
0.76658
0.766568
0.766383
0.766333
0.766482
0.766519
0.766469
0.766568
0.766444
0.766494
0.766444
0.76642
0.766444
0.766494
0.76642
0.766679
0.76642
0.76637
0.766519
0.766519
0.766444
0.766519
0.766432
0.76663
0.766432
0.766407
0.766506
0.766395
0.766506
0.766543
0.76621
0.76642
0.766321
0.766519
0.766494
0.766309
0.766457
0.766284
0.766444
0.766654
0.766469
0.766247
0.766519
0.766407
0.766333
0.766321
0.766519
0.766407
0.76637
0.766284
0.766185
0.766309
0.767074
0.765852
0.766778
0.766321
0.766025
0.766815
0.766123
0.766
0.766407
0.766111
0.766062
0.766272
0.766173
0.766667
0.766346
0.766543
0.766704
0.766432
0.766247
0.766235
0.766519
0.766309
0.766482
0.766506
0.76637
0.766667
0.766531
0.766111
0.766407
0.766432
0.766568
0.766494
0.766482
0.766309
0.766407
0.766506
0.766222
0.766407
0.766457
0.766395
0.766494
0.766568
0.766568
0.766556
0.766296
0.766284
0.766161
0.766358
0.766235
0.766556
0.766321
0.766519
0.766222
0.766346
0.766235
0.766309
0.76642
0.766444
0.766407
0.766395
0.766346
0.766432
0.766506
0.766519
0.766506
0.766321
0.766284
0.766482
0.766296
0.766333
0.766395
0.766333
0.766296
0.766617
0.766407
0.766383
0.76642
0.766333
0.766531
0.766284
0.766284
0.766346
0.766247
0.766346
0.766395
0.76637
0.766407
0.76637
0.766333
0.766556
0.766482
0.766321
0.766272
0.766321
0.766494
0.76637
0.766346
0.766321
0.766346
0.766469
0.766531
0.766432
0.766333
0.766259
0.766506
0.766309
0.766556
0.766617
0.766482
0.766531
0.766506
0.766407
0.766444
0.766383
0.766395
0.766494
0.766358
0.766519
0.766395
0.76642
0.766185
0.76637
0.766519
0.766432
0.766383
0.766494
0.766457
0.766222
0.766568
0.766494
0.766358
0.76637
0.766519
0.766469
0.766395
0.766469
0.766272
0.766432
0.766284
0.766444
0.766482
0.766333
0.766543
0.766469
0.766543
0.766407
0.766432
0.766506
0.766482
0.766506
0.766469
0.766309
0.76663
0.766309
0.766284
0.76642
0.766247
0.766259
0.766309
0.766407
0.766432
0.766284
0.766469
0.766432
0.766457
0.766284
0.766333
0.766506
0.766444
0.766346
0.76621
0.766284
0.766444
0.766654
0.766482
0.766482
0.766482
0.766444
0.766383
0.76658
0.766383
0.766642
0.766605
0.766531
0.766617
0.766457
0.766407
0.766519
0.766321
0.766568
0.766383
0.766444
0.766494
0.76658
0.766259
0.76642
0.76637
0.766593
0.766444
0.766469
0.766519
0.766494
0.766691
0.766593
0.766494
0.766272
0.766519
0.766482
0.766494
0.766482
0.766321
0.766506
0.766407
0.766321
0.766457
0.766407
0.766482
0.766383
0.766494
0.766482
0.766407
0.766272
0.766482
0.766482
0.766691
0.766395
0.766296
0.76658
0.766556
0.766358
0.76658
0.766407
0.766407
0.766444
0.766173
0.766309
0.766543
0.76642
0.766432
0.76621
0.766346
0.766407
0.766272
0.766259
0.766222
0.76621
0.766358
0.766346
0.766444
0.766444
0.766519
0.766321
0.766457
0.76642
0.766309
0.766259
0.76642
0.766444
0.766457
0.766432
0.766346
0.76642
0.766358
0.766346
0.766432
0.766482
0.766482
0.766457
0.766494
0.766432
0.766383
0.766506
0.766383
0.766556
0.766593
0.766482
0.766346
0.766543
0.766333
0.766395
0.766519
0.766432
0.766432
0.76637
0.766531
0.76642
0.766543
0.766691
0.766432
0.766482
0.766482
0.766642
0.766716
0.766444
0.766482
0.766272
0.76658
0.766531
0.766444
0.766383
0.766086
0.766259
0.766123
0.766198
0.766704
0.766716
0.766383
0.766506
0.766531
0.766519
0.76658
0.766519
0.766395
0.766556
0.76642
0.76663
0.766654
0.76663
0.76658
0.766617
0.766296
0.766543
0.766457
0.766482
0.766469
0.766235
0.766519
0.766679
0.766407
0.766333
0.766284
0.766346
0.766444
0.766679
0.766803
0.766161
0.766136
0.766617
0.766395
0.766469
0.766383
0.76658
0.766432
0.76658
0.766457
0.766679
0.766506
0.766556
0.766494
0.766556
0.766543
0.766543
0.766482
0.766506
0.766407
0.766444
0.766531
0.766617
0.766407
0.766593
0.766346
0.766444
0.766852
0.766531
0.766482
0.766482
0.766358
0.766951
0.766543
0.766667
0.766815
0.766827
0.766704
0.76658
0.766543
0.766309
0.766506
0.766568
0.766568
0.76658
0.76637
0.766519
0.76637
0.766506
0.766519
0.76642
0.766519
0.766494
0.766469
0.766457
0.76642
0.766346
0.766506
0.766494
0.76642
0.76642
0.766284
0.766457
0.766457
0.766617
0.766272
0.766309
0.76637
0.766321
0.766321
0.766321
0.766469
0.766543
0.766469
0.766259
0.766321
0.766358
0.76642
0.766309
0.76642
0.766309
0.766383
0.766383
0.766296
0.766321
0.766395
0.766383
0.766346
0.766432
0.766593
0.766333
0.766407
0.766444
0.766296
0.766469
0.766457
0.766383
0.766333
0.766444
0.766432
0.766494
0.766432
0.766333
0.766395
0.766407
0.766309
0.766284
0.766333
0.766432
0.766383
0.766259
0.76637
0.766346
0.766395
0.76637
0.766321
0.766296
0.76621
0.766235
0.766296
0.766469
0.766519
0.766259
0.766185
0.766432
0.766284
0.766185
0.766284
0.766309
0.766296
0.76621
0.766321
0.766407
0.766383
0.766296
0.766296
0.766383
0.766519
0.766395
0.76637
0.766457
0.766407
0.766358
0.76637
0.766395
0.766432
0.766383
0.766259
0.766568
0.766407
0.766383
0.76621
0.76637
0.766346
0.766395
0.76658
0.76663
0.766728
0.766185
0.766556
0.76658
0.76658
0.766543
0.766432
0.766444
0.766284
0.766469
0.766543
0.766605
0.76637
0.766432
0.766457
