0.948433 0.970825 0.452459 1 0.58671 0.798889 0.714684 0.849302 0.980808 0.707556 0.574973 0.953297 1 0.74948 0.726407 0.755354 
0.806452 0.77765 0.502732 0.979849 0.564516 0.708889 0.761521 0.522791 0.77765 0.871111 1 0.615207 0.620968 0.99896 0.580645 0.723229 
0.991693 0.402908 1 0.987539 0.601297 0.779855 0.860852 0.846314 0.819315 0.868444 1 0.939772 0.536864 1 0.993939 0.99341 
0.873698 0.625755 0.626302 0.991184 0.574219 0.718889 0.644981 0.924651 0.834343 0.720052 0.902913 0.984375 0.734375 0.826823 0.498701 0.93575 
0.66633 0.443662 0.559563 0.579345 0.740681 0.772222 0.532528 0.662326 0.916162 0.718417 0.420712 0.971154 1 0.510395 0.605784 0.612026 
0.698397 0.661323 0.53507 0.520151 0.544088 0.988889 0.594796 0.419535 0.768687 0.997333 1 0.911824 0.755994 1 0.999134 0.992586 
1 0.420909 0.532727 0.7267 0.501818 0.713636 0.587361 0.766364 0.725455 0.919111 1 0.914545 0.659091 1 0.994805 1 
0.95657 0.816258 0.520219 0.939547 0.555679 0.982222 0.851301 0.86637 0.863029 0.648107 0.957929 0.948775 0.623608 0.952183 0.959307 0.957166 
0.601618 0.645551 0.462295 0.717884 0.536467 0.483333 0.486989 0.654884 0.922222 0.756444 0.457389 0.682692 1 0.840956 0.37316 0.706755 
0.528825 0.830377 0.998891 0.67184 0.966741 0.611111 0.586431 0.658605 0.99697 0.960889 1 0.506652 1 1 0.640798 0.703991 
0.597122 0.422405 1 0.987406 0.461459 0.572222 0.564126 0.757209 0.695786 0.971556 1 0.891059 1 1 0.955844 0.930807 
0.800725 0.507042 0.548634 0.997585 0.916667 0.426667 0.380112 0.865116 0.823672 0.676444 0.980583 0.958937 0.862319 0.997921 0.980952 0.911038 
0.863499 0.522133 0.463388 0.680101 0.288493 0.655556 0.776952 0.648372 0.937374 0.734222 0.385113 0.962912 1 0.99896 0.666667 0.578254 
0.661053 1 1 1 0.311183 0.975556 0.605948 0.64186 0.477895 0.992 1 0.902105 0.871579 1 0.997403 0.630972 
0.747212 0.503717 1 0.999071 0.465613 0.994444 0.530669 0.505116 0.495353 0.996283 1 0.519517 0.946097 1 1 0.943163 
0.998989 0.763968 0.813115 1 0.99886 1 1 1 0.980616 0.916444 1 0.940934 0.618016 1 0.961039 0.897035 
