9.25001e-05 7.86385e-05 0.0034735 6.03399e-05 0.00199302 0.000224196 0.000613532 0.000186345 6.51808e-05 0.000474507 0.000720492 8.08344e-05 1.98129e-05 0.00036179 0.000468605 0.000382444 
0.000311269 0.00030407 0.00124326 6.30744e-05 0.00114512 0.000298007 0.000357921 0.00258143 0.000334607 0.000156749 1.94705e-05 0.000688444 0.000753567 3.264e-05 0.00192975 0.000540144 
6.88926e-05 0.00411687 4.86002e-05 7.278e-05 0.00255688 0.000244057 0.000137097 0.000175313 0.000240778 0.000156724 2.63387e-05 0.000102885 0.00248187 2.23778e-05 3.37276e-05 5.99847e-05 
0.000139477 0.000664306 0.00108944 7.17267e-05 0.00201754 0.000297521 0.000511244 0.000122943 0.000300364 0.00078461 0.000182101 4.40073e-05 0.000399225 0.000285448 0.00122814 0.000110297 
0.000603818 0.00178901 0.00123867 0.00108808 0.000252231 0.000447081 0.000899292 0.00077613 0.000113793 0.000959449 0.00413563 6.77872e-05 3.14021e-05 0.0011044 0.00204354 0.000815865 
0.000760872 0.000790145 0.00107958 0.00310829 0.00224899 7.22934e-05 0.00199675 0.00174413 0.00045688 4.31506e-05 1.39316e-05 0.000128577 0.000300008 1.35182e-05 3.1897e-05 5.34455e-05 
6.35789e-05 0.00326085 0.000959684 0.00026899 0.00290228 0.000328611 0.000761085 0.000319665 0.000511109 0.000113884 1.68872e-05 0.000148655 0.000596689 1.54516e-05 2.23915e-05 5.77229e-05 
8.62334e-05 0.000195623 0.00326141 0.000109312 0.00216546 7.84142e-05 0.000163151 0.000151948 0.000218827 0.000681742 7.20169e-05 8.61254e-05 0.000616809 8.57313e-05 7.95138e-05 8.27443e-05 
0.000762062 0.00121348 0.00286061 0.000427518 0.00252082 0.00138325 0.00125678 0.000684779 0.000125772 0.000321332 0.00358678 0.000520067 2.25658e-05 0.0002454 0.00226113 0.000576964 
0.00253322 0.000215697 4.68169e-05 0.00110214 7.96887e-05 0.000838864 0.000823699 0.0010492 6.43645e-05 6.90356e-05 1.16263e-05 0.0028493 4.5616e-05 1.95184e-05 0.00107127 0.000794833 
0.00173577 0.00435135 4.33267e-05 9.22713e-05 0.00277002 0.00079177 0.000935824 0.000479786 0.000713586 6.12513e-05 5.58749e-06 0.000173923 6.05601e-05 2.46167e-05 6.25033e-05 0.00010815 
0.000315591 0.00112911 0.000951626 5.93658e-05 0.000114643 0.00451323 0.00248983 0.000158726 0.000312304 0.000607183 4.80277e-05 6.87459e-05 0.000202817 3.28183e-05 5.53899e-05 0.000120291 
0.000176476 0.00113591 0.00319773 0.000556777 0.00608259 0.000678962 0.000328756 0.000669157 9.86948e-05 0.000349484 0.00485959 7.01789e-05 7.94392e-06 5.59028e-05 0.000633701 0.00104614 
0.00127409 4.7855e-05 3.50885e-05 5.04585e-05 0.00754141 7.97045e-05 0.00175778 0.000686178 0.0026184 4.62677e-05 3.06573e-05 0.000140827 0.000210901 9.76398e-06 2.94694e-05 0.000885759 
0.000439444 0.0029623 3.46106e-05 5.46332e-05 0.00310617 5.27893e-05 0.0025404 0.00130993 0.00101866 5.04703e-05 1.92195e-05 0.00267747 0.000100172 1.13253e-05 1.59868e-05 9.20798e-05 
4.52247e-05 0.000416062 0.000295434 4.1093e-05 6.10137e-05 4.00058e-05 5.49592e-05 5.28508e-05 5.76008e-05 0.000117621 5.17576e-05 0.000102247 0.000704115 2.27126e-05 6.50307e-05 0.000126153 
