1 1 1 1 1 1 1 1 1 1 1 1 1 1 1 1 
0.9818 0.84507 0.998848 1 0.969206 0.761521 0.70632 0.746544 0.859596 1 1 1 0.744711 1 0.922944 1 
0.989889 0.873239 1 0.996222 0.530633 0.761111 1 0.860465 0.99596 1 1 1 1 1 1 1 
0.954499 0.761719 0.572678 0.998698 1 0.889323 0.898438 0.90625 0.929688 0.723556 0.998698 1 0.950635 0.932432 1 1 
1 0.736682 1 0.96347 1 1 1 1 1 0.768 0.844749 1 1 1 0.490043 0.902588 
0.989889 1 0.998907 0.541082 0.672609 1 0.657315 0.571142 0.825651 1 1 0.962912 0.840681 1 1 1 
1 0.974849 0.996721 0.999091 0.615883 1 0.738182 1 0.931313 0.99 1 1 1 1 1 0.994234 
0.957533 0.965795 0.691537 0.996659 0.662885 1 0.873051 0.866046 0.99899 0.753778 1 1 0.895628 1 1 1 
0.886878 0.944668 1 1 0.535445 1 1 1 1 0.9819 0.883861 1 1 1 1 1 
0.807887 0.974849 1 0.997481 1 1 0.578714 0.51663 1 1 1 1 1 1 0.935931 0.866557 
0.700708 0.657948 1 1 0.628849 0.658787 1 0.743063 0.979798 1 1 1 1 1 1 1 
0.903943 0.836957 0.810386 0.993703 0.998379 0.928744 0.835749 0.896135 0.819192 0.81401 1 1 1 1 1 1 
1 1 1 1 1 1 1 1 1 1 1 1 1 1 1 1 
0.977755 1 1 1 0.529474 0.997895 0.847368 0.935789 0.977778 1 1 1 1 1 1 1 
0.78362 1 1 1 0.734198 1 1 0.997212 0.825253 1 1 1 1 1 1 1 
1 0.987928 0.859749 1 1 1 1 1 0.993939 0.99886 1 0.969213 1 1 1 1 
