7.31539e-06 1.42525e-05 2.36664e-05 2.44633e-05 6.48467e-05 1.68885e-05 2.78085e-05 1.1004e-05 1.0928e-05 1.7039e-05 3.04662e-05 3.48593e-05 1.72655e-05 1.92556e-05 1.91531e-05 2.01222e-05 
7.03367e-05 0.000279602 5.62161e-05 4.44676e-05 6.61282e-05 0.000211248 0.000325165 0.000424312 0.000181282 1.72159e-05 1.88918e-05 4.11574e-05 0.000323577 2.7747e-05 0.000134197 3.15977e-05 
6.48482e-05 0.000196905 4.77906e-05 5.16848e-05 0.00237492 0.000190934 5.48159e-05 0.00016115 7.90447e-05 3.6811e-05 2.22253e-05 3.91567e-05 3.22575e-05 1.2668e-05 9.44288e-06 2.23156e-05 
9.83672e-05 0.000308222 0.000801298 5.90201e-05 4.1322e-05 0.000104747 9.31925e-05 9.65653e-05 8.29538e-05 0.000511725 3.60613e-05 2.67588e-05 0.00010959 0.000132009 2.62529e-05 3.65494e-05 
4.0331e-05 0.000322676 2.78103e-05 0.000109462 6.68233e-05 2.04982e-05 2.16769e-05 1.54093e-05 8.45092e-06 0.000318946 0.000260178 3.04873e-05 2.25685e-05 3.72813e-05 0.00113035 0.000166113 
5.37441e-05 4.77926e-05 3.96978e-05 0.00244657 0.00138786 5.20044e-05 0.000563706 0.000729673 0.000235264 2.58799e-05 8.09081e-06 7.05339e-05 0.000228706 1.14618e-05 1.7e-05 5.00814e-05 
5.29341e-05 9.7432e-05 5.45067e-05 6.72011e-05 0.00212372 4.59874e-05 0.000313822 6.24999e-05 0.000119772 5.02693e-05 6.48485e-06 2.73549e-05 2.80929e-05 1.16381e-05 1.75268e-05 4.52794e-05 
8.56028e-05 9.5836e-05 0.000543408 5.92875e-05 0.00162306 4.34806e-05 0.000120316 0.000142074 5.45268e-05 0.000410787 3.89386e-05 1.55966e-05 0.000179148 1.90155e-05 1.12688e-05 1.67151e-05 
0.000178784 0.000115662 2.9707e-05 2.73306e-05 0.00251605 1.72381e-05 1.68545e-05 1.39798e-05 1.00798e-05 5.52879e-05 0.000189806 8.09676e-05 2.22064e-05 1.70791e-05 4.21389e-05 2.6656e-05 
0.000438375 0.000100142 3.84374e-05 6.80224e-05 3.79041e-05 6.09235e-05 0.000564033 0.000795255 5.43524e-05 6.25193e-06 8.60167e-06 4.5435e-05 3.30324e-05 1.29251e-05 0.000102224 0.000179845 
0.000498394 0.000488269 3.85228e-05 5.18641e-05 0.00210995 0.000491756 5.01501e-05 0.000378927 7.84633e-05 1.65782e-05 5.18676e-06 2.52395e-05 2.70729e-05 1.96165e-05 1.01192e-05 4.29589e-05 
0.000135944 0.000232532 0.00031289 5.29099e-05 3.65269e-05 0.00010963 0.000220257 0.000132092 0.000281582 0.000263937 1.66162e-05 1.33643e-05 2.1521e-05 2.0082e-05 1.65284e-05 1.85236e-05 
1.92929e-05 1.97377e-05 2.13528e-05 3.20845e-05 5.07887e-05 2.78469e-05 1.70624e-05 1.41675e-05 9.66272e-06 1.52111e-05 3.17473e-05 2.71577e-05 7.03529e-06 2.04555e-05 2.03955e-05 1.71345e-05 
8.16983e-05 4.28949e-05 2.65369e-05 4.25223e-05 0.00256438 5.54327e-05 0.000253551 0.000127334 6.41651e-05 1.67602e-05 2.56994e-05 2.6492e-05 4.35608e-05 6.29184e-06 9.05895e-06 1.53796e-05 
0.000370304 4.57542e-05 2.99625e-05 4.53347e-05 0.00030804 4.06778e-05 3.51888e-05 5.27471e-05 0.000210186 4.84056e-05 1.22068e-05 2.58953e-05 1.84612e-05 7.99111e-06 6.25483e-06 2.34758e-05 
3.77412e-05 6.82435e-05 0.000206116 3.87491e-05 3.76984e-05 2.90886e-05 4.19183e-05 3.33658e-05 5.69742e-05 5.02824e-05 3.24961e-05 5.75375e-05 4.07417e-05 1.34514e-05 1.05143e-05 7.7795e-06 
