1 1 1 1 1 1 1 1 1 1 1 1 1 1 1 1 
0.806452 0.77765 0.998848 1 0.564516 0.761521 0.761521 0.746544 0.77765 1 1 0.615207 0.620968 1 0.580645 1 
0.991693 0.402908 1 0.987539 0.530633 0.779855 0.860852 0.846314 0.819315 1 1 0.939772 0.536864 1 1 1 
0.873698 0.761719 0.626302 0.998698 0.574219 0.889323 0.898438 0.90625 0.929688 0.720052 0.998698 0.984375 0.734375 0.826823 1 1 
1 0.736682 1 0.96347 1 1 1 1 1 0.718417 0.844749 1 1 1 0.605784 0.902588 
0.698397 0.661323 0.53507 0.541082 0.544088 1 0.657315 0.571142 0.825651 1 1 0.911824 0.840681 1 1 1 
1 0.420909 0.532727 0.999091 0.501818 0.713636 0.738182 0.766364 0.725455 0.99 1 0.914545 0.659091 1 1 1 
0.95657 0.816258 0.691537 0.996659 0.555679 1 0.873051 0.86637 0.863029 0.648107 1 0.948775 0.623608 1 1 1 
0.886878 0.645551 1 1 0.535445 1 1 1 1 0.9819 0.883861 1 1 1 1 1 
0.528825 0.830377 0.998891 0.67184 0.966741 1 0.578714 0.51663 1 1 1 0.506652 1 1 0.640798 0.703991 
0.597122 0.422405 1 1 0.461459 0.658787 1 0.743063 0.695786 1 1 0.891059 1 1 1 1 
0.800725 0.836957 0.810386 0.997585 0.916667 0.928744 0.835749 0.896135 0.823672 0.81401 1 0.958937 0.862319 1 1 1 
1 1 1 1 1 1 1 1 1 1 1 1 1 1 1 1 
0.661053 1 1 1 0.529474 0.997895 0.847368 0.935789 0.477895 1 1 0.902105 0.871579 1 1 1 
0.747212 0.503717 1 0.999071 0.465613 1 1 0.997212 0.495353 0.996283 1 0.519517 0.946097 1 1 1 
1 0.763968 0.859749 1 0.99886 1 1 1 0.980616 0.99886 1 0.969213 0.618016 1 1 1 
