0.948433 0.970825 0.452459 1 0.58671 0.798889 0.714684 0.849302 0.980808 0.707556 0.574973 0.953297 1 0.74948 0.726407 0.755354 
0.9818 0.84507 0.502732 0.979849 0.969206 0.708889 0.70632 0.522791 0.859596 0.871111 1 1 0.744711 0.99896 0.922944 0.723229 
0.989889 0.873239 1 0.996222 0.601297 0.761111 1 0.860465 0.99596 0.868444 1 1 1 1 0.993939 0.99341 
0.954499 0.625755 0.572678 0.991184 1 0.718889 0.644981 0.924651 0.834343 0.723556 0.902913 1 0.950635 0.932432 0.498701 0.93575 
0.66633 0.443662 0.559563 0.579345 0.740681 0.772222 0.532528 0.662326 0.916162 0.768 0.420712 0.971154 1 0.510395 0.490043 0.612026 
0.989889 1 0.998907 0.520151 0.672609 0.988889 0.594796 0.419535 0.768687 0.997333 1 0.962912 0.755994 1 0.999134 0.992586 
1 0.974849 0.996721 0.7267 0.615883 1 0.587361 1 0.931313 0.919111 1 1 1 1 0.994805 0.994234 
0.957533 0.965795 0.520219 0.939547 0.662885 0.982222 0.851301 0.866046 0.99899 0.753778 0.957929 1 0.895628 0.952183 0.959307 0.957166 
0.601618 0.944668 0.462295 0.717884 0.536467 0.483333 0.486989 0.654884 0.922222 0.756444 0.457389 0.682692 1 0.840956 0.37316 0.706755 
0.807887 0.974849 1 0.997481 1 0.611111 0.586431 0.658605 0.99697 0.960889 1 1 1 1 0.935931 0.866557 
0.700708 0.657948 1 0.987406 0.628849 0.572222 0.564126 0.757209 0.979798 0.971556 1 1 1 1 0.955844 0.930807 
0.903943 0.507042 0.548634 0.993703 0.998379 0.426667 0.380112 0.865116 0.819192 0.676444 0.980583 1 1 0.997921 0.980952 0.911038 
0.863499 0.522133 0.463388 0.680101 0.288493 0.655556 0.776952 0.648372 0.937374 0.734222 0.385113 0.962912 1 0.99896 0.666667 0.578254 
0.977755 1 1 1 0.311183 0.975556 0.605948 0.64186 0.977778 0.992 1 1 1 1 0.997403 0.630972 
0.78362 1 1 1 0.734198 0.994444 0.530669 0.505116 0.825253 1 1 1 1 1 1 0.943163 
0.998989 0.987928 0.813115 1 1 1 1 1 0.993939 0.916444 1 0.940934 1 1 0.961039 0.897035 
