9.25001e-05 7.86385e-05 0.0034735 6.03399e-05 0.00199302 0.000224196 0.000613532 0.000186345 6.51808e-05 0.000474507 0.000720492 8.08344e-05 1.98129e-05 0.00036179 0.000468605 0.000382444 
7.03367e-05 0.000279602 0.00124326 6.30744e-05 6.61282e-05 0.000298007 0.000325165 0.00258143 0.000181282 0.000156749 1.94705e-05 4.11574e-05 0.000323577 3.264e-05 0.000134197 0.000540144 
6.48482e-05 0.000196905 4.77906e-05 5.16848e-05 0.00255688 0.000190934 5.48159e-05 0.00016115 7.90447e-05 0.000156724 2.63387e-05 3.91567e-05 3.22575e-05 2.23778e-05 3.37276e-05 5.99847e-05 
9.83672e-05 0.000664306 0.000801298 7.17267e-05 4.1322e-05 0.000297521 0.000511244 0.000122943 0.000300364 0.000511725 0.000182101 2.67588e-05 0.00010959 0.000132009 0.00122814 0.000110297 
0.000603818 0.00178901 0.00123867 0.00108808 0.000252231 0.000447081 0.000899292 0.00077613 0.000113793 0.000318946 0.00413563 6.77872e-05 3.14021e-05 0.0011044 0.00113035 0.000815865 
5.37441e-05 4.77926e-05 3.96978e-05 0.00310829 0.00138786 7.22934e-05 0.00199675 0.00174413 0.00045688 4.31506e-05 8.09081e-06 7.05339e-05 0.000300008 1.14618e-05 3.1897e-05 5.34455e-05 
5.29341e-05 9.7432e-05 5.45067e-05 0.00026899 0.00212372 4.59874e-05 0.000761085 6.24999e-05 0.000119772 0.000113884 6.48485e-06 2.73549e-05 2.80929e-05 1.16381e-05 2.23915e-05 4.52794e-05 
8.56028e-05 9.5836e-05 0.00326141 0.000109312 0.00162306 7.84142e-05 0.000163151 0.000142074 5.45268e-05 0.000410787 7.20169e-05 1.55966e-05 0.000179148 8.57313e-05 7.95138e-05 8.27443e-05 
0.000762062 0.000115662 0.00286061 0.000427518 0.00252082 0.00138325 0.00125678 0.000684779 0.000125772 0.000321332 0.00358678 0.000520067 2.25658e-05 0.0002454 0.00226113 0.000576964 
0.000438375 0.000100142 3.84374e-05 6.80224e-05 3.79041e-05 0.000838864 0.000823699 0.0010492 6.43645e-05 6.90356e-05 1.16263e-05 4.5435e-05 3.30324e-05 1.95184e-05 0.000102224 0.000179845 
0.000498394 0.000488269 3.85228e-05 9.22713e-05 0.00210995 0.00079177 0.000935824 0.000479786 7.84633e-05 6.12513e-05 5.18676e-06 2.52395e-05 2.70729e-05 2.46167e-05 6.25033e-05 0.00010815 
0.000135944 0.00112911 0.000951626 5.29099e-05 3.65269e-05 0.00451323 0.00248983 0.000158726 0.000281582 0.000607183 4.80277e-05 1.33643e-05 2.1521e-05 3.28183e-05 5.53899e-05 0.000120291 
0.000176476 0.00113591 0.00319773 0.000556777 0.00608259 0.000678962 0.000328756 0.000669157 9.86948e-05 0.000349484 0.00485959 7.01789e-05 7.94392e-06 5.59028e-05 0.000633701 0.00104614 
8.16983e-05 4.7855e-05 3.50885e-05 4.25223e-05 0.00754141 7.97045e-05 0.00175778 0.000686178 6.41651e-05 4.62677e-05 3.06573e-05 2.6492e-05 4.35608e-05 9.76398e-06 2.94694e-05 0.000885759 
0.000370304 4.57542e-05 3.46106e-05 4.53347e-05 0.00030804 5.27893e-05 0.0025404 0.00130993 0.000210186 4.84056e-05 1.22068e-05 2.58953e-05 1.84612e-05 7.99111e-06 1.59868e-05 9.20798e-05 
4.52247e-05 6.82435e-05 0.000295434 4.1093e-05 3.76984e-05 4.00058e-05 5.49592e-05 5.28508e-05 5.69742e-05 0.000117621 5.17576e-05 0.000102247 4.07417e-05 2.27126e-05 6.50307e-05 0.000126153 
