7.31539e-06 1.42525e-05 2.36664e-05 2.44633e-05 6.48467e-05 1.68885e-05 2.78085e-05 1.1004e-05 1.0928e-05 1.7039e-05 3.04662e-05 3.48593e-05 1.72655e-05 1.92556e-05 1.91531e-05 2.01222e-05 
0.000311269 0.00030407 5.62161e-05 4.44676e-05 0.00114512 0.000211248 0.000357921 0.000424312 0.000334607 1.72159e-05 1.88918e-05 0.000688444 0.000753567 2.7747e-05 0.00192975 3.15977e-05 
6.88926e-05 0.00411687 4.86002e-05 7.278e-05 0.00237492 0.000244057 0.000137097 0.000175313 0.000240778 3.6811e-05 2.22253e-05 0.000102885 0.00248187 1.2668e-05 9.44288e-06 2.23156e-05 
0.000139477 0.000308222 0.00108944 5.90201e-05 0.00201754 0.000104747 9.31925e-05 9.65653e-05 8.29538e-05 0.00078461 3.60613e-05 4.40073e-05 0.000399225 0.000285448 2.62529e-05 3.65494e-05 
4.0331e-05 0.000322676 2.78103e-05 0.000109462 6.68233e-05 2.04982e-05 2.16769e-05 1.54093e-05 8.45092e-06 0.000959449 0.000260178 3.04873e-05 2.25685e-05 3.72813e-05 0.00204354 0.000166113 
0.000760872 0.000790145 0.00107958 0.00244657 0.00224899 5.20044e-05 0.000563706 0.000729673 0.000235264 2.58799e-05 1.39316e-05 0.000128577 0.000228706 1.35182e-05 1.7e-05 5.00814e-05 
6.35789e-05 0.00326085 0.000959684 6.72011e-05 0.00290228 0.000328611 0.000313822 0.000319665 0.000511109 5.02693e-05 1.68872e-05 0.000148655 0.000596689 1.54516e-05 1.75268e-05 5.77229e-05 
8.62334e-05 0.000195623 0.000543408 5.92875e-05 0.00216546 4.34806e-05 0.000120316 0.000151948 0.000218827 0.000681742 3.89386e-05 8.61254e-05 0.000616809 1.90155e-05 1.12688e-05 1.67151e-05 
0.000178784 0.00121348 2.9707e-05 2.73306e-05 0.00251605 1.72381e-05 1.68545e-05 1.39798e-05 1.00798e-05 5.52879e-05 0.000189806 8.09676e-05 2.22064e-05 1.70791e-05 4.21389e-05 2.6656e-05 
0.00253322 0.000215697 4.68169e-05 0.00110214 7.96887e-05 6.09235e-05 0.000564033 0.000795255 5.43524e-05 6.25193e-06 8.60167e-06 0.0028493 4.5616e-05 1.29251e-05 0.00107127 0.000794833 
0.00173577 0.00435135 4.33267e-05 5.18641e-05 0.00277002 0.000491756 5.01501e-05 0.000378927 0.000713586 1.65782e-05 5.58749e-06 0.000173923 6.05601e-05 1.96165e-05 1.01192e-05 4.29589e-05 
0.000315591 0.000232532 0.00031289 5.93658e-05 0.000114643 0.00010963 0.000220257 0.000132092 0.000312304 0.000263937 1.66162e-05 6.87459e-05 0.000202817 2.0082e-05 1.65284e-05 1.85236e-05 
1.92929e-05 1.97377e-05 2.13528e-05 3.20845e-05 5.07887e-05 2.78469e-05 1.70624e-05 1.41675e-05 9.66272e-06 1.52111e-05 3.17473e-05 2.71577e-05 7.03529e-06 2.04555e-05 2.03955e-05 1.71345e-05 
0.00127409 4.28949e-05 2.65369e-05 5.04585e-05 0.00256438 5.54327e-05 0.000253551 0.000127334 0.0026184 1.67602e-05 2.56994e-05 0.000140827 0.000210901 6.29184e-06 9.05895e-06 1.53796e-05 
0.000439444 0.0029623 2.99625e-05 5.46332e-05 0.00310617 4.06778e-05 3.51888e-05 5.27471e-05 0.00101866 5.04703e-05 1.92195e-05 0.00267747 0.000100172 1.13253e-05 6.25483e-06 2.34758e-05 
3.77412e-05 0.000416062 0.000206116 3.87491e-05 6.10137e-05 2.90886e-05 4.19183e-05 3.33658e-05 5.76008e-05 5.02824e-05 3.24961e-05 5.75375e-05 0.000704115 1.34514e-05 1.05143e-05 7.7795e-06 
