2.67832e-15
2.18522e-15
2.20916e-15
3.56551e-15
2.91263e-15
2.86334e-15
2.27693e-15
2.32149e-15
2.29284e-15
2.34104e-15
2.3644e-15
3.05799e-15
2.72689e-15
3.056e-15
3.09725e-15
2.42131e-15
2.38525e-15
2.43415e-15
3.12863e-15
2.43059e-15
2.4727e-15
2.18321e-15
2.55337e-15
2.54407e-15
2.27118e-15
3.77117e-15
3.00845e-15
3.83936e-15
2.28881e-15
2.6319e-15
3.05218e-15
2.72596e-15
2.7813e-15
2.75657e-15
4.08423e-15
2.82536e-15
3.65029e-15
2.87473e-15
3.6534e-15
4.57461e-15
2.81361e-15
2.84731e-15
3.68424e-15
